  88 225  76   -1722.989
     0.217     0.000     0.157     0.000
     0.256     0.000     0.175     0.819
     0.294     0.000     0.170     1.821
     0.332     0.000     0.210     2.845
     0.371     0.000     0.198     3.810
     0.411     0.000     0.169     4.038
     0.460     0.000     0.129     4.178
     0.503     0.000     0.125     3.618
     0.546     0.000     0.154     2.959
     0.589     0.000     0.167     2.638
     0.631     0.000     0.207     2.304
     0.676     0.000     0.283     2.128
     0.716     0.000     0.334     2.165
     0.755     0.000     0.407     2.325
     0.797     0.000     0.518     2.588
     0.837     0.000     0.612     2.784
     0.875     0.000     0.679     3.044
     0.912     0.000     0.764     3.782
     0.947     0.000     0.820     4.412
     1.007    -0.165     0.903     5.613
     1.042    -0.186     0.936     6.296
     1.076    -0.343     1.019     6.792
     1.107    -0.361     1.066     7.022
     1.136    -0.375     1.114     7.117
     1.167    -0.393     1.159     7.317
     1.200    -0.418     1.203     7.285
     1.229    -0.437     1.238     7.521
     1.257    -0.454     1.272     7.638
     1.291    -0.477     1.320     7.529
     1.328    -0.588     1.456     7.686
     1.359    -0.603     1.523     7.497
     1.390    -0.627     1.587     7.387
     1.421    -0.545     1.608     7.331
     1.451    -0.554     1.669     7.059
     1.487    -0.679     1.794     7.040
     1.522    -0.698     1.868     7.137
     1.558    -0.714     1.946     7.175
     1.598    -0.729     2.039     7.036
     1.638    -0.753     2.108     7.242
     1.680    -0.775     2.182     7.392
     1.723    -0.799     2.258     7.519
     1.765    -0.821     2.353     7.734
     1.810    -0.838     2.475     7.861
     1.856    -0.856     2.602     8.050
     1.900    -0.881     2.719     8.282
     1.946    -0.905     2.823     8.360
     1.989    -0.920     2.925     8.721
     2.031    -0.944     3.034     8.881
     2.071    -0.972     3.108     9.120
     2.111    -1.001     3.200     9.149
     2.148    -1.031     3.282     9.279
     2.188    -1.059     3.367     9.475
     2.227    -1.085     3.476     9.583
     2.264    -1.110     3.572     9.725
     2.304    -1.150     3.706     9.515
     2.344    -1.187     3.809     9.398
     2.382    -1.220     3.890     9.557
     2.421    -1.245     3.967     9.539
     2.458    -1.258     4.031     9.330
     2.493    -1.286     4.134     9.340
     2.528    -1.308     4.262     9.151
     2.562    -1.331     4.385     9.091
     2.593    -1.350     4.495     9.005
     2.621    -1.366     4.595     8.978
     2.656    -1.424     4.714     8.799
     2.687    -1.463     4.809     8.784
     2.718    -1.512     4.956     8.490
     2.746    -1.549     5.063     8.438
     2.771    -1.577     5.167     8.281
     2.793    -1.415     5.030     9.239
     2.813    -1.421     5.011     9.403
     2.862    -1.462     4.966     9.220
     2.889    -1.407     4.782     4.925
     2.924    -1.377     4.624     0.913
     2.963    -1.344     4.656     1.116
     2.979    -1.417     4.770     0.000
  88 226  79   -1729.319
     0.224     0.000     0.153     0.000
     0.261     0.000     0.174     0.790
     0.299     0.000     0.205     1.931
     0.336     0.000     0.190     3.064
     0.374     0.000     0.182     4.076
     0.414     0.000     0.166     4.427
     2.948    -1.658     5.401     8.628
     0.455     0.000     0.127     4.253
     0.496     0.000     0.115     4.045
     0.537     0.000     0.126     3.663
     0.579     0.000     0.159     3.104
     0.620     0.000     0.186     2.680
     0.661     0.000     0.254     2.279
     0.702     0.000     0.321     2.184
     0.741     0.000     0.376     2.296
     0.779     0.000     0.463     2.494
     0.816     0.000     0.528     2.733
     0.853     0.000     0.629     2.867
     0.890     0.000     0.699     3.153
     0.923     0.000     0.777     3.670
     0.957     0.000     0.808     4.274
     0.985     0.000     0.896     4.953
     1.030    -0.182     0.906     6.207
     1.066    -0.336     1.006     6.685
     1.097    -0.357     1.039     6.956
     1.127    -0.378     1.070     7.152
     1.162    -0.400     1.113     7.340
     1.193    -0.418     1.160     7.399
     1.223    -0.435     1.207     7.411
     1.253    -0.452     1.254     7.478
     1.282    -0.467     1.297     7.530
     1.313    -0.486     1.354     7.499
     1.344    -0.505     1.416     7.378
     1.378    -0.528     1.489     7.238
     1.408    -0.542     1.540     7.316
     1.441    -0.570     1.619     7.078
     1.475    -0.666     1.778     7.010
     1.512    -0.685     1.848     6.992
     1.548    -0.704     1.922     6.996
     1.586    -0.728     1.996     7.159
     1.628    -0.749     2.086     7.167
     1.669    -0.770     2.169     7.367
     1.713    -0.795     2.270     7.520
     1.757    -0.822     2.376     7.721
     1.802    -0.840     2.452     7.892
     1.847    -0.865     2.539     8.085
     1.894    -0.894     2.652     8.219
     1.939    -0.920     2.751     8.468
     1.983    -0.945     2.857     8.574
     2.026    -0.971     2.964     8.643
     2.069    -0.995     3.073     8.732
     2.109    -1.020     3.183     8.826
     2.146    -1.040     3.274     9.002
     2.183    -1.065     3.378     8.977
     2.221    -1.090     3.486     9.014
     2.261    -1.117     3.595     9.063
     2.301    -1.146     3.712     9.068
     2.340    -1.173     3.819     9.089
     2.379    -1.203     3.932     9.173
     2.419    -1.237     4.053     9.133
     2.454    -1.266     4.155     9.145
     2.487    -1.293     4.251     9.137
     2.523    -1.326     4.368     9.050
     2.556    -1.357     4.483     9.145
     2.588    -1.388     4.591     9.035
     2.617    -1.414     4.692     8.944
     2.642    -1.438     4.774     8.867
     2.674    -1.464     4.854     8.716
     2.703    -1.484     4.923     8.674
     2.730    -1.498     4.979     8.558
     2.754    -1.509     5.032     8.484
     2.775    -1.519     5.080     8.375
     2.792    -1.526     5.119     8.389
     2.826    -1.686     5.476     8.435
     2.860    -1.637     5.402     8.483
     2.988    -1.632     5.324     4.384
     3.019    -1.653     5.292     2.164
     3.036    -1.619     5.217     0.694
     3.053    -1.422     5.105     0.000
  88 227  72   -1734.467
     0.230     0.000     0.147     0.000
     0.267     0.000     0.178     0.703
     0.305     0.000     0.200     1.704
     0.342     0.000     0.214     2.533
     0.379     0.000     0.200     3.663
     0.418     0.000     0.214     4.248
     0.462     0.000     0.131     4.047
     0.506     0.000     0.145     3.857
     0.550     0.000     0.139     3.331
     0.594     0.000     0.191     2.923
     0.636     0.000     0.248     2.549
     0.678     0.000     0.276     2.274
     0.719     0.000     0.348     1.910
     0.759     0.000     0.428     2.106
     0.801     0.000     0.498     2.194
     0.841     0.000     0.588     2.253
     0.880     0.000     0.672     2.394
     0.920     0.000     0.742     2.830
     0.958     0.000     0.832     3.614
     1.018    -0.172     0.935     5.469
     1.062    -0.329     1.018     6.397
     1.094    -0.352     1.059     6.753
     1.125    -0.374     1.097     6.974
     1.163    -0.398     1.149     7.064
     1.202    -0.421     1.210     7.246
     1.241    -0.445     1.269     7.271
     1.275    -0.464     1.311     7.355
     1.309    -0.488     1.373     7.181
     1.346    -0.506     1.432     7.259
     1.384    -0.540     1.521     6.723
     1.422    -0.559     1.581     6.601
     1.459    -0.574     1.644     6.614
     1.499    -0.577     1.727     6.723
     1.536    -0.700     1.864     6.951
     1.577    -0.731     1.956     6.983
     1.617    -0.748     2.046     6.994
     1.657    -0.764     2.138     7.061
     1.698    -0.790     2.228     7.355
     1.740    -0.804     2.327     7.404
     1.782    -0.831     2.408     7.698
     1.829    -0.854     2.510     7.716
     1.874    -0.882     2.604     7.960
     1.917    -0.905     2.719     8.071
     1.963    -0.913     2.851     8.061
     2.007    -0.941     2.975     8.226
     2.050    -0.967     3.069     8.327
     2.095    -0.999     3.174     8.394
     2.138    -1.030     3.281     8.431
     2.180    -1.056     3.394     8.536
     2.220    -1.079     3.515     8.568
     2.261    -1.105     3.643     8.578
     2.299    -1.126     3.754     8.717
     2.340    -1.155     3.872     8.635
     2.379    -1.181     3.980     8.681
     2.416    -1.203     4.082     8.669
     2.455    -1.232     4.184     8.666
     2.493    -1.304     4.316     8.726
     2.528    -1.343     4.441     8.602
     2.562    -1.380     4.572     8.579
     2.593    -1.412     4.687     8.544
     2.619    -1.427     4.764     8.621
     2.651    -1.466     4.903     8.548
     2.681    -1.492     5.004     8.513
     2.708    -1.517     5.112     8.454
     2.734    -1.551     5.215     8.275
     2.756    -1.561     5.260     8.279
     2.775    -1.572     5.306     8.217
     2.790    -1.583     5.350     8.166
     2.818    -1.600     5.415     8.002
     2.845    -1.606     5.466     7.932
     2.870    -1.492     5.199     8.306
     2.877     0.000     8.848     0.000
  88 228  73   -1740.748
     0.232     0.000     0.157     0.000
     0.269     0.000     0.181     0.605
     0.304     0.000     0.202     1.608
     0.340     0.000     0.203     2.796
     0.376     0.000     0.209     3.879
     0.418     0.000     0.153     4.378
     0.459     0.000     0.138     4.542
     0.500     0.000     0.136     4.501
     0.543     0.000     0.139     4.164
     0.590     0.000     0.170     3.642
     0.635     0.000     0.223     3.070
     0.677     0.000     0.258     2.622
     0.718     0.000     0.338     2.376
     0.759     0.000     0.414     2.215
     0.803     0.000     0.509     2.159
     0.844     0.000     0.612     2.210
     0.885     0.000     0.699     2.493
     0.923     0.000     0.768     3.091
     0.957     0.000     0.811     3.793
     1.006    -0.161     0.913     5.168
     1.035    -0.170     0.966     5.773
     1.065    -0.182     1.020     6.358
     1.098    -0.346     1.104     6.936
     1.126    -0.367     1.148     7.230
     1.155    -0.389     1.195     7.468
     1.184    -0.411     1.239     7.653
     1.215    -0.435     1.286     7.702
     1.247    -0.454     1.321     7.660
     1.278    -0.469     1.356     7.592
     1.307    -0.482     1.392     7.449
     1.335    -0.494     1.427     7.372
     1.364    -0.509     1.474     7.209
     1.392    -0.525     1.538     7.054
     1.421    -0.538     1.596     6.991
     1.453    -0.548     1.659     6.980
     1.487    -0.566     1.736     6.966
     1.527    -0.678     1.838     7.005
     1.566    -0.701     1.929     7.013
     1.605    -0.726     2.023     7.186
     1.647    -0.749     2.127     7.204
     1.688    -0.772     2.218     7.398
     1.731    -0.795     2.320     7.498
     1.772    -0.820     2.411     7.710
     1.817    -0.846     2.497     7.923
     1.864    -0.876     2.593     8.098
     1.912    -0.909     2.702     8.132
     1.957    -0.935     2.819     8.187
     2.001    -0.960     2.936     8.396
     2.044    -0.990     3.073     8.354
     2.086    -1.015     3.154     8.471
     2.131    -1.047     3.265     8.425
     2.173    -1.083     3.383     8.456
     2.213    -1.106     3.487     8.478
     2.254    -1.129     3.608     8.380
     2.292    -1.149     3.721     8.454
     2.332    -1.173     3.845     8.473
     2.371    -1.198     3.952     8.510
     2.409    -1.223     4.060     8.572
     2.446    -1.247     4.159     8.589
     2.484    -1.279     4.263     8.613
     2.521    -1.315     4.370     8.785
     2.556    -1.345     4.461     8.820
     2.589    -1.383     4.575     8.711
     2.618    -1.394     4.652     8.863
     2.646    -1.419     4.766     8.740
     2.670    -1.444     4.874     8.662
     2.692    -1.469     4.978     8.492
     2.710    -1.484     5.052     8.449
     2.725    -1.496     5.114     8.468
     2.751    -1.519     5.194     8.395
     2.777    -1.450     4.959     8.780
     2.829    -1.184     4.439     8.155
     2.796     0.000     8.643     0.000
