  93 233  84   -1766.618
     0.280     0.000     0.183     0.000
     0.309     0.000     0.205     0.546
     0.337     0.000     0.208     1.390
     0.366     0.000     0.203     2.306
     0.394     0.000     0.198     3.024
     0.423     0.000     0.180     3.672
     0.453     0.000     0.140     4.051
     0.484     0.000     0.116     4.258
     0.515     0.000     0.138     4.222
     0.546     0.000     0.142     4.096
     0.577     0.000     0.157     3.689
     0.609     0.000     0.170     3.415
     0.640     0.000     0.224     2.956
     0.671     0.000     0.240     2.651
     0.701     0.000     0.282     2.447
     0.732     0.000     0.323     2.350
     0.763     0.000     0.384     2.140
     0.895    -0.119     0.649     2.268
     0.926    -0.142     0.700     2.515
     0.958    -0.234     0.830     3.609
     0.987    -0.262     1.016     5.818
     1.018    -0.280     1.074     5.841
     1.048    -0.309     1.142     6.045
     1.073    -0.338     1.198     6.320
     1.094    -0.361     1.249     6.409
     1.115    -0.381     1.293     6.445
     1.134    -0.400     1.333     6.437
     1.151    -0.422     1.360     6.316
     1.168    -0.442     1.383     6.230
     1.184    -0.459     1.404     6.150
     1.200    -0.477     1.422     6.065
     1.218    -0.492     1.441     5.696
     1.237    -0.506     1.447     5.463
     1.260    -0.527     1.470     5.404
     1.282    -0.563     1.506     5.625
     1.303    -0.550     1.520     5.123
     1.323    -0.557     1.535     4.821
     1.339    -0.566     1.557     4.714
     1.355    -0.574     1.580     4.546
     1.370    -0.592     1.605     4.593
     1.390    -0.596     1.636     4.367
     1.410    -0.611     1.672     4.337
     1.439    -0.630     1.731     4.172
     1.466    -0.651     1.795     4.009
     1.494    -0.669     1.853     3.854
     1.521    -0.687     1.910     3.801
     1.546    -0.705     1.962     3.737
     1.577    -0.722     2.031     3.583
     1.609    -0.740     2.102     3.452
     1.640    -0.756     2.171     3.422
     1.673    -0.777     2.259     3.329
     1.703    -0.787     2.323     3.182
     1.736    -0.794     2.394     3.012
     1.770    -0.803     2.473     2.839
     1.876    -0.849     2.716     2.538
     1.912    -0.871     2.785     2.223
     1.947    -0.896     2.857     2.099
     1.981    -0.917     2.940     1.938
     2.015    -0.937     3.031     1.857
     2.053    -0.958     3.149     1.734
     2.089    -0.980     3.268     1.757
     2.125    -0.998     3.365     1.632
     2.162    -1.015     3.460     1.522
     2.198    -1.033     3.556     1.362
     2.233    -1.049     3.648     1.234
     2.270    -1.068     3.750     1.120
     2.307    -1.086     3.851     1.073
     2.343    -1.104     3.949     0.951
     2.375    -1.120     4.040     0.931
     2.405    -1.136     4.123     0.840
     2.437    -1.151     4.211     0.670
     2.466    -1.165     4.291     0.631
     2.495    -1.179     4.371     0.622
     2.525    -1.191     4.464     0.572
     2.555    -1.200     4.565     0.512
     2.587    -1.211     4.678     0.419
     2.617    -1.221     4.784     0.447
     2.645    -1.229     4.885     0.423
     2.671    -1.237     4.980     0.337
     2.695    -1.270     5.089     0.401
     2.717    -1.282     5.175     0.334
     2.743    -1.294     5.279     0.389
     2.769    -1.306     5.379     0.434
     2.785    -1.339     5.362     0.000
  93 234  76   -1772.494
     0.303     0.000     0.190     0.000
     0.331     0.000     0.195     0.579
     0.359     0.000     0.186     1.387
     0.388     0.000     0.201     2.327
     0.416     0.000     0.196     2.994
     0.446     0.000     0.157     3.629
     0.476     0.000     0.151     4.073
     0.506     0.000     0.150     4.086
     0.537     0.000     0.159     4.040
     0.568     0.000     0.182     3.904
     0.600     0.000     0.200     3.295
     0.632     0.000     0.204     3.015
     0.664     0.000     0.234     2.487
     0.695     0.000     0.270     2.217
     0.725     0.000     0.290     2.143
     0.756     0.000     0.383     1.760
     0.786     0.000     0.409     1.657
     0.817     0.000     0.464     1.603
     0.847     0.000     0.579     1.188
     0.878     0.000     0.646     0.992
     0.906     0.000     0.673     1.080
     0.935     0.000     0.712     1.415
     0.964     0.000     0.789     1.755
     0.990     0.000     0.836     2.191
     1.014     0.000     0.908     2.803
     1.041     0.000     0.918     3.168
     1.066     0.000     0.967     3.585
     1.107    -0.198     1.033     4.258
     1.133    -0.337     1.164     4.590
     1.155    -0.354     1.194     4.711
     1.185    -0.371     1.254     4.427
     1.207    -0.387     1.287     4.364
     1.235    -0.405     1.327     4.343
     1.263    -0.421     1.361     4.330
     1.290    -0.436     1.396     4.444
     1.318    -0.454     1.441     4.185
     1.342    -0.468     1.470     4.080
     1.365    -0.482     1.500     4.002
     1.387    -0.495     1.531     3.861
     1.406    -0.503     1.557     3.852
     1.428    -0.514     1.605     3.870
     1.456    -0.525     1.662     3.857
     1.484    -0.530     1.732     3.399
     1.512    -0.547     1.797     3.392
     1.543    -0.572     1.872     3.274
     1.572    -0.592     1.933     3.207
     1.600    -0.608     1.989     3.144
     1.633    -0.735     2.154     3.021
     1.665    -0.753     2.229     2.978
     1.697    -0.767     2.292     2.836
     1.730    -0.781     2.354     2.721
     1.764    -0.798     2.423     2.521
     1.797    -0.815     2.495     2.353
     1.899    -0.882     2.705     2.034
     1.933    -0.903     2.785     1.872
     1.966    -0.922     2.866     1.726
     1.998    -0.941     2.945     1.612
     2.030    -0.961     3.041     1.457
     2.063    -0.980     3.125     1.384
     2.097    -0.997     3.229     1.211
     2.128    -1.013     3.320     1.152
     2.158    -1.028     3.415     1.029
     2.189    -1.031     3.516     0.932
     2.223    -1.050     3.609     0.846
     2.256    -1.074     3.696     0.685
     2.285    -1.084     3.777     0.664
     2.315    -1.100     3.856     0.620
     2.342    -1.114     3.927     0.552
     2.367    -1.126     3.991     0.502
     2.391    -1.141     4.046     0.449
     2.420    -1.148     4.110     0.328
     2.447    -1.147     4.172     0.374
     2.477    -1.165     4.261     0.376
     2.506    -1.184     4.383     0.178
     2.532    -1.200     4.477     0.141
     2.588    -1.228     4.675     0.000
  93 235  86   -1780.016
     0.271     0.000     0.175     0.000
     0.300     0.000     0.187     0.326
     0.328     0.000     0.202     1.121
     0.355     0.000     0.205     2.111
     0.384     0.000     0.199     2.964
     0.413     0.000     0.210     3.955
     0.442     0.000     0.212     4.755
     0.471     0.000     0.152     5.077
     0.502     0.000     0.133     5.168
     0.532     0.000     0.136     5.108
     0.564     0.000     0.155     4.872
     0.596     0.000     0.194     4.578
     0.629     0.000     0.199     4.057
     0.661     0.000     0.211     3.615
     0.692     0.000     0.266     3.258
     0.724     0.000     0.319     2.961
     0.756     0.000     0.419     2.623
     0.789     0.000     0.475     2.135
     0.821     0.000     0.519     1.819
     0.852     0.000     0.587     1.645
     0.881     0.000     0.631     1.566
     0.909     0.000     0.675     1.724
     0.936     0.000     0.722     2.111
     0.962     0.000     0.789     2.493
     0.991     0.000     0.834     2.839
     1.017     0.000     0.886     3.355
     1.040     0.000     0.962     3.723
     1.075    -0.172     1.010     4.565
     1.097    -0.180     1.062     4.858
     1.125    -0.331     1.197     5.270
     1.149    -0.346     1.238     5.394
     1.174    -0.365     1.273     5.285
     1.198    -0.388     1.307     5.275
     1.226    -0.410     1.346     5.311
     1.254    -0.430     1.379     5.262
     1.281    -0.448     1.407     5.205
     1.308    -0.459     1.440     5.039
     1.332    -0.468     1.468     4.969
     1.356    -0.478     1.506     4.716
     1.379    -0.488     1.542     4.608
     1.398    -0.493     1.568     4.450
     1.417    -0.502     1.606     4.371
     1.437    -0.511     1.644     4.297
     1.459    -0.518     1.683     4.373
     1.485    -0.532     1.742     4.309
     1.518    -0.663     1.853     4.235
     1.548    -0.683     1.918     4.016
     1.577    -0.701     1.996     3.860
     1.606    -0.718     2.076     3.772
     1.638    -0.738     2.168     3.724
     1.670    -0.753     2.261     3.650
     1.703    -0.768     2.319     3.469
     1.738    -0.786     2.377     3.313
     1.771    -0.806     2.431     3.225
     1.808    -0.826     2.504     3.010
     1.844    -0.847     2.590     2.848
     1.879    -0.867     2.672     2.725
     1.915    -0.889     2.755     2.666
     1.951    -0.912     2.846     2.529
     1.986    -0.933     2.938     2.339
     2.020    -0.954     3.025     2.203
     2.054    -0.976     3.108     2.139
     2.089    -0.997     3.212     1.893
     2.121    -1.014     3.305     1.827
     2.154    -1.033     3.413     1.669
     2.187    -1.051     3.519     1.597
     2.219    -1.068     3.612     1.466
     2.250    -1.085     3.695     1.344
     2.277    -1.100     3.768     1.301
     2.303    -1.114     3.838     1.239
     2.331    -1.129     3.914     1.117
     2.357    -1.141     4.002     1.026
     2.384    -1.154     4.092     1.010
     2.408    -1.166     4.173     0.986
     2.433    -1.177     4.259     0.887
     2.463    -1.190     4.360     0.837
     2.493    -1.203     4.440     0.707
     2.520    -1.213     4.508     0.612
     2.544    -1.223     4.576     0.554
     2.572    -1.232     4.646     0.546
     2.597    -1.239     4.719     0.531
     2.620    -1.249     4.805     0.470
     2.641    -1.255     4.882     0.507
     2.661    -1.281     4.971     0.445
     2.689    -1.295     5.078     0.413
    10.009     9.999     9.999     0.000
  93 236  88   -1785.893
     0.290     0.000     0.160     0.000
     0.318     0.000     0.196     0.523
     0.342     0.000     0.210     1.306
     0.370     0.000     0.196     2.076
     0.399     0.000     0.192     3.055
     0.427     0.000     0.208     4.072
     0.456     0.000     0.185     4.687
     0.486     0.000     0.184     5.177
     0.517     0.000     0.140     5.394
     0.553     0.000     0.119     5.300
     0.587     0.000     0.168     4.728
     0.620     0.000     0.193     4.512
     0.652     0.000     0.222     3.898
     0.683     0.000     0.286     3.384
     0.715     0.000     0.308     2.949
     0.747     0.000     0.360     2.719
     0.779     0.000     0.445     2.247
     0.811     0.000     0.506     1.847
     0.840     0.000     0.551     1.740
     0.869     0.000     0.596     1.762
     0.896     0.000     0.644     1.778
     0.922     0.000     0.687     2.037
     0.947     0.000     0.748     2.281
     0.973     0.000     0.785     2.475
     1.000     0.000     0.887     2.777
     1.024     0.000     0.935     3.147
     1.065    -0.158     1.039     4.274
     1.090    -0.164     1.094     4.423
     1.111    -0.172     1.158     4.944
     1.132    -0.178     1.207     5.217
     1.153    -0.189     1.249     5.250
     1.173    -0.360     1.267     5.536
     1.192    -0.373     1.296     5.510
     1.210    -0.387     1.322     5.532
     1.234    -0.403     1.357     5.481
     1.255    -0.417     1.382     5.434
     1.276    -0.429     1.403     5.335
     1.295    -0.440     1.419     5.325
     1.313    -0.450     1.445     5.009
     1.336    -0.463     1.477     4.914
     1.361    -0.478     1.512     4.850
     1.385    -0.492     1.552     4.710
     1.407    -0.501     1.575     4.626
     1.429    -0.511     1.611     4.599
     1.458    -0.524     1.676     4.357
     1.481    -0.533     1.727     4.322
     1.509    -0.654     1.851     4.216
     1.539    -0.674     1.918     4.343
     1.568    -0.692     1.978     4.094
     1.600    -0.707     2.049     3.941
     1.631    -0.724     2.117     3.765
     1.663    -0.740     2.190     3.587
     1.696    -0.759     2.266     3.506
     1.729    -0.774     2.349     3.330
     1.764    -0.789     2.442     3.182
     1.797    -0.808     2.529     3.053
     1.831    -0.827     2.622     2.972
     1.865    -0.848     2.702     2.862
     1.901    -0.870     2.788     2.701
     1.935    -0.891     2.871     2.567
     2.006    -0.933     3.026     2.326
     2.043    -0.957     3.097     2.180
     2.078    -0.979     3.167     2.096
     2.112    -1.001     3.267     1.927
     2.146    -1.024     3.379     1.825
     2.178    -1.042     3.478     1.702
     2.209    -1.061     3.578     1.654
     2.240    -1.078     3.643     1.486
     2.274    -1.093     3.705     1.425
     2.310    -1.103     3.765     1.414
     2.339    -1.091     3.782     1.334
     2.365    -1.115     3.885     1.374
     2.389    -1.148     4.017     1.173
     2.412    -1.165     4.116     1.209
     2.432    -1.178     4.201     1.159
     2.449    -1.187     4.272     1.049
     2.477    -1.183     4.390     0.844
     2.505    -1.196     4.467     0.687
     2.531    -1.209     4.543     0.718
     2.556    -1.226     4.637     0.760
     2.582    -1.240     4.719     0.561
     2.607    -1.253     4.792     0.442
     2.630    -1.265     4.864     0.403
     2.650    -1.277     4.936     0.359
     2.674    -1.301     5.022     0.253
     2.700    -1.318     5.112     0.182
     2.725    -1.335     5.204     0.110
    10.009     9.999     9.999     0.000
  93 237  89   -1792.457
     0.294     0.000     0.168     0.000
     0.323     0.000     0.196     0.597
     0.351     0.000     0.215     1.537
     0.379     0.000     0.201     2.555
     0.407     0.000     0.214     3.678
     0.436     0.000     0.196     4.731
     0.465     0.000     0.151     5.333
     0.496     0.000     0.166     5.628
     0.525     0.000     0.154     5.699
     0.557     0.000     0.151     5.555
     0.588     0.000     0.183     5.242
     0.621     0.000     0.199     4.866
     0.652     0.000     0.240     4.301
     0.683     0.000     0.270     3.745
     0.715     0.000     0.308     3.257
     0.747     0.000     0.388     2.813
     0.778     0.000     0.429     2.315
     0.809     0.000     0.500     1.908
     0.840     0.000     0.557     1.620
     0.870     0.000     0.606     1.444
     0.900     0.000     0.659     1.555
     0.927     0.000     0.709     1.832
     0.954     0.000     0.754     2.194
     0.980     0.000     0.826     2.507
     1.005     0.000     0.898     2.908
     1.028     0.000     0.917     3.356
     1.064    -0.158     1.039     4.140
     1.085    -0.164     1.101     4.544
     1.104    -0.167     1.153     4.731
     1.127    -0.176     1.202     4.936
     1.153    -0.353     1.227     5.401
     1.175    -0.371     1.262     5.658
     1.199    -0.383     1.303     5.395
     1.223    -0.401     1.341     5.408
     1.244    -0.417     1.373     5.463
     1.266    -0.432     1.402     5.516
     1.286    -0.444     1.423     5.428
     1.306    -0.455     1.450     5.277
     1.325    -0.465     1.473     5.122
     1.348    -0.477     1.495     5.068
     1.371    -0.487     1.515     4.971
     1.394    -0.498     1.542     4.832
     1.415    -0.506     1.578     4.696
     1.438    -0.516     1.630     4.528
     1.460    -0.525     1.675     4.444
     1.483    -0.535     1.728     4.277
     1.508    -0.543     1.779     4.297
     1.534    -0.554     1.839     4.253
     1.563    -0.575     1.909     3.988
     1.595    -0.695     2.041     3.788
     1.624    -0.713     2.125     3.632
     1.656    -0.730     2.218     3.461
     1.689    -0.748     2.296     3.284
     1.724    -0.765     2.373     3.176
     1.758    -0.785     2.448     3.005
     1.792    -0.804     2.526     2.891
     1.826    -0.827     2.592     2.975
     1.862    -0.846     2.674     2.809
     1.898    -0.866     2.752     2.637
     1.931    -0.891     2.819     2.700
     1.967    -0.913     2.909     2.546
     2.002    -0.935     2.985     2.545
     2.038    -0.956     3.073     2.345
     2.074    -0.978     3.173     2.195
     2.109    -0.999     3.270     2.087
     2.146    -1.024     3.391     1.902
     2.180    -1.047     3.501     1.744
     2.214    -1.069     3.598     1.599
     2.248    -1.089     3.685     1.477
     2.280    -1.106     3.765     1.345
     2.309    -1.123     3.847     1.246
     2.337    -1.138     3.928     1.129
     2.362    -1.152     4.012     1.035
     2.392    -1.169     4.112     0.933
     2.412    -1.180     4.182     0.918
     2.429    -1.189     4.242     0.874
     2.461    -1.203     4.342     0.689
     2.489    -1.216     4.420     0.627
     2.515    -1.228     4.494     0.628
     2.539    -1.243     4.581     0.589
     2.559    -1.254     4.648     0.492
     2.585    -1.266     4.718     0.367
     2.609    -1.275     4.786     0.301
     2.631    -1.291     4.858     0.223
     2.657    -1.303     4.931     0.145
     2.684    -1.313     5.004     0.054
     2.708    -1.322     5.068     0.005
     2.706    -1.342     5.139     0.043
    10.009     9.999     9.999     0.000
  93 238  79   -1797.957
     0.298     0.000     0.166     0.000
     0.327     0.000     0.185     0.590
     0.355     0.000     0.195     1.468
     0.380     0.000     0.187     2.256
     0.404     0.000     0.212     3.291
     0.432     0.000     0.216     4.153
     0.462     0.000     0.165     4.887
     0.490     0.000     0.183     5.375
     0.520     0.000     0.178     5.746
     0.552     0.000     0.149     5.587
     0.592     0.000     0.195     5.240
     0.624     0.000     0.222     4.452
     0.659     0.000     0.268     4.210
     0.698     0.000     0.279     3.519
     0.733     0.000     0.352     2.857
     0.767     0.000     0.421     2.307
     0.798     0.000     0.471     1.927
     0.833     0.000     0.542     1.396
     0.863     0.000     0.593     1.452
     0.894     0.000     0.649     1.485
     0.925     0.000     0.693     1.751
     0.953     0.000     0.763     2.130
     0.982     0.000     0.856     2.340
     1.010     0.000     0.907     2.725
     1.034     0.000     0.963     3.116
     1.055     0.000     0.988     3.545
     1.087    -0.174     1.055     4.149
     1.104    -0.180     1.093     4.442
     1.119    -0.186     1.125     4.671
     1.138    -0.337     1.216     4.928
     1.153    -0.351     1.234     5.218
     1.170    -0.364     1.258     5.331
     1.190    -0.379     1.288     5.412
     1.212    -0.396     1.315     5.508
     1.234    -0.411     1.346     5.542
     1.254    -0.425     1.377     5.608
     1.272    -0.436     1.401     5.744
     1.289    -0.446     1.423     5.696
     1.308    -0.453     1.455     5.440
     1.321    -0.461     1.471     5.430
     1.340    -0.470     1.499     5.250
     1.359    -0.479     1.523     5.199
     1.388    -0.494     1.574     4.881
     1.414    -0.505     1.616     4.609
     1.441    -0.517     1.660     4.575
     1.467    -0.524     1.697     4.510
     1.492    -0.535     1.741     4.292
     1.521    -0.549     1.802     4.114
     1.552    -0.564     1.870     4.025
     1.586    -0.679     2.005     3.562
     1.617    -0.694     2.078     3.360
     1.646    -0.718     2.156     3.456
     1.677    -0.734     2.232     3.241
     1.709    -0.751     2.315     3.127
     1.744    -0.767     2.412     2.709
     1.812    -0.805     2.566     2.495
     1.845    -0.827     2.628     2.508
     1.912    -0.868     2.774     2.476
     1.946    -0.888     2.860     2.404
     1.981    -0.910     2.950     2.398
     2.016    -0.931     3.053     2.245
     2.052    -0.956     3.152     2.100
     2.087    -0.975     3.240     2.012
     2.156    -0.985     3.364     1.826
     2.193    -1.008     3.463     1.642
     2.229    -1.032     3.561     1.554
     2.263    -1.055     3.655     1.385
     2.295    -1.076     3.744     1.238
     2.324    -1.095     3.825     1.085
     2.354    -1.114     3.912     0.944
     2.381    -1.132     3.980     0.974
     2.410    -1.150     4.075     0.766
     2.439    -1.165     4.155     0.654
     2.468    -1.178     4.241     0.609
     2.499    -1.191     4.345     0.328
     2.528    -1.203     4.444     0.188
     2.555    -1.214     4.540     0.137
     2.581    -1.223     4.631     0.033
     2.626    -1.253     4.814     0.000
