# Level density parameters for EGSM & Gilbert and Cameron models (2I4,1x,a2,1x,f3.1,1x,F7.3,3E14.5,5f8.4)
#  Z  A  Sym Io   Bn       Do            dDo           Esh          +da    a-EGSM    -da   a_sys   a-G&C 
#                [MeV]    [keV]         [keV]         [MeV]         [1/MeV] [1/MeV] [1/MeV]
#--------------------------------------------------------------------------------------------------------
  11  24 Na 1.0   6.960    .10000E+03    .20000E+02    .54700E+00   .1017  1.8798   .0805  1.8800  3.4900
  12  25 Mg  .0   7.331    .48000E+03    .70000E+02   -.85000E-01   .0793  1.9737   .0659  2.0900  3.6700
  12  26 Mg 2.0  11.092    .50000E+02    .10000E+02    .67100E+00   .1187  2.2249   .0941  2.3260  4.1600
  12  27 Mg  .0   6.444    .21000E+03    .80000E+02    .66700E+00   .3028  2.6766   .1945  2.4390   .0000
  13  28 Al 2.0   7.725    .55000E+02    .60000E+01   -.77100E+00   .0524  1.9657   .0457  1.9660  3.8300
  14  29 Si  .0   8.473    .33200E+03    .35000E+02   -.24670E+01   .0506  1.9713   .0443  1.8870  4.0900
  14  30 Si  .0  10.609    .19300E+03    .22000E+02   -.93000E+00   .0583  2.0115   .0501  2.2770   .0000
  14  31 Si  .0   6.587    .22500E+03    .30000E+02   -.38600E+00   .0871  2.6510   .0744  2.4650   .0000
  15  32 P   .0   7.935    .50000E+02    .12000E+02   -.15200E+01   .1320  2.4175   .1004  2.4140  3.9900
  16  33 S   .0   8.641    .19000E+03    .60000E+02   -.11680E+01   .1938  2.3406   .1344  2.4410  4.4200
  16  34 S  1.0  11.417    .21000E+02    .10000E+02   -.18800E+00   .3624  2.7746   .2070  2.7560  4.5700
  16  35 S   .0   6.985    .11000E+03    .40000E+02    .53400E+00   .2985  3.1435   .1973  3.0370  5.0400
  17  36 Cl 1.0   8.579    .23000E+02    .60000E+01   -.48400E+00   .1489  2.5185   .1109  2.6050  4.8200
  17  38 Cl 1.0   6.107    .15000E+02    .40000E+01    .19140E+01   .2074  3.4760   .1542  3.3650  5.7000
  18  41 Ar  .0   6.098    .52000E+02    .47000E+01    .40960E+01   .0723  4.3087   .0651  4.3030  6.7100
  19  40 K  1.0   7.799    .13000E+02    .30000E+01    .12730E+01   .1520  3.1198   .1180  2.9920  6.2000
  19  42 K  1.0   7.533    .10000E+02    .30000E+01    .32240E+01   .2263  3.4793   .1618  3.6220  6.3400
  20  41 Ca  .0   8.362    .45000E+02    .40000E+01    .10270E+01   .0595  3.4772   .0533  3.4960  5.8500
  20  43 Ca  .0   7.932    .20000E+02    .50000E+01    .30350E+01   .2055  4.3250   .1571  4.3160  6.6300
  20  44 Ca 3.0  11.132    .18000E+01    .30000E+00    .31340E+01   .1299  4.4554   .1078  4.3610  6.8100
  20  45 Ca  .0   7.415    .24100E+02    .32000E+01    .29300E+01   .1032  4.4079   .0886  4.5080  6.9200
  21  46 Sc 3.0   8.761    .13000E+01    .10000E+00    .24170E+01   .0531  4.2258   .0486  4.2280  6.8600
  22  47 Ti  .0   8.878    .25000E+02    .40000E+01    .17320E+01   .1150  3.8479   .0959  4.2160  6.6300
  22  48 Ti 2.0  11.626    .17500E+01    .25000E+00    .16040E+01   .1031  4.2688   .0879  4.2320  6.8600
  22  49 Ti  .0   8.142    .20800E+02    .25000E+01    .11220E+01   .0888  4.2096   .0771  4.2070  7.0300
  22  50 Ti 3.0  10.939    .40000E+01    .80000E+00    .35800E+00   .1481  3.8036   .1181  4.0170  6.6200
  22  51 Ti  .0   6.372    .24900E+02    .16000E+01    .45200E+00   .0503  4.6946   .0459  4.1570  7.2100
  23  51 V  6.0  11.050    .20000E+01    .10000E+00    .21200E+00   .0328  3.6983   .0299  3.7580  7.0100
  23  52 V  3.0   7.311    .40000E+01    .60000E+00    .18300E+00   .1089  3.8915   .0922  3.8300  6.8400
  24  51 Cr  .0   9.262    .12500E+02    .12000E+01   -.11800E+00   .0668  4.1446   .0592  3.8430  6.6500
  24  53 Cr  .0   7.939    .32000E+02    .35000E+01   -.29900E+00   .0784  3.9564   .0695  3.9270  6.9600
  24  54 Cr 1.0   9.718    .67000E+01    .60000E+00    .46600E+00   .0656  4.1874   .0583  4.2770  7.1900
  24  55 Cr  .0   6.246    .50000E+02    .80000E+01    .11410E+01   .1280  4.3548   .1068  4.6580  7.6700
  25  56 Mn 2.0   7.271    .23000E+01    .40000E+00    .10900E+00   .1325  4.4578   .1095  4.4580  7.4200
  26  55 Fe  .0   9.298    .20500E+02    .14000E+01   -.20400E+01   .0438  3.7500   .0400  3.5980  6.5000
  26  57 Fe  .0   7.646    .25400E+02    .22000E+01   -.51400E+00   .0628  4.2807   .0569  4.2450  7.4700
  26  58 Fe  .0  10.044    .70500E+01    .70000E+00    .20200E+00   .0728  4.4885   .0649  4.6040  7.5500
  26  59 Fe  .0   6.580    .21600E+02    .26000E+01    .95000E+00   .0972  4.8977   .0842  5.0230  8.1300
  27  60 Co 3.0   7.491    .14500E+01    .15000E+00    .10400E+00   .0763  4.6527   .0677  4.6530  8.0100
  28  59 Ni  .0   8.999    .13400E+02    .90000E+00   -.21720E+01   .0457  4.1557   .0414  3.7600  7.1400
  28  60 Ni 1.0  11.388    .20000E+01    .70000E+00   -.14120E+01   .2837  4.3443   .1924  4.1250  7.4700
  28  61 Ni  .0   7.820    .13800E+02    .90000E+00   -.49200E+00   .0480  4.6588   .0433  4.5020  7.9100
  28  62 Ni 1.0  10.597    .21000E+01    .15000E+00   -.76000E-01   .0520  4.6639   .0465  4.7510  8.0500
  28  63 Ni  .0   6.837    .16000E+02    .30000E+01    .78300E+00   .1552  5.0027   .1262  5.2120  8.7100
  28  65 Ni  .0   6.098    .23600E+02    .30000E+01    .17360E+01   .1121  5.0728   .0952  5.8630  9.1400
  29  64 Cu 1.0   7.916    .70000E+00    .90000E-01    .41500E+00   .0977  5.3971   .0849  5.0730  8.7300
  29  66 Cu 1.0   7.065    .13000E+01    .11000E+00    .14600E+01   .0642  5.3210   .0572  5.6860  9.1600
  30  65 Zn  .0   7.979    .23000E+01    .30000E+00    .12690E+01   .1086  6.0525   .0942  5.3640  9.5100
  30  67 Zn  .0   7.052    .46200E+01    .55000E+00    .24340E+01   .1088  6.0367   .0946  6.0990  9.9000
  30  68 Zn 2.0  10.198    .37000E+00    .20000E-01    .24770E+01   .0417  6.0096   .0397  6.1000  9.8800
  30  69 Zn  .0   6.482    .55600E+01    .43000E+00    .31040E+01   .0797  6.2916   .0712  6.6510 10.3500
  30  71 Zn  .0   5.834    .65200E+01    .42000E+00    .36230E+01   .0805  6.8281   .0718  7.1770 11.7300
  31  70 Ga 1.0   7.655    .31600E+00    .41000E-01    .28400E+01   .1055  6.2598   .0923  6.1550 10.3400
  31  72 Ga 1.0   6.521    .38000E+00    .60000E-01    .37890E+01   .1532  6.7412   .1284  6.8410 11.1300
  32  71 Ge  .0   7.416    .11700E+01    .23000E+00    .37750E+01   .2200  7.2366   .1758  7.0320 11.0600
  32  73 Ge  .0   6.782    .15000E+01    .30000E+00    .41850E+01   .2571  7.5933   .2045  7.5040 11.8900
  32  74 Ge 4.0  10.196    .62000E-01    .15000E-01    .35800E+01   .2580  7.3452   .1954  7.0850 11.2600
  32  75 Ge  .0   6.505    .30000E+01    .10000E+01    .36960E+01   .4640  7.1265   .3137  7.4700 11.6100
  32  77 Ge  .0   6.072    .45000E+01    .10000E+01    .28060E+01   .2937  6.9965   .2271  7.2100 11.4100
  33  76 As 1.0   7.329    .90000E-01    .80000E-02    .40430E+01   .0859  7.6040   .0761  7.6030 11.9500
  34  75 Se  .0   8.027    .34000E+00    .80000E-01    .42360E+01   .2798  8.0880   .2143  7.7410 12.3700
  34  77 Se  .0   7.418    .65000E+00    .10000E+00    .41500E+01   .1831  7.9447   .1555  7.9670 12.4600
  34  78 Se  .0  10.498    .12000E+00    .15000E-01    .35080E+01   .1160  7.7090   .1023  7.5490 11.7600
  34  79 Se  .0   6.962    .15000E+01    .30000E+00    .35080E+01   .2479  7.4994   .1959  7.8610 12.1000
  34  81 Se  .0   6.701    .24000E+01    .80000E+00    .21510E+01   .4345  7.0629   .2937  7.3030 11.6200
  34  83 Se  .0   5.818    .50000E+01    .25000E+01    .85400E+00   .8226  6.8636   .4449  6.7630 11.9700
  35  80 Br 1.0   7.892    .47000E-01    .50000E-02    .36930E+01   .1011  7.9348   .0903  7.9030 12.1000
  35  82 Br 1.0   7.593    .10000E+00    .15000E-01    .22790E+01   .1379  7.3567   .1166  7.3930 11.8400
  36  79 Kr  .0   8.353    .25000E+00    .80000E-01    .40620E+01   .3920  8.1513   .2730  7.4230 12.8000
  36  81 Kr  .0   7.872    .28000E+00    .80000E-01    .36570E+01   .3718  8.4963   .2693  7.4520 13.2800
  36  84 Kr 4.0  10.520    .20000E+00    .10000E+00    .14000E+01   .5248  6.1035   .2967  6.5270   .0000
  36  85 Kr  .0   7.121    .40000E+01    .40000E+00    .82900E+00   .0899  6.1787   .0792  6.3840   .0000
  36  87 Kr  .0   5.515    .29000E+02    .15000E+01   -.10600E+00   .0481  5.2155   .0435  6.0370   .0000
  37  86 Rb 2.0   8.650    .17200E+00    .80000E-02    .16100E+00   .0348  6.0956   .0311  5.9400 10.4700
  37  88 Rb 1.0   6.082    .16300E+01    .15000E+00   -.39200E+00   .0729  5.6564   .0654  5.8100 10.4200
  38  85 Sr  .0   8.530    .32000E+00    .12000E+00    .22030E+01   .4352  7.7089   .2825  6.8500 12.0600
  38  87 Sr  .0   8.427    .26000E+01    .80000E+00    .18200E+00   .2703  5.9309   .1930  6.0390 11.1300
  38  88 Sr 4.0  11.113    .29000E+00    .80000E-01   -.13690E+01   .2235  5.4456   .1666  5.4210 10.0500
  38  89 Sr  .0   6.358    .23700E+02    .29000E+01   -.87400E+00   .0978  4.9938   .0830  5.6220 10.6700
  39  90 Y   .0   6.857    .37000E+01    .40000E+00   -.11630E+01   .0793  5.2438   .0704  5.2490 10.6600
  40  91 Zr  .0   7.194    .60000E+01    .14000E+01   -.10460E+01   .2030  5.7186   .1566  5.3960 10.4500
  40  92 Zr 2.0   8.635    .55000E+00    .10000E+00    .11500E+00   .1694  6.2793   .1379  6.0320 11.9900
  40  93 Zr  .0   6.733    .35000E+01    .80000E+00    .53400E+00   .2488  6.5354   .1897  6.3170 12.2900
  40  94 Zr 2.0   8.220    .30200E+00    .75000E-01    .14120E+01   .3061  7.2483   .2289  6.8400   .0000
  40  95 Zr  .0   6.463    .40000E+01    .80000E+00    .14470E+01   .2349  6.7494   .1855  6.9510   .0000
  40  97 Zr  .0   5.579    .13000E+02    .30000E+01    .23310E+01   .3180  6.4150   .2404  7.6530 14.4300
  41  94 Nb 4.0   7.227    .94000E-01    .10000E-01    .69200E+00   .0963  6.9925   .0854  6.9900 12.4700
  42  93 Mo  .0   8.070    .27000E+01    .50000E+00   -.15260E+01   .1499  5.9599   .1228  5.9920 10.9900
  42  95 Mo  .0   7.369    .13200E+01    .18000E+00    .26600E+00   .1360  7.0177   .1157  7.1200 12.5200
  42  96 Mo 2.0   9.154    .81000E-01    .14000E-01    .11260E+01   .1892  7.8069   .1557  7.6840 12.8700
  42  97 Mo  .0   6.821    .10500E+01    .20000E+00    .17340E+01   .2460  7.9332   .1971  8.1810 13.7000
  42  98 Mo 2.0   8.642    .60000E-01    .10000E-01    .24250E+01   .2198  8.8420   .1829  8.6520 13.8900
  42  99 Mo  .0   5.925    .10000E+01    .20000E+00    .32890E+01   .3330  9.5759   .2660  9.4500 15.6200
  43 100 Tc 4.0   6.764    .14000E-01    .12000E-02    .29900E+01   .1134  9.8175   .1034  9.8280 15.0700
  44 100 Ru 2.0   9.673    .25000E-01    .40000E-02    .13830E+01   .1796  8.6267   .1504  8.8250 13.4600
  44 101 Ru  .0   6.802    .34500E+00    .60000E-01    .22700E+01   .2537  9.4722   .2087  9.6220   .0000
  44 102 Ru 2.0   9.219    .18000E-01    .30000E-02    .26060E+01   .2220  9.6378   .1835  9.8400 15.0500
  44 103 Ru  .0   6.232    .28000E+00    .50000E-01    .34380E+01   .3069 11.0404   .2495 10.7380 15.9500
  44 105 Ru  .0   5.910    .32000E+00    .65000E-01    .40150E+01   .3790 11.7169   .3038 11.4380   .0000
  45 104 Rh  .0   6.999    .32000E-01    .40000E-02    .29230E+01   .1615 10.0082   .1417 10.0160 15.4500
  46 105 Pd  .0   7.094    .30000E+00    .60000E-01    .20810E+01   .2842  9.2573   .2275  9.7700 15.5100
  46 106 Pd 2.0   9.562    .10300E-01    .50000E-03    .22860E+01   .0580  9.8342   .0541  9.9020 14.9500
  46 107 Pd  .0   6.538    .21700E+00    .60000E-01    .30740E+01   .4821 10.7984   .3583 10.7460 16.5600
  46 108 Pd 2.0   9.221    .11000E-01    .80000E-03    .30050E+01   .0970 10.3011   .0873 10.6160 15.6800
  46 109 Pd  .0   6.153    .18200E+00    .33000E-01    .35940E+01   .3278 12.0087   .2696 11.3980 18.0600
  46 111 Pd  .0   5.750    .27500E+00    .80000E-01    .37900E+01   .5944 12.0983   .4334 11.8200 18.1300
  47 108 Ag  .0   7.270    .28000E-01    .20000E-02    .24700E+01   .0876  9.8145   .0774 10.0920 15.3700
  47 110 Ag  .0   6.809    .18000E-01    .10000E-02    .32000E+01   .0770 11.1144   .0700 10.8330 16.7500
  48 107 Cd  .0   7.925    .16500E+00    .35000E-01    .51700E+00   .2591  8.7797   .2043  8.6740 14.9000
  48 109 Cd  .0   7.323    .12000E+00    .30000E-01    .15930E+01   .3746 10.0457   .2849  9.6060 16.1500
  48 111 Cd  .0   6.975    .15500E+00    .20000E-01    .22660E+01   .1911 10.3811   .1662 10.2970 16.5800
  48 112 Cd  .0   9.398    .27000E-01    .20000E-02    .22320E+01   .0934 10.0176   .0832 10.2560 15.6600
  48 113 Cd  .0   6.540    .19000E+00    .25000E-01    .26910E+01   .2099 10.9443   .1839 10.8450 17.1900
  48 114 Cd  .0   9.042    .24800E-01    .26000E-02    .24390E+01   .1438 10.6174   .1265 10.6120 16.2600
  48 115 Cd  .0   6.141    .21000E+00    .20000E-01    .27540E+01   .1591 11.4235   .1430 11.1230 17.9500
  48 117 Cd  .0   5.777    .70400E+00    .27000E+00    .24680E+01   .7650 10.1793   .4975 11.1140 18.1200
  49 114 In 4.0   7.274    .10700E-01    .80000E-03    .20740E+01   .0906  9.4041   .0826  9.6250 15.8200
  49 116 In 4.0   6.784    .95000E-02    .50000E-03    .22930E+01   .0693 10.2096   .0661  9.9730 16.2900
  50 113 Sn  .0   7.742    .15800E+00    .47000E-01    .79100E+00   .4087  9.0600   .2911  8.2360 15.1500
  50 115 Sn  .0   7.546    .28600E+00    .11000E+00    .90100E+00   .5562  8.6147   .3585  8.4550 15.0000
  50 117 Sn  .0   6.944    .45000E+00    .50000E-01    .12050E+01   .1459  8.7905   .1285  8.8200 15.4000
  50 118 Sn  .0   9.326    .61000E-01    .70000E-02    .88200E+00   .1314  8.9185   .1160  8.6420 15.1000
  50 119 Sn  .0   6.485    .70000E+00    .15000E-01    .11080E+01   .0297  8.8287   .0263  8.9200 15.6600
  50 120 Sn  .0   9.107    .90000E-01    .20000E-01    .46700E+00   .2700  8.6468   .2102  8.5270 15.0500
  50 121 Sn  .0   6.171    .12500E+01    .20000E+00    .49700E+00   .2298  8.3819   .1902  8.6480 15.5400
  50 123 Sn  .0   5.945    .29600E+01    .15000E+00   -.59600E+00   .0633  7.3880   .0574  8.0120 15.3400
  50 125 Sn  .0   5.733    .50000E+01    .10000E+01   -.21070E+01   .2522  6.7604   .1970  7.0530 15.1300
  51 122 Sb 2.0   6.807    .13000E-01    .20000E-02    .12610E+01   .2076  9.9306   .1747  9.8340 16.0100
  51 124 Sb 3.0   6.468    .24000E-01    .30000E-02    .23400E+00   .1607  9.1750   .1396  9.2650 16.0400
  52 123 Te  .0   6.929    .14600E+00    .14000E-01    .16350E+01   .1399 10.3826   .1252 10.6550 17.1400
  52 124 Te  .0   9.425    .25100E-01    .28000E-02    .88900E+00   .1365  9.7700   .1202 10.1070 16.3100
  52 125 Te  .0   6.576    .22000E+00    .30000E-01    .77100E+00   .2078 10.1915   .1772 10.1530 17.2300
  52 126 Te  .0   9.113    .43000E-01    .30000E-02   -.16800E+00   .0823  9.3215   .0742  9.4940 15.8200
  52 127 Te  .0   6.291    .64000E+00    .17000E+00   -.48400E+00   .4114  8.8971   .3040  9.3040 16.2700
  52 129 Te  .0   6.083    .15100E+01    .37000E+00   -.21440E+01   .3396  7.7948   .2557  8.1010 14.8100
  52 131 Te  .0   5.929    .15000E+01    .50000E+00   -.41840E+01   .4728  7.6093   .3195  6.5850 13.5300
  53 128 I  2.0   6.826    .15000E-01    .20000E-02    .10900E+00   .1710  9.5801   .1469  9.8200 16.0600
  53 130 I  3.0   6.500    .20000E-01    .30000E-02   -.12770E+01   .1911  9.1326   .1614  8.9140 16.0300
  54 129 Xe  .0   6.907    .25000E+00    .10000E+00    .49700E+00   .6817  9.5877   .4333 10.4690 16.3300
  54 130 Xe  .0   9.256    .38000E-01    .50000E-02   -.37200E+00   .1555  9.2823   .1351  9.8560 15.8600
  54 131 Xe  .0   6.605    .17400E+00    .28000E-01   -.76700E+00   .2421 10.1522   .2031  9.5820 17.5500
  54 132 Xe 1.0   8.935    .49000E-01    .80000E-02   -.17920E+01   .1822  8.4268   .1525  8.9010 15.2200
  54 133 Xe  .0   6.439    .75000E+00    .23000E+00   -.24700E+01   .4393  8.1917   .3092  8.3090 15.7100
  54 135 Xe  .0   6.383    .80000E+00    .40000E+00   -.46700E+01   .7816  7.8166   .4257  6.6420   .0000
  54 137 Xe  .0   4.026    .28800E+02    .27000E+01   -.47590E+01   .1296  6.0395   .1127  6.1800   .0000
  55 134 Cs 3.0   6.891    .21000E-01    .20000E-02   -.15460E+01   .1076  8.6688   .0958  8.8340 15.7500
  55 135 Cs 4.0   8.762    .16000E-01    .30000E-02   -.25810E+01   .1862  8.0992   .1500  8.2090 14.6600
  55 136 Cs 3.0   6.828    .51000E-01    .26000E-01   -.36690E+01   .6725  7.6270   .3625  7.3900   .0000
  56 131 Ba  .0   7.493    .58000E-01    .10000E-01    .13290E+01   .2564 10.8770   .2131 10.2220 17.3100
  56 133 Ba  .0   7.189    .11000E+00    .35000E-01    .33500E+00   .5130 10.2543   .3617  9.6470 16.8700
  56 134 Ba  .0   9.468    .20000E-01    .80000E-02   -.54600E+00   .5817  9.7511   .3684  9.0880   .0000
  56 135 Ba  .0   6.972    .37100E+00    .36000E-01   -.10620E+01   .1224  8.6613   .1078  8.7430 15.7400
  56 136 Ba 1.0   9.107    .40000E-01    .60000E-02   -.20480E+01   .1635  8.4577   .1391  8.1550 15.1600
  56 137 Ba  .0   6.906    .12100E+01    .11900E+00   -.29350E+01   .1012  7.2239   .0893  7.4760 14.5800
  56 138 Ba 1.0   8.611    .35000E+00    .50000E-01   -.38760E+01   .1229  6.6407   .1057  6.9370 13.5900
  56 139 Ba  .0   4.723    .18700E+02    .29000E+01   -.30170E+01   .2086  6.1439   .1708  7.2700 14.9400
  57 139 La 5.0   8.778    .32000E-01    .60000E-02   -.29010E+01   .1685  7.3597   .1358  7.3750 14.1000
  57 140 La 3.0   5.161    .22000E+00    .20000E-01   -.21450E+01   .1155  7.7260   .1036  7.7340 15.5300
  58 137 Ce  .0   7.481    .60000E-01    .20000E-01    .40000E-01   .5364 10.5090   .3710  9.9690 16.5100
  58 141 Ce  .0   5.428    .31000E+01    .50000E+00   -.17470E+01   .2391  7.8392   .1975  8.7310 15.9200
  58 142 Ce 3.0   7.169    .65000E-01    .20000E-01   -.10350E+01   .5316  9.6104   .3750  9.4360   .0000
  58 143 Ce  .0   5.144    .11000E+01    .30000E+00   -.35900E+00   .5299 10.3438   .3904 10.0550   .0000
  59 142 Pr 2.0   5.842    .11000E+00    .20000E-01   -.10420E+01   .2387  8.2715   .1935  8.2800 16.4800
  60 143 Nd  .0   6.123    .10300E+01    .13500E+00   -.94800E+00   .1865  8.5281   .1598  9.7970 16.8600
  60 144 Nd 3.0   7.816    .38000E-01    .20000E-02   -.24700E+00   .0728  9.5407   .0669 10.4810 16.8700
  60 145 Nd  .0   5.756    .45000E+00    .50000E-01    .46400E+00   .1894 10.7863   .1638 11.1810 18.2300
  60 146 Nd 3.0   7.565    .17000E-01    .20000E-02    .97800E+00   .1933 11.5119   .1708 11.6900 18.7700
  60 147 Nd  .0   5.291    .34000E+00    .50000E-01    .17350E+01   .2948 12.8328   .2487 12.5390 20.6800
  60 148 Nd 2.0   7.333    .40000E-02    .15000E-02    .20590E+01   .8543 15.1654   .5679 12.8330 22.0200
  60 151 Nd  .0   5.334    .16500E+00    .15000E-01    .24630E+01   .1875 14.4571   .1688 13.5730 22.0900
  61 148 Pm 3.0   5.897    .52000E-02    .12000E-02    .21760E+01   .4270 13.1129   .3350 13.1150 20.3400
  62 145 Sm  .0   6.757    .77000E+00    .45000E-01   -.58700E+00   .0722  8.1858   .0663 10.6630   .0000
  62 148 Sm 3.0   8.142    .57000E-02    .50000E-03    .14770E+01   .1387 12.2003   .1266 12.7360 19.2200
  62 149 Sm  .0   5.871    .65000E-01    .20000E-01    .22860E+01   .6830 14.5041   .4882 13.6930   .0000
  62 150 Sm 3.0   7.985    .24000E-02    .20000E-03    .25730E+01   .1464 14.2498   .1324 13.9300 21.0700
  62 151 Sm  .0   5.596    .46000E-01    .80000E-02    .32440E+01   .3918 16.4656   .3238 14.8650 23.0200
  62 152 Sm 2.0   8.258    .14000E-02    .15000E-03    .28430E+01   .1868 14.9401   .1702 14.3290 21.4700
  62 153 Sm  .0   5.867    .46000E-01    .30000E-02    .28470E+01   .1293 15.4739   .1189 14.6090 22.3200
  62 155 Sm  .0   5.807    .11400E+00    .15000E-01    .20140E+01   .2553 13.6655   .2219 13.9550 21.0000
  63 152 Eu 2.0   6.306    .73000E-03    .70000E-04    .35590E+01   .1748 16.2843   .1582 14.8280 22.9800
  63 153 Eu 3.0   8.550    .56000E-03    .20000E-03    .31660E+01   .6449 13.6391   .4395 14.3870 21.5400
  63 154 Eu 2.0   6.442    .11000E-02    .20000E-03    .29050E+01   .3329 15.0897   .2732 14.3850 21.9600
  63 155 Eu 3.0   8.151    .92000E-03    .12000E-03    .25070E+01   .2060 13.4932   .1809 14.0260 20.2700
  63 156 Eu 2.0   6.337    .43000E-02    .15000E-02    .19620E+01   .6688 12.8914   .4572 13.6960 20.0400
  64 153 Gd  .0   6.247    .14000E-01    .30000E-02    .34000E+01   .4632 16.7889   .3713 15.2150 23.0600
  64 154 Gd 1.0   8.894    .30000E-02    .60000E-03    .29630E+01   .3297 12.9968   .2685 14.6460   .0000
  64 155 Gd  .0   6.435    .14500E-01    .15000E-02    .30090E+01   .1994 16.0493   .1814 14.9820 23.1200
  64 156 Gd 1.0   8.536    .17000E-02    .20000E-03    .25200E+01   .1979 14.4724   .1785 14.4550 21.3700
  64 157 Gd  .0   6.360    .30000E-01    .60000E-02    .22490E+01   .3973 14.6916   .3207 14.4120 21.3900
  64 158 Gd 1.0   7.937    .49000E-02    .50000E-03    .19600E+01   .1767 13.9121   .1580 14.1540 21.0200
  64 159 Gd  .0   5.943    .82000E-01    .60000E-02    .17280E+01   .1375 13.8355   .1256 14.0990 21.4800
  64 161 Gd  .0   5.635    .18000E+00    .20000E-01    .12500E+01   .2127 13.0882   .1862 13.7970 20.8600
  65 160 Tb 1.0   6.375    .38200E-02    .24000E-02    .17470E+01  1.5864 13.5254   .7516 13.5250 21.1300
  66 157 Dy  .0   6.969    .28000E-02    .60000E-03    .30700E+01   .4466 17.5803   .3535 15.0720   .0000
  66 159 Dy  .0   6.831    .22000E-01    .11000E-01    .25040E+01  1.1791 14.1610   .6721 14.7150 20.8100
  66 161 Dy  .0   6.454    .27000E-01    .50000E-02    .20030E+01   .3598 14.5840   .2952 14.4310 22.1200
  66 162 Dy 2.0   8.196    .24000E-02    .20000E-03    .16460E+01   .1385 13.8421   .1279 14.0970 21.3400
  66 163 Dy  .0   6.271    .62000E-01    .50000E-02    .12970E+01   .1426 13.3867   .1313 13.9020 21.0800
  66 164 Dy 2.0   7.658    .68000E-02    .60000E-03    .11000E+01   .1500 13.1735   .1367 13.7610 21.2100
  66 165 Dy  .0   5.715    .15000E+00    .10000E-01    .94300E+00   .1238 13.1330   .1119 13.7320 21.0100
  67 166 Ho 3.0   6.244    .42000E-02    .50000E-03    .81900E+00   .1963 12.5801   .1713 12.5770 21.1600
  68 163 Er  .0   6.902    .69000E-02    .12000E-02    .24410E+01   .3367 15.9836   .2804 14.7540 23.0800
  68 165 Er  .0   6.649    .21000E-01    .40000E-02    .18520E+01   .3644 14.5167   .2972 14.3680 21.9000
  68 167 Er  .0   6.436    .38000E-01    .30000E-02    .10920E+01   .1392 13.7915   .1277 13.7860 21.4300
  68 168 Er 3.0   7.771    .42000E-02    .30000E-03    .96800E+00   .1210 13.3187   .1118 13.7240 21.4900
  68 169 Er  .0   6.003    .10000E+00    .10000E-01    .73500E+00   .1815 13.0881   .1625 13.6020 21.3200
  68 171 Er  .0   5.682    .14700E+00    .20000E-01    .50300E+00   .2604 13.1557   .2253 13.5270 21.5200
  69 170 Tm  .0   6.593    .85000E-02    .70000E-03    .66600E+00   .1287 12.7173   .1162 12.9630 21.0300
  69 171 Tm 1.0   7.486    .39000E-02    .10000E-02    .73900E+00   .4525 13.3578   .3459 13.1070   .0000
  70 169 Yb  .0   6.867    .80000E-02    .30000E-02    .16670E+01   .8232 15.6061   .5471 13.9130 21.4100
  70 170 Yb 3.0   8.470    .16000E-02    .40000E-03    .13960E+01   .4482 13.4959   .3435 13.6920   .0000
  70 171 Yb  .0   6.614    .35000E-01    .60000E-02    .11080E+01   .3130 13.5488   .2609 13.5470 22.1400
  70 172 Yb  .0   8.020    .69000E-02    .50000E-03    .91600E+00   .1204 13.9409   .1126 13.4170 21.7900
  70 173 Yb  .0   6.367    .76000E-01    .50000E-02    .52200E+00   .1113 12.6610   .1039 13.1350 21.0400
  70 174 Yb 2.0   7.464    .75000E-02    .50000E-03    .52700E+00   .1137 13.2596   .1061 13.2110 21.0400
  70 175 Yb  .0   5.822    .19200E+00    .18000E-01    .33400E+00   .1684 12.3113   .1515 13.1080 20.9700
  70 177 Yb  .0   5.567    .24000E+00    .20000E-01    .31600E+00   .1546 12.5533   .1399 13.2420 21.6200
  71 176 Lu 3.0   6.288    .34500E-02    .15000E-03    .47400E+00   .0679 12.7799   .0647 13.1340 21.7000
  71 177 Lu 7.0   7.072    .16100E-02    .16000E-03    .78900E+00   .1747 13.8811   .1564 13.5130 22.4800
  72 175 Hf  .0   6.709    .18000E-01    .50000E-02    .13110E+01   .5566 14.5307   .4144 14.3910 22.1800
  72 177 Hf  .0   6.377    .30000E-01    .70000E-02    .93400E+00   .4651 14.3582   .3622 14.1820 22.3600
  72 178 Hf 3.0   7.626    .24000E-02    .30000E-03    .95700E+00   .2303 14.5607   .2017 14.2690 22.4200
  72 179 Hf  .0   6.099    .57000E-01    .60000E-02    .68500E+00   .1951 13.8726   .1749 14.0890 22.3300
  72 180 Hf 4.0   7.388    .46000E-02    .30000E-03    .60200E+00   .1153 13.6811   .1074 14.0680 22.0900
  72 181 Hf  .0   5.695    .94000E-01    .15000E-01    .40500E+00   .3184 13.9624   .2690 13.9560 22.4900
  73 181 Ta 9.0   7.577    .12000E-02    .20000E-03    .52500E+00   .2903 13.2651   .2431 13.2170 21.2800
  73 182 Ta 3.0   6.063    .42000E-02    .30000E-03    .22500E+00   .1183 12.9025   .1077 13.0160 21.1900
  73 183 Ta 3.0   6.934    .35000E-02    .70000E-03    .52000E+00   .3623 13.4441   .2926 13.3710 21.5500
  74 181 W   .0   6.681    .20000E-01    .70000E-02    .65300E+00   .7308 14.2325   .5010 14.2060 22.7200
  74 183 W   .0   6.191    .60000E-01    .60000E-02    .24300E+00   .1801 13.4200   .1622 13.9400 22.2200
  74 184 W   .0   7.411    .12000E-01    .10000E-02    .31300E+00   .1500 14.2149   .1341 14.0850 22.3800
  74 185 W   .0   5.753    .75000E-01    .70000E-02    .25400E+00   .1791 14.1717   .1623 14.1090 22.6500
  74 187 W   .0   5.467    .99000E-01    .80000E-02    .12100E+00   .1603 14.4261   .1463 14.1160 22.9800
  75 186 Re 2.0   6.180    .31000E-02    .30000E-03    .41000E-01   .1623 13.4593   .1462 13.6180 21.8000
  75 188 Re 2.0   5.871    .39000E-02    .30000E-03   -.15500E+00   .1333 13.7204   .1201 13.5640 22.6400
  76 187 Os  .0   6.293    .29000E-01    .20000E-02    .17800E+00   .1262 14.4086   .1151 14.6300 22.9500
  76 188 Os  .0   7.989    .51000E-02    .20000E-03   -.15800E+00   .0654 14.1292   .0606 14.3400 22.5700
  76 189 Os  .0   5.920    .47000E-01    .40000E-02   -.19400E+00   .1601 14.3971   .1466 14.3670 23.7000
  76 190 Os 1.0   7.791    .34000E-02    .40000E-03   -.66200E+00   .2036 13.9762   .1795 13.9450 22.4800
  76 191 Os  .0   5.758    .70000E-01    .40000E-01   -.84800E+00  1.5482 13.8782   .7971 13.7680 23.1800
  76 193 Os  .0   5.585    .11500E+00    .60000E-01   -.17200E+01  1.3209 13.1372   .7279 12.9020 22.8300
  77 192 Ir 1.0   6.198    .25000E-02    .30000E-03   -.97500E+00   .2057 14.0623   .1800 14.0230 22.5200
  77 193 Ir 4.0   7.771    .50000E-03    .20000E-03   -.14790E+01   .7782 13.8562   .5014 13.5920 22.2100
  77 194 Ir 1.0   6.067    .58000E-02    .50000E-03   -.20310E+01   .1400 12.7172   .1259 12.9940 21.4100
  78 193 Pt  .0   6.255    .31400E-01    .13000E-02   -.11920E+01   .0721 13.7583   .0681 13.3390   .0000
  78 195 Pt  .0   6.104    .82000E-01    .10000E-01   -.24140E+01   .2090 12.1393   .1823 12.1170 19.7300
  78 196 Pt  .0   7.922    .18000E-01    .30000E-02   -.31560E+01   .2591 11.3915   .2165 11.5130 20.3700
  78 197 Pt  .0   5.846    .35000E+00    .10000E+00   -.35460E+01   .5078 10.0825   .3680 10.9570 19.6600
  78 199 Pt  .0   5.556    .34000E+00    .90000E-01   -.46380E+01   .4764 10.3770   .3539  9.8050   .0000
  79 198 Au 1.0   6.512    .15500E-01    .80000E-03   -.43920E+01   .0662  9.9847   .0619  9.9900 19.0700
  80 199 Hg  .0   6.664    .10500E+00    .35000E-01   -.49720E+01   .5501 10.1204   .3808  9.7260   .0000
  80 200 Hg  .0   8.028    .80000E-01    .30000E-01   -.56530E+01   .5437  8.8354   .3532  9.2000 17.6300
  80 201 Hg  .0   6.230    .60000E+00    .15000E+00   -.62420E+01   .3475  8.2222   .2608  8.3700 16.5700
  80 202 Hg 1.0   7.754    .90000E-01    .30000E-01   -.69530E+01   .4328  8.0353   .2941  7.8900 16.7500
  81 204 Tl  .0   6.656    .47000E+00    .50000E-01   -.83840E+01   .0848  6.6951   .0763  6.8400 15.1500
  81 206 Tl  .0   6.503    .40000E+01    .40000E+00   -.10155E+02   .0646  5.2192   .0575  5.1060 12.1300
  82 205 Pb  .0   6.731    .21000E+01    .20000E+00   -.84600E+01   .0796  6.3869   .0708  6.7910 14.4600
  82 207 Pb  .0   6.737    .30000E+02    .60000E+01   -.10547E+02   .1300  4.5459   .1045  4.6530 11.4400
  82 208 Pb  .0   7.368    .30000E+02    .80000E+01   -.10998E+02   .1760  4.1868   .1330  4.0640 11.0400
  82 209 Pb  .0   3.936    .90000E+02    .15000E+02   -.96870E+01   .1521  4.4276   .1209  4.1930 12.4500
  83 210 Bi 4.0   4.604    .44500E+01    .40000E+00   -.86070E+01   .0628  4.6168   .0560  4.6430 13.1500
  90 229 Th  .0   5.254    .50000E-02    .30000E-02    .23790E+01  2.3465 23.4263  1.1659 22.1740   .0000
  90 230 Th 2.0   6.794    .62000E-03    .12000E-03    .23200E+01   .4779 20.7758   .3880 22.0710 29.5400
  91 232 Pa 1.0   5.553    .51000E-03    .30000E-04    .20910E+01   .1294 20.5450   .1188 20.2910 29.7800
  91 233 Pa 2.0   6.526    .42000E-03    .80000E-04    .22660E+01   .4383 19.8869   .3530 20.5820   .0000
  91 234 Pa 1.0   5.219    .78000E-03    .10000E-03    .21630E+01   .3055 21.0282   .2634 20.5960 30.8700
  92 233 U   .0   5.760    .46000E-02    .50000E-03    .16990E+01   .2576 20.8549   .2317 20.8510 30.0300
  92 234 U  2.0   6.843    .52000E-03    .20000E-04    .17440E+01   .0846 20.6823   .0849 20.9700 29.2600
  92 235 U   .0   5.298    .11200E-01    .80000E-03    .17680E+01   .1758 20.9428   .1639 21.1720 30.2600
  92 236 U  3.0   6.544    .45000E-03    .30000E-04    .18550E+01   .1577 21.8311   .1498 21.3330 30.6600
  92 237 U   .0   5.126    .14000E-01    .10000E-02    .18060E+01   .1789 21.2833   .1683 21.4220 30.3400
  92 238 U   .0   6.153    .35000E-02    .80000E-03    .20350E+01   .6252 21.9055   .4896 21.8150 30.6500
  93 237 Np 6.0   6.573    .60000E-03    .60000E-04    .16340E+01   .2031 17.3566   .1861 19.1930   .0000
  93 238 Np 2.0   5.488    .57000E-03    .30000E-04    .14280E+01   .1113 19.5639   .1095 19.0370 29.1400
  93 239 Np 2.0   6.217    .41000E-03    .10000E-03    .17970E+01   .6045 20.9392   .4692 19.5890   .0000
  94 239 Pu  .0   5.647    .83000E-02    .50000E-03    .11030E+01   .1348 19.7695   .1299 20.3420 28.9900
  94 240 Pu  .0   6.533    .22000E-02    .90000E-04    .13540E+01   .0918 20.8744   .0919 20.7740 29.7900
  94 241 Pu  .0   5.241    .13000E-01    .50000E-03    .13530E+01   .0967 20.6774   .0871 20.9000 30.0900
  94 242 Pu 2.0   6.309    .93000E-03    .80000E-04    .15790E+01   .2075 21.6046   .1962 21.2860 30.7500
  94 243 Pu  .0   5.034    .13500E-01    .15000E-02    .15460E+01   .2908 21.7439   .2613 21.3730 30.6100
  95 242 Am 2.0   5.537    .58000E-03    .40000E-04    .95100E+00   .1434 19.1881   .1369 19.1250 28.8900
  95 243 Am 5.0   6.367    .27000E-03    .30000E-04    .13230E+01   .2444 19.7275   .2165 19.6850 30.4200
  95 244 Am 2.0   5.363    .73000E-03    .60000E-04    .11600E+01   .1788 19.4652   .1685 19.5660 29.4600
  96 243 Cm  .0   5.693    .14000E-01    .30000E-02    .73000E+00   .5098 18.3170   .4083 19.0960 28.0300
  96 244 Cm 2.0   6.800    .69000E-03    .50000E-04    .86400E+00   .1560 19.8264   .1518 19.3380 28.6700
  96 245 Cm  .0   5.520    .11800E-01    .12000E-02    .74300E+00   .2377 19.3857   .2140 19.2760 29.0600
  96 246 Cm 3.0   6.457    .79000E-03    .50000E-04    .97200E+00   .1436 20.4621   .1393 19.6580 30.6900
  96 247 Cm  .0   5.156    .30000E-01    .50000E-02    .97900E+00   .4188 18.9755   .3507 19.7770 28.5400
  96 248 Cm 4.0   6.213    .12000E-02    .30000E-03    .12120E+01   .6684 20.3633   .5109 20.1620 29.3200
  97 250 Bk 3.0   4.968    .11000E-02    .10000E-03    .10430E+01   .2099 19.6448   .1923 19.6410 29.7300
  98 250 Cf 4.0   6.624    .76000E-03    .10000E-03    .38600E+00   .2999 19.2379   .2654 19.2370 29.0100
