# Experimental deformations
#  Z   A El   beta2    Error
#                         
#---------------------------
   4  10 Be   1.1400  0.0600
   6  10 C    0.8300  0.0700
   6  12 C    0.5820  0.0240
   6  14 C    0.3600  0.0240
   8  16 O    0.3640  0.0170
   8  18 O    0.3550  0.0080
   8  20 O    0.2610  0.0090
   8  22 O    0.2080  0.0410
  10  18 Ne   0.6940  0.0340
  10  20 Ne   0.7270  0.0320
  10  22 Ne   0.5620  0.0120
  10  24 Ne   0.4500  0.0800
  10  26 Ne   0.4980  0.0450
  10  28 Ne   0.5000  0.1400
  12  22 MG   0.5800  0.1100
  12  24 MG   0.6050  0.0080
  12  26 MG   0.4820  0.0100
  12  28 MG   0.4910  0.0350
  12  30 MG   0.4310  0.0190
  12  32 MG   0.4730  0.0430
  14  26 Si   0.4460  0.0210
  14  28 Si   0.4070  0.0070
  14  30 Si   0.3150  0.0070
  14  32 Si   0.2170  0.0320
  14  34 Si   0.1790  0.0360
  14  36 Si   0.2590  0.0420
  14  38 Si   0.2490  0.0480
  16  30 S    0.3380  0.0210
  16  32 S    0.3120  0.0070
  16  34 S    0.2520  0.0070
  16  36 S    0.1680  0.0230
  16  38 S    0.2460  0.0160
  16  40 S    0.2840  0.0150
  16  42 S    0.3000  0.0230
  16  44 S    0.2540  0.0380
  18  34 Ar   0.2380  0.0200
  18  36 Ar   0.2560  0.0130
  18  38 Ar   0.1630  0.0060
  18  40 Ar   0.2510  0.0150
  18  42 Ar   0.2750  0.0320
  18  44 Ar   0.2400  0.0140
  18  46 Ar   0.1750  0.0180
  20  38 Ca   0.1250  0.0140
  20  40 Ca   0.1230  0.0110
  20  42 Ca   0.2470  0.0090
  20  44 Ca   0.2530  0.0050
  20  46 Ca   0.1530  0.0050
  20  48 Ca   0.1060  0.0180
  22  42 Ti   0.3190  0.0470
  22  44 Ti   0.2680  0.0340
  22  46 Ti   0.3170  0.0080
  22  48 Ti   0.2690  0.0070
  22  50 Ti   0.1660  0.0110
  24  48 Cr   0.3370  0.0260
  24  50 Cr   0.2930  0.0080
  24  52 Cr   0.2230  0.0050
  24  54 Cr   0.2500  0.0060
  26  54 Fe   0.1950  0.0080
  26  56 Fe   0.2392  0.0049
  26  58 Fe   0.2586  0.0043
  26  60 Fe   0.2250  0.0210
  28  56 Ni   0.1730  0.0170
  28  58 Ni   0.1828  0.0026
  28  60 Ni   0.2070  0.0017
  28  62 Ni   0.1978  0.0028
  28  64 Ni   0.1790  0.0090
  28  66 Ni   0.1580  0.0120
  28  68 Ni   0.1000  0.0120
  30  62 Zn   0.2180  0.0080
  30  64 Zn   0.2420  0.0110
  30  66 Zn   0.2180  0.0080
  30  68 Zn   0.2050  0.0120
  30  70 Zn   0.2280  0.0100
  32  66 Ge   0.1740  0.0170
  32  68 Ge   0.2060  0.0150
  32  70 Ge   0.2245  0.0026
  32  72 Ge   0.2424  0.0034
  32  74 Ge   0.2825  0.0028
  32  76 Ge   0.2623  0.0039
  34  70 Se   0.3090  0.0330
  34  72 Se   0.2240  0.0140
  34  74 Se   0.3019  0.0031
  34  76 Se   0.3090  0.0037
  34  78 Se   0.2712  0.0036
  34  80 Se   0.2318  0.0027
  34  82 Se   0.1934  0.0027
  36  74 Kr   0.4190  0.0250
  36  76 Kr   0.4090  0.0060
  36  78 Kr   0.3520  0.0110
  36  80 Kr   0.2650  0.0080
  36  82 Kr   0.2021  0.0045
  36  84 Kr   0.1489  0.0036
  36  86 Kr   0.1450  0.0060
  38  78 Sr   0.4350  0.0300
  38  80 Sr   0.4040  0.0080
  38  82 Sr   0.2900  0.0060
  38  84 Sr   0.2140  0.0160
  38  86 Sr   0.1400  0.0080
  38  88 Sr   0.1173  0.0032
  38  90 Sr   0.1270  0.0200
  38  92 Sr   0.1240  0.0270
  38  94 Sr   0.1250  0.0260
  38  96 Sr   0.1700  0.0500
  38  98 Sr   0.4080  0.0060
  38 100 Sr   0.4230  0.0120
  40  82 Zr   0.3670  0.0180
  40  84 Zr   0.2510  0.0070
  40  86 Zr   0.1510  0.0140
  40  88 Zr   0.1850  0.0290
  40  90 Zr   0.0894  0.0029
  40  92 Zr   0.1027  0.0037
  40  94 Zr   0.0900  0.0100
  40  96 Zr   0.0800  0.0170
  40 100 Zr   0.3550  0.0100
  40 102 Zr   0.4270  0.0440
  42  92 Mo   0.1058  0.0033
  42  94 Mo   0.1509  0.0015
  42  96 Mo   0.1720  0.0016
  42  98 Mo   0.1683  0.0028
  42 100 Mo   0.2309  0.0022
  42 102 Mo   0.3110  0.0050
  42 104 Mo   0.3620  0.0110
  42 106 Mo   0.3540  0.0090
  42 108 Mo   0.3800  0.0600
  44  96 Ru   0.1579  0.0031
  44  98 Ru   0.1947  0.0030
  44 100 Ru   0.2148  0.0011
  44 102 Ru   0.2404  0.0019
  44 104 Ru   0.2707  0.0020
  44 106 Ru   0.2570  0.0340
  44 108 Ru   0.2920  0.0220
  44 110 Ru   0.2950  0.0170
  44 112 Ru   0.3060  0.0300
  46 102 Pd   0.1960  0.0060
  46 104 Pd   0.2090  0.0070
  46 106 Pd   0.2290  0.0060
  46 108 Pd   0.2430  0.0060
  46 110 Pd   0.2570  0.0060
  46 112 Pd   0.2200  0.0180
  46 114 Pd   0.1640  0.0270
  46 116 Pd   0.2070  0.0310
  48 104 Cd   0.1740  0.0240
  48 106 Cd   0.1732  0.0042
  48 108 Cd   0.1752  0.0041
  48 110 Cd   0.1770  0.0039
  48 112 Cd   0.1862  0.0037
  48 114 Cd   0.1903  0.0035
  48 116 Cd   0.1906  0.0034
  48 118 Cd   0.1900  0.0070
  48 120 Cd   0.1720  0.0110
  48 122 Cd   0.1820  0.0450
  50 112 Sn   0.1226  0.0036
  50 114 Sn   0.1210  0.0130
  50 116 Sn   0.1118  0.0016
  50 118 Sn   0.1105  0.0021
  50 120 Sn   0.1075  0.0011
  50 122 Sn   0.1036  0.0011
  50 124 Sn   0.0953  0.0011
  52 120 Te   0.2010  0.0210
  52 122 Te   0.1847  0.0008
  52 124 Te   0.1695  0.0009
  52 126 Te   0.1534  0.0016
  52 128 Te   0.1363  0.0011
  52 130 Te   0.1184  0.0014
  54 114 Xe   0.2210  0.0070
  54 116 Xe   0.2490  0.0060
  54 118 Xe   0.2650  0.0070
  54 120 Xe   0.2910  0.0090
  54 122 Xe   0.2590  0.0060
  54 124 Xe   0.2120  0.0070
  54 126 Xe   0.1881  0.0031
  54 128 Xe   0.1836  0.0049
  54 130 Xe   0.1690  0.0070
  54 132 Xe   0.1409  0.0046
  54 134 Xe   0.1190  0.0110
  54 136 Xe   0.1220  0.0100
  54 140 Xe   0.1137  0.0025
  56 122 Ba   0.3540  0.0180
  56 124 Ba   0.3020  0.0070
  56 126 Ba   0.2730  0.0070
  56 128 Ba   0.2490  0.0060
  56 130 Ba   0.2183  0.0015
  56 132 Ba   0.1860  0.0060
  56 134 Ba   0.1609  0.0009
  56 136 Ba   0.1258  0.0012
  56 138 Ba   0.0933  0.0018
  56 140 Ba   0.1260  0.0280
  56 142 Ba   0.1595  0.0042
  56 144 Ba   0.1940  0.0060
  56 146 Ba   0.2180  0.0039
  58 124 Ce   0.3850  0.0480
  58 126 Ce   0.3250  0.0290
  58 128 Ce   0.2980  0.0140
  58 130 Ce   0.2580  0.0070
  58 132 Ce   0.2640  0.0120
  58 134 Ce   0.1950  0.0080
  58 136 Ce   0.1700  0.0090
  58 138 Ce   0.1259  0.0042
  58 140 Ce   0.1015  0.0010
  58 142 Ce   0.1277  0.0008
  58 144 Ce   0.1660  0.0090
  58 146 Ce   0.1930  0.0100
  58 148 Ce   0.2510  0.0120
  58 150 Ce   0.3200  0.0390
  60 130 Nd   0.3700  0.0900
  60 132 Nd   0.3490  0.0300
  60 134 Nd   0.2490  0.0250
  60 142 Nd   0.0917  0.0010
  60 144 Nd   0.1237  0.0006
  60 146 Nd   0.1524  0.0025
  60 148 Nd   0.2013  0.0037
  60 150 Nd   0.2853  0.0021
  60 152 Nd   0.3490  0.0120
  62 134 Sm   0.3660  0.0260
  62 136 Sm   0.2930  0.0150
  62 138 Sm   0.2080  0.0170
  62 144 Sm   0.0874  0.0010
  62 148 Sm   0.1423  0.0030
  62 150 Sm   0.1931  0.0021
  62 152 Sm   0.3064  0.0027
  62 154 Sm   0.3410  0.0020
  64 152 Gd   0.2060  0.0090
  64 154 Gd   0.3120  0.0028
  64 156 Gd   0.3378  0.0018
  64 158 Gd   0.3484  0.0017
  64 160 Gd   0.3534  0.0020
  66 152 Dy   0.0970  0.0280
  66 154 Dy   0.2370  0.0060
  66 156 Dy   0.2929  0.0016
  66 158 Dy   0.3255  0.0017
  66 160 Dy   0.3387  0.0036
  66 162 Dy   0.3430  0.0035
  66 164 Dy   0.3481  0.0016
  68 156 Er   0.1890  0.0040
  68 158 Er   0.2550  0.0100
  68 160 Er   0.3040  0.0070
  68 162 Er   0.3222  0.0019
  68 164 Er   0.3333  0.0018
  68 166 Er   0.3420  0.0015
  68 168 Er   0.3381  0.0029
  68 170 Er   0.3363  0.0029
  70 158 Yb   0.1940  0.0120
  70 160 Yb   0.2300  0.0070
  70 162 Yb   0.2630  0.0060
  70 164 Yb   0.2900  0.0090
  70 166 Yb   0.3150  0.0090
  70 168 Yb   0.3220  0.0090
  70 170 Yb   0.3258  0.0037
  70 172 Yb   0.3302  0.0019
  70 174 Yb   0.3249  0.0016
  70 176 Yb   0.3050  0.0050
  72 162 Hf   0.1580  0.0070
  72 164 Hf   0.1970  0.0080
  72 166 Hf   0.2500  0.0070
  72 168 Hf   0.2750  0.0070
  72 170 Hf   0.3010  0.0350
  72 172 Hf   0.2760  0.0100
  72 174 Hf   0.2860  0.0090
  72 176 Hf   0.2953  0.0028
  72 178 Hf   0.2803  0.0017
  72 180 Hf   0.2738  0.0035
  74 168 W    0.2320  0.0060
  74 170 W    0.2400  0.0034
  74 172 W    0.2840  0.0140
  74 174 W    0.2510  0.0090
  74 180 W    0.2540  0.0070
  74 182 W    0.2508  0.0024
  74 184 W    0.2362  0.0041
  74 186 W    0.2257  0.0039
  76 172 Os   0.2250  0.0080
  76 174 Os   0.2660  0.0170
  76 180 Os   0.2260  0.0250
  76 182 Os   0.2340  0.0110
  76 184 Os   0.2130  0.0050
  76 186 Os   0.2000  0.0034
  76 188 Os   0.1862  0.0018
  76 190 Os   0.1775  0.0023
  76 192 Os   0.1667  0.0012
  78 176 Pt   0.1900  0.0100
  78 180 Pt   0.2560  0.0130
  78 184 Pt   0.2240  0.0080
  78 186 Pt   0.1979  0.0043
  78 188 Pt   0.1860  0.0170
  78 190 Pt   0.1490  0.0090
  78 192 Pt   0.1532  0.0016
  78 194 Pt   0.1426  0.0010
  78 196 Pt   0.1296  0.0008
  78 198 Pt   0.1141  0.0006
  80 184 Hg   0.1600  0.0190
  80 186 Hg   0.1320  0.0110
  80 196 Hg   0.1155  0.0025
  80 198 Hg   0.1065  0.0006
  80 200 Hg   0.0982  0.0006
  80 202 Hg   0.0826  0.0007
  80 204 Hg   0.0686  0.0006
  82 204 Pb   0.0412  0.0005
  82 206 Pb   0.0322  0.0003
  82 208 Pb   0.0553  0.0028
  82 210 Pb   0.0224  0.0034
  84 210 Po   0.0138  0.0014
  86 220 Rn   0.1266  0.0024
  86 222 Rn   0.1419  0.0048
  88 218 Ra   0.0950  0.0090
  88 222 Ra   0.1920  0.0080
  88 224 Ra   0.1790  0.0034
  88 226 Ra   0.2022  0.0027
  88 228 Ra   0.2170  0.0050
  90 222 Th   0.1530  0.0080
  90 226 Th   0.2280  0.0070
  90 228 Th   0.2301  0.0039
  90 230 Th   0.2441  0.0015
  90 232 Th   0.2608  0.0014
  90 234 Th   0.2410  0.0110
  92 230 U    0.2620  0.0160
  92 232 U    0.2640  0.0130
  92 234 U    0.2718  0.0026
  92 236 U    0.2821  0.0018
  92 238 U    0.2863  0.0024
  94 238 Pu   0.2861  0.0019
  94 240 Pu   0.2891  0.0033
  94 242 Pu   0.2917  0.0017
  94 244 Pu   0.2931  0.0017
  96 240 Cm   0.2970  0.0060
  96 244 Cm   0.2972  0.0017
  96 246 Cm   0.2983  0.0019
  96 248 Cm   0.2972  0.0019
  98 250 Cf   0.2990  0.0150
  98 252 Cf   0.3040  0.0100
