225Np  225   93    1    0    1    1    0.000000    1.420000
  1   0.000000   4.5 -1   2.00E-06  0                    (9/2-)  1 =    100.0000 %A     
226Np  226   93    1    0    1    1    6.926000    1.938000
  1   0.000000  -1.0  0   3.50E-02  0                            1 =    100.0000 %A     
227Np  227   93    1    0    1    1    8.230000    2.060000
  1   0.000000  -1.0  0   5.10E-01  0                            1 =    100.0000 %A     
228Np  228   93    1    0    1    1    6.930000    2.590000
  1   0.000000  -1.0  0   6.14E+01  0                            2 =     60.0000 %EC     =     40.0000 %A     
229Np  229   93    1    0    1    1    0.000000    2.750000
  1   0.000000  -1.0  0   2.40E+02  0                            2 LT    50.0000 %EC     LT    50.0000 %A     
230Np  230   93    2    0    1    1    6.600000    3.250000
  1   0.000000  -1.0  0   2.76E+02  0                            2 LE    97.0000 %EC+%B+ GE     3.0000 %A     
  2   0.128000  -1.0  0             0                            0
231Np  231   93    1    0    1    1    7.680000    3.280000
  1   0.000000   2.5  0   2.93E+03  0                     (5/2)  2 =     98.0000 %EC     =      2.0000 %A     
232Np  232   93    2    0    1    1    6.410000    3.790000
  1   0.000000   4.0  1   8.82E+02  0                      (4+)  1 =    100.0000 %EC+%B+
  2   0.050000   1.0  1             0                      (1+)  0
233Np  233   93   15   24    1    1    7.350000    3.880000
  1   0.000000   2.5  1   2.17E+03  0                    (5/2+)  2 =    100.0000 %EC     LE     0.0010 %A     
  2   0.034400   3.5  1             0                    (7/2+)  0
  3   0.050000   2.5 -1             0                    (5/2-)  0
  4   0.512500  -1.0  0             2                            0
                                          2      0.478  5.181E-01  5.181E-01  0.000E+00
                                          1      0.512  4.819E-01  4.819E-01  0.000E+00
  5   0.534700  -1.0  0             2                            0
                                          2      0.500  3.007E-01  3.007E-01  0.000E+00
                                          1      0.535  6.993E-01  6.993E-01  0.000E+00
  6   0.558700  -1.0  0             2                            0
                                          2      0.524  3.243E-01  3.243E-01  0.000E+00
                                          1      0.559  6.757E-01  6.757E-01  0.000E+00
  7   0.583400  -1.0  0             1                            0
                                          1      0.583  0.000E+00  0.000E+00  0.000E+00
  8   0.725900  -1.0  0             2                            0
                                          5      0.191  5.917E-01  5.917E-01  0.000E+00
                                          1      0.726  4.083E-01  4.083E-01  0.000E+00
  9   0.770000  -1.0  0             1                            0
                                          5      0.235  0.000E+00  0.000E+00  0.000E+00
 10   0.830900  -1.0  0             2                            0
                                          7      0.247  3.939E-01  3.939E-01  0.000E+00
                                          1      0.831  6.061E-01  6.061E-01  0.000E+00
 11   0.991800  -1.0  0             3                            0
                                          9      0.222  2.615E-01  2.615E-01  0.000E+00
                                          5      0.457  2.256E-01  2.256E-01  0.000E+00
                                          1      0.992  5.128E-01  5.128E-01  0.000E+00
 12   1.012400  -1.0  0             2                            0
                                          2      0.978  3.243E-01  3.243E-01  0.000E+00
                                          1      1.012  6.757E-01  6.757E-01  0.000E+00
 13   1.035300  -1.0  0             2                            0
                                          2      1.001  7.576E-01  7.576E-01  0.000E+00
                                          1      1.035  2.424E-01  2.424E-01  0.000E+00
 14   1.062600  -1.0  0             2                            0
                                          6      0.504  7.576E-01  7.576E-01  0.000E+00
                                          2      1.028  2.424E-01  2.424E-01  0.000E+00
 15   1.243300  -1.0  0             3                            0
                                         14      0.181  2.778E-01  2.778E-01  0.000E+00
                                         13      0.207  5.556E-01  5.556E-01  0.000E+00
                                          9      0.473  1.667E-01  1.667E-01  0.000E+00
234Np  234   93    1    0    1    1    6.120000    4.253000
  1   0.000000   0.0  1   3.80E+05  0                      (0+)  1 =    100.0000 %EC+%B+
235Np  235   93   36   13   31    1    6.984000    4.391800
  1   0.000000   2.5  1   3.42E+07  0 u                    5/2+  2 =    100.0000 %EC     =      0.0026 %A     
  2   0.034230   3.5  1             1 u                  (7/2)+  0
                                          1      0.034  8.374E-03  1.000E+00  1.184E+02
  3   0.049100   2.5 -1   6.90E-09  1 u                  (5/2)-  0
                                          1      0.049  5.578E-01  1.000E+00  7.927E-01
  4   0.079100   4.5  1             0 u                  (9/2+)  0
  5   0.091600   3.5 -1             0 u                  (7/2)-  0
  6   0.133000   5.5  1             0 u                 (11/2)+  0
  7   0.146800   4.5 -1             0 u                  (9/2)-  0
  8   0.200000   6.5  1             0 u                 (13/2)+  0
  9   0.352000   1.5 -1             0 u                  (3/2-)  0
 10   0.371000   0.5 -1             0 u                  (1/2-)  0
 11   0.408000   3.5 -1             0 u                  (7/2-)  0
 12   0.441000   2.5 -1             0 u                  (5/2-)  0
 13   0.520000   5.5 -1             0 u                 (11/2-)  0
 14   0.565000   1.5 -1             0 u                  (3/2-)  0
 15   0.602000   2.5 -1             0 u                  (5/2-)  0
 16   0.644000   3.5 -1             0 u                  (7/2-)  0
 17   0.700000   4.5 -1             0 u                  (9/2-)  0
 18   0.756400   2.5 -1             2 c           (3/2,5/2,7/2)  0
                                          2      0.722  9.841E-03  9.906E-03  6.652E-03
                                          1      0.756  9.841E-01  9.901E-01  6.117E-03
 19   0.761000   5.5 -1             0 u                 (11/2-)  0
 20   0.779500   3.5 -1             2 c           (3/2,5/2,7/2)  0
                                          2      0.745  7.049E-01  7.093E-01  6.286E-03
                                          1      0.780  2.890E-01  2.907E-01  5.793E-03
 21   0.819000   2.5  1             2 c              (5/2+,7/2)  0
                                          4      0.740  5.989E-01  6.108E-01  1.986E-02
                                          2      0.785  3.594E-01  3.892E-01  8.298E-02
 22   0.834000   2.5  1             0 u                    5/2+  0
 23   0.870000   0.5 -1             0 n                          0
 24   0.922000   3.5 -1             0 u                  (7/2-)  0
 25   0.936800   2.5  1             3 c              (5/2+,7/2)  0
                                          4      0.858  2.612E-01  2.650E-01  1.487E-02
                                          2      0.903  4.353E-01  4.602E-01  5.737E-02
                                          1      0.937  2.612E-01  2.747E-01  5.202E-02
 26   0.944500   3.5  1             2 c           (3/2,5/2,7/2)  0
                                          2      0.910  5.614E-01  5.929E-01  5.613E-02
                                          1      0.945  3.874E-01  4.071E-01  5.086E-02
 27   0.962000   0.5 -1             0 n                          0
 28   0.978000   4.5 -1             0 u                  (9/2-)  0
 29   0.998000   4.5  1             0 n                          0
 30   1.024000   1.5 -1             0 n                          0
 31   1.064000   4.5 -1             0 u                  (9/2-)  0
 32   1.117000  -1.0  0             0                            0
 33   1.160000   6.5  1             0 u                 (13/2+)  0
 34   1.260000   2.5  1             0 u                    5/2+  0
 35   1.293000  -1.0  0             0                            0
 36   1.818000   2.5  1             0 u                    5/2+  0
236Np  236   93    5    0    1    1    5.740000    4.840000
  1   0.000000   6.0 -1   4.86E+12  0                      (6-)  3 =     87.3000 %EC     =      0.1600 %A      =     12.5000 %B-    
  2   0.060000   1.0  0   8.10E+04  0                         1  2 =     52.0000 %EC     =     48.0000 %B-    
  3   0.231000   3.0 -1             0                      (3-)  0
  4   0.273000   4.0 -1             0                      (4-)  0
  5   0.324000   5.0 -1             0                      (5-)  0
237Np  237   93   80  156   34   13    6.584000    4.862100
  1   0.000000   2.5  1   6.77E+13  0 u                    5/2+  2 =    100.0000 %A      LE     0.0000 %SF    
  2   0.033196   3.5  1   5.40E-11  1 u                    7/2+  0
                                          1      0.033  0.000E+00  0.000E+00  1.850E+02
  3   0.059541   2.5 -1   6.70E-08  2 u                    5/2-  0
                                          2      0.026  2.428E-02  2.185E-01  8.000E+00
                                          1      0.060  3.618E-01  7.815E-01  1.160E+00
  4   0.075920   4.5  1   5.60E-11  2 u                    9/2+  0
                                          2      0.043  1.457E-02  9.109E-01  6.151E+01
                                          1      0.076  1.603E-03  8.907E-02  5.457E+01
  5   0.102960   3.5 -1   8.00E-11  4 u                    7/2-  0
                                          4      0.027  0.000E+00  0.000E+00  3.787E+00
                                          3      0.043  5.940E-03  9.979E-01  1.670E+02
                                          2      0.070  2.376E-04  3.174E-04  3.360E-01
                                          1      0.103  1.586E-03  1.778E-03  1.210E-01
  6   0.130000   5.5  1             2 u                   11/2+  0
                                          4      0.054  0.000E+00  0.000E+00  3.306E+01
                                          2      0.097  0.000E+00  0.000E+00  1.737E+01
  7   0.158510   4.5 -1             3 u                    9/2-  0
                                          5      0.056  1.150E-02  7.821E-01  6.700E+01
                                          3      0.099  1.292E-02  2.145E-01  1.560E+01
                                          2      0.125  2.597E-03  3.392E-03  3.057E-01
  8   0.191460   6.5  1             1 u                   13/2+  0
                                          4      0.116  1.159E-01  1.000E+00  7.627E+00
  9   0.225960   5.5 -1             3 u                   11/2-  0
                                          7      0.067  2.056E-02  6.579E-01  3.100E+01
                                          5      0.123  4.895E-02  3.378E-01  5.900E+00
                                          4      0.150  3.622E-03  4.345E-03  1.995E-01
 10   0.267540   1.5 -1   5.20E-09  4 u                    3/2-  0
                                          5      0.165  1.913E-02  5.241E-02  1.740E+00
                                          3      0.208  2.224E-01  9.297E-01  3.180E+00
                                          2      0.234  2.158E-04  2.084E-03  8.660E+00
                                          1      0.268  7.473E-03  1.577E-02  1.110E+00
 11   0.269900   7.5  1             1 u                   15/2+  0
                                          6      0.140  2.273E-01  1.000E+00  3.399E+00
 12   0.281350   0.5 -1             2 u                    1/2-  0
                                         10      0.014  1.900E-03  9.861E-01  5.180E+02
                                          3      0.222  8.879E-03  1.385E-02  5.600E-01
 13   0.305060   6.5 -1             2 u                   13/2-  0
                                          7      0.147  2.601E-01  9.885E-01  2.800E+00
                                          6      0.175  1.014E-02  1.155E-02  1.384E-01
 14   0.316800   2.5  1             1 g                          0
                                          1      0.317  0.000E+00  0.000E+00  1.007E+00
 15   0.324420   3.5 -1             5 u                  (7/2-)  0
                                          7      0.166  6.609E-02  4.720E-01  6.141E+00
                                          5      0.221  1.208E-01  4.493E-01  2.718E+00
                                          4      0.249  1.571E-03  1.667E-03  6.146E-02
                                          3      0.265  2.562E-02  6.790E-02  1.651E+00
                                          2      0.291  8.820E-03  9.202E-03  4.332E-02
 16   0.332360   0.5  1   1.00E-09  3 u                    1/2+  0
                                         12      0.051  2.776E-01  4.906E-01  7.670E-01
                                         10      0.065  2.972E-01  4.185E-01  4.080E-01
                                          1      0.332  7.907E-02  9.093E-02  1.500E-01
 17   0.348500   8.5  1             1 u                   17/2+  0
                                          8      0.157  3.217E-01  1.000E+00  2.108E+00
 18   0.359700   2.5 -1             1 u                  (5/2-)  0
                                          3      0.300  0.000E+00  0.000E+00  1.168E+00
 19   0.368590   2.5  1             4 u                    5/2+  0
                                          4      0.293  1.147E-02  1.399E-02  2.204E-01
                                          3      0.309  1.122E-03  1.165E-03  3.804E-02
                                          2      0.335  4.009E-01  6.975E-01  7.400E-01
                                          1      0.369  1.752E-01  2.873E-01  6.400E-01
 20   0.370930   1.5  1             3 u                    3/2+  0
                                         16      0.039  0.000E+00  0.000E+00  8.336E+01
                                          2      0.338  4.985E-02  5.698E-02  1.430E-01
                                          1      0.371  6.006E-01  9.430E-01  5.700E-01
 21   0.395520   7.5 -1             2 u                   15/2-  0
                                          9      0.170  3.893E-01  9.928E-01  1.550E+00
                                          8      0.204  6.541E-03  7.176E-03  9.705E-02
 22   0.434120   5.5 -1             5 u                 (11/2-)  0
                                         15      0.110  6.907E-02  7.370E-01  9.670E+00
                                         13      0.129  0.000E+00  0.000E+00  1.250E+01
                                          7      0.276  9.334E-02  2.312E-01  1.477E+00
                                          6      0.304  1.400E-02  1.455E-02  3.939E-02
                                          4      0.358  1.680E-02  1.727E-02  2.767E-02
 23   0.452530   4.5  1             5 u                    9/2+  0
                                          8      0.261  2.238E-03  2.954E-03  3.201E-01
                                          6      0.323  2.830E-01  4.952E-01  7.500E-01
                                          4      0.377  2.572E-01  4.185E-01  6.270E-01
                                          2      0.419  5.351E-02  7.856E-02  4.682E-01
                                          1      0.453  4.476E-03  4.766E-03  6.489E-02
 24   0.454400   9.5  1             1 u                   19/2+  0
                                         11      0.185  0.000E+00  0.000E+00  1.111E+00
 25   0.459690   3.5  1             4 u                    7/2+  0
                                         15      0.135  0.000E+00  0.000E+00  2.546E-01
                                          4      0.384  3.298E-01  5.262E-01  5.954E-01
                                          2      0.426  2.876E-01  4.162E-01  4.473E-01
                                          1      0.460  4.221E-02  5.762E-02  3.650E-01
 26   0.485960   4.5 -1             2 u                  (9/2-)  0
                                         15      0.162  1.314E-01  1.000E+00  6.612E+00
                                          9      0.261  0.000E+00  0.000E+00  1.723E+00
 27   0.497020   8.5 -1             1 u                   17/2-  0
                                         13      0.192  5.117E-01  1.000E+00  9.541E-01
 28   0.514190   1.5 -1             5 u                  (3/2-)  0
                                         18      0.154  1.244E-02  1.062E-01  7.537E+00
                                         12      0.233  1.063E-01  3.575E-01  2.364E+00
                                         10      0.247  5.527E-02  1.664E-01  2.010E+00
                                          3      0.455  2.243E-01  3.086E-01  3.760E-01
                                          1      0.514  6.058E-02  6.135E-02  1.269E-02
 29   0.545590   2.5 -1             4 u                  (5/2-)  0
                                         12      0.265  0.000E+00  0.000E+00  3.040E-01
                                         10      0.278  1.468E-01  3.587E-01  1.443E+00
                                          2      0.513  3.863E-01  3.913E-01  1.276E-02
                                          1      0.545  2.472E-01  2.500E-01  1.130E-02
 30   0.547000  10.5  1             1 u                   21/2+  0
                                         17      0.199  0.000E+00  0.000E+00  8.409E-01
 31   0.590280   3.5 -1             3 u                  (7/2-)  0
                                         10      0.323  0.000E+00  0.000E+00  1.640E-01
                                          5      0.487  1.271E-01  1.667E-01  3.118E-01
                                          1      0.590  8.253E-01  8.333E-01  9.698E-03
 32   0.592300   6.5  1             5 u                   13/2+  0
                                         23      0.139  1.904E-01  8.466E-01  3.447E+00
                                         22      0.159  4.950E-02  5.811E-02  1.738E-01
                                         21      0.197  1.752E-02  1.936E-02  1.053E-01
                                          8      0.401  1.752E-02  2.678E-02  5.286E-01
                                          6      0.463  3.618E-02  4.911E-02  3.575E-01
 33   0.598000   5.5  1             4 u                   11/2+  0
                                         25      0.139  0.000E+00  0.000E+00  3.547E+00
                                          8      0.406  2.009E-01  3.034E-01  5.099E-01
                                          6      0.468  4.018E-01  5.415E-01  3.475E-01
                                          4      0.522  1.246E-01  1.552E-01  2.457E-01
 34   0.618000   1.5  1             0 n                          0
 35   0.646100   4.5 -1             2 u                  (9/2-)  0
                                          7      0.487  0.000E+00  0.000E+00  3.118E-01
                                          3      0.587  9.690E-01  1.000E+00  3.197E-02
 36   0.666200  -1.0  0             4               (5/2+,7/2-)  0
                                         10      0.399  5.351E-01  5.351E-01  0.000E+00
                                          4      0.590  0.000E+00  0.000E+00  0.000E+00
                                          2      0.633  3.344E-01  3.344E-01  0.000E+00
                                          1      0.667  1.304E-01  1.304E-01  0.000E+00
 37   0.684400  11.5  1             2 u                   23/2+  0
                                         30      0.138  0.000E+00  0.000E+00  1.044E+01
                                         24      0.230  0.000E+00  0.000E+00  4.922E-01
 38   0.709000   5.5 -1             0 u                 (11/2-)  0
 39   0.721950   2.5 -1             6 u                    5/2-  0
                                         10      0.455  0.000E+00  0.000E+00  3.760E-01
                                          7      0.563  1.025E-03  1.060E-03  3.489E-02
                                          5      0.619  8.351E-02  9.653E-02  1.559E-01
                                          3      0.662  5.123E-01  5.790E-01  1.302E-01
                                          2      0.689  4.560E-02  4.593E-02  7.256E-03
                                          1      0.722  2.756E-01  2.775E-01  6.656E-03
 40   0.756000   3.5 -1             6 u                    7/2-  0
                                          7      0.597  1.088E-01  1.274E-01  1.713E-01
                                          5      0.653  5.522E-01  6.268E-01  1.352E-01
                                          4      0.680  4.583E-02  4.617E-02  7.427E-03
                                          3      0.697  7.841E-02  8.734E-02  1.139E-01
                                          2      0.722  0.000E+00  0.000E+00  6.656E-03
                                          1      0.756  1.115E-01  1.122E-01  6.125E-03
 41   0.758000  -1.0  0             0                            0
 42   0.770570  -1.0  0             3                            0
                                         15      0.446  3.695E-02  3.695E-02  0.000E+00
                                          2      0.737  6.057E-01  6.057E-01  0.000E+00
                                          1      0.771  3.574E-01  3.574E-01  0.000E+00
 43   0.787100  12.5  1             1 u                   25/2+  0
                                         30      0.240  0.000E+00  0.000E+00  4.237E-01
 44   0.800000   4.5 -1             5 u                    9/2-  0
                                          9      0.574  8.496E-02  1.012E-01  1.907E-01
                                          7      0.641  4.720E-01  5.389E-01  1.418E-01
                                          6      0.670  2.549E-02  2.568E-02  7.639E-03
                                          5      0.697  0.000E+00  0.000E+00  1.139E-01
                                          2      0.767  3.323E-01  3.343E-01  5.966E-03
 45   0.805800  -1.0  0             4               (7/2+,9/2+)  0
                                          6      0.676  1.292E-01  1.292E-01  0.000E+00
                                          4      0.730  2.693E-01  2.693E-01  0.000E+00
                                          2      0.772  5.385E-01  5.385E-01  0.000E+00
                                          1      0.806  6.300E-02  6.300E-02  0.000E+00
 46   0.823000  -1.0  0             0                            0
 47   0.853360   5.5 -1             2 u                   11/2-  0
                                         15      0.529  4.093E-01  4.257E-01  3.996E-02
                                          9      0.627  4.992E-01  5.743E-01  1.505E-01
 48   0.861700  -1.0  0             4                (5/2+,7/2)  0
                                          4      0.786  2.266E-01  2.266E-01  0.000E+00
                                          3      0.802  4.926E-01  4.926E-01  0.000E+00
                                          2      0.829  8.867E-02  8.867E-02  0.000E+00
                                          1      0.863  1.921E-01  1.921E-01  0.000E+00
 49   0.906000  -1.0  0             0                            0
 50   0.914000  -1.0  0             0                            0
 51   0.920900  -1.0  0             3                            0
                                          3      0.861  1.659E-01  1.659E-01  0.000E+00
                                          2      0.887  4.484E-01  4.484E-01  0.000E+00
                                          1      0.922  3.857E-01  3.857E-01  0.000E+00
 52   0.945300  -1.0  0   7.10E-07  6                11/2, 13/2  0
                                         13      0.640  1.211E-01  1.211E-01  0.000E+00
                                         11      0.676  1.982E-02  1.982E-02  0.000E+00
                                          9      0.719  1.505E-01  1.505E-01  0.000E+00
                                          8      0.754  1.762E-01  1.762E-01  0.000E+00
                                          7      0.787  1.652E-01  1.652E-01  0.000E+00
                                          6      0.815  3.671E-01  3.671E-01  0.000E+00
 53   0.946000  -1.0  0             0                            0
 54   0.959600  13.5  1             2 u                   27/2+  0
                                         43      0.173  0.000E+00  0.000E+00  5.484E+00
                                         37      0.275  0.000E+00  0.000E+00  2.686E-01
 55   0.961000  -1.0  0             0                            0
 56   0.963000  -1.0  0             0                            0
 57   0.984000  -1.0  0             0                            0
 58   1.013000  -1.0  0             0                            0
 59   1.020000  -1.0  0             0                            0
 60   1.030000  -1.0  0             0                            0
 61   1.040000  -1.0  0             0                            0
 62   1.066000  -1.0  0             0                            0
 63   1.068300  14.5  1             1 u                   29/2+  0
                                         43      0.281  0.000E+00  0.000E+00  2.503E-01
 64   1.072000  -1.0  0             0                            0
 65   1.112000  -1.0  0             0                            0
 66   1.278800  15.5  1             2 u                   31/2+  0
                                         63      0.211  0.000E+00  0.000E+00  3.131E+00
                                         54      0.319  0.000E+00  0.000E+00  1.695E-01
 67   1.389000  16.5  1             1 u                   33/2+  0
                                         63      0.321  0.000E+00  0.000E+00  1.663E-01
 68   1.639000  17.5  1             2 u                   35/2+  0
                                         67      0.249  0.000E+00  0.000E+00  1.951E+00
                                         66      0.361  0.000E+00  0.000E+00  1.184E-01
 69   1.749000  18.5  1             1 u                   37/2+  0
                                         67      0.360  0.000E+00  0.000E+00  1.193E-01
 70   2.041000  19.5  1             2 u                   39/2+  0
                                         69      0.293  0.000E+00  0.000E+00  1.252E+00
                                         68      0.401  0.000E+00  0.000E+00  8.869E-02
 71   2.146000  20.5  1             1 u                   41/2+  0
                                         69      0.397  0.000E+00  0.000E+00  9.122E-02
 72   2.480000  21.5  1             2 u                   43/2+  0
                                         71      0.335  0.000E+00  0.000E+00  8.647E-01
                                         70      0.439  0.000E+00  0.000E+00  7.009E-02
 73   2.578000  22.5  1             1 u                   45/2+  0
                                         71      0.432  0.000E+00  0.000E+00  7.308E-02
 74   2.800000  -1.0  0   4.50E-08  0                            1 LE   100.0000 %SF    
 75   2.955000  23.5  1             2 u                   47/2+  0
                                         73      0.378  0.000E+00  0.000E+00  6.198E-01
                                         72      0.475  0.000E+00  0.000E+00  5.747E-02
 76   3.043000  24.5  1             1 u                   49/2+  0
                                         73      0.466  0.000E+00  0.000E+00  6.050E-02
 77   3.464000  25.5  1             1 u                   51/2+  0
                                         75      0.509  0.000E+00  0.000E+00  4.365E-02
 78   3.541000  26.5  1             0 u                   53/2+  0
 79   4.004000  27.5  1             1 u                   55/2+  0
                                         77      0.540  0.000E+00  0.000E+00  3.820E-02
 80   4.069000  28.5  1             1 u                   57/2+  0
                                         78      0.528  0.000E+00  0.000E+00  4.024E-02
238Np  238   93  130  124   77   13    5.488090    5.224300
  1   0.000000   2.0  1   1.83E+05  0 u                      2+  0
  2   0.026427   3.0  1             1 u                      3+  0
                                          1      0.026  0.000E+00  0.000E+00  3.540E+02
  3   0.062330   4.0  1             2 u                      4+  0
                                          2      0.036  5.973E-03  6.822E-03  1.420E-01
                                          1      0.062  7.197E-03  9.932E-01  1.370E+02
  4   0.086674   3.0  1             3 u                      3+  0
                                          3      0.024  1.548E-04  5.403E-02  3.480E+02
                                          2      0.060  1.637E-02  4.174E-01  2.450E+01
                                          1      0.087  5.529E-02  5.286E-01  8.560E+00
  5   0.106155   5.0  1             2 u                      5+  0
                                          3      0.044  1.187E-02  8.333E-01  6.920E+01
                                          2      0.080  3.798E-03  1.667E-01  4.290E+01
  6   0.121645   4.0  1             4 u                      4+  0
                                          4      0.035  7.494E-03  8.918E-01  1.180E+02
                                          3      0.059  7.494E-04  1.956E-02  2.510E+01
                                          2      0.095  4.190E-03  3.067E-02  6.320E+00
                                          1      0.122  8.058E-03  5.794E-02  6.190E+00
  7   0.136045   3.0 -1   6.00E-09  4 u                      3-  0
                                          4      0.049  4.738E-01  8.661E-01  8.280E-01
                                          3      0.074  2.701E-02  3.484E-02  2.900E-01
                                          2      0.110  4.738E-02  5.226E-02  1.030E-01
                                          1      0.136  3.743E-02  4.682E-02  2.510E-01
  8   0.161685   6.0  1             0 u                      6+  0
  9   0.165532   5.0  1             2 u                      5+  0
                                          6      0.044  0.000E+00  0.000E+00  6.980E+01
                                          2      0.139  0.000E+00  0.000E+00  2.500E-01
 10   0.179154   4.0 -1             3 u                      4-  0
                                          7      0.043  1.194E-02  8.322E-01  6.870E+01
                                          4      0.092  5.191E-02  6.012E-02  1.580E-01
                                          2      0.153  9.033E-02  1.076E-01  1.917E-01
 11   0.182878   2.0 -1             4 u                      2-  0
                                          7      0.047  4.181E-03  2.245E-01  5.270E+01
                                          4      0.096  0.000E+00  0.000E+00  1.464E-01
                                          2      0.156  1.589E-01  1.876E-01  1.810E-01
                                          1      0.183  5.226E-01  5.879E-01  1.250E-01
 12   0.215522   3.0 -1             5 u                      3-  0
                                         11      0.033  1.998E-03  2.837E-01  1.410E+02
                                          7      0.079  1.311E-02  5.716E-01  4.260E+01
                                          3      0.153  3.309E-02  3.937E-02  1.900E-01
                                          2      0.189  3.371E-02  3.762E-02  1.160E-01
                                          1      0.216  6.243E-02  6.773E-02  8.500E-02
 13   0.217949   0.0 -1             2 u                      0-  0
                                         11      0.035  3.895E-04  8.691E-01  2.230E+03
                                          1      0.218  1.082E-02  1.309E-01  1.110E+01
 14   0.218700   6.0  1             1 u                    (6+)  0
                                          9      0.053  0.000E+00  0.000E+00  3.810E+01
 15   0.232828   5.0 -1             3 u                      5-  0
                                         10      0.054  1.305E-02  6.671E-01  5.010E+01
                                          7      0.097  1.110E-02  2.031E-01  1.730E+01
                                          6      0.111  6.527E-02  1.299E-01  9.900E-01
 16   0.243959   1.0  1             1 u                    (1)+  0
                                          1      0.244  0.000E+00  0.000E+00  2.060E+00
 17   0.246400   4.0  1             0 c                  1 TO 4  0
 18   0.250330   1.0  1             1 u                    (1+)  0
                                          1      0.250  0.000E+00  0.000E+00  1.931E+00
 19   0.250390   2.0 -1             2 u                    (2)-  0
                                          2      0.224  3.776E-01  4.072E-01  7.830E-02
                                          1      0.250  5.589E-01  5.928E-01  6.069E-02
 20   0.258853   4.0 -1             6 u                      4-  0
                                         12      0.043  2.151E-03  3.463E-01  1.600E+02
                                         11      0.076  2.976E-03  1.610E-01  5.310E+01
                                          7      0.123  8.929E-03  1.384E-01  1.450E+01
                                          5      0.153  1.542E-01  1.838E-01  1.917E-01
                                          3      0.196  2.300E-02  2.544E-02  1.060E-01
                                          2      0.232  1.353E-01  1.450E-01  7.190E-02
 21   0.275519   5.0  1             1 u                      5+  0
                                          6      0.154  1.164E-01  1.000E+00  7.593E+00
 22   0.277641   2.0  1             2 u                    (2)+  0
                                          2      0.251  1.847E-01  2.585E-01  4.000E-01
                                          1      0.278  3.027E-01  7.415E-01  1.449E+00
 23   0.285800   2.0 -1             0 c                  1 TO 4  0
 24   0.297030   6.0 -1             2 u                    (6-)  0
                                          9      0.131  5.859E-01  7.456E-01  2.725E-01
                                          5      0.191  2.285E-01  2.544E-01  1.133E-01
 25   0.298368   3.0  1             4 u                      3+  0
                                         16      0.054  9.337E-04  2.512E-01  2.680E+02
                                          3      0.236  1.415E-01  4.626E-01  2.270E+00
                                          2      0.272  1.019E-01  2.577E-01  1.530E+00
                                          1      0.298  1.302E-02  2.850E-02  1.190E+00
 26   0.299230   3.0  1             3 u                    (3+)  0
                                          3      0.237  1.515E-01  4.923E-01  2.248E+00
                                          2      0.273  1.228E-01  3.096E-01  1.522E+00
                                          1      0.299  9.093E-02  1.981E-01  1.178E+00
 27   0.299788   1.0 -1             1 u                    (1)-  0
                                         11      0.117  2.223E-01  1.000E+00  3.499E+00
 28   0.300680   3.0 -1             3 c               1-,2,3,4-  0
                                         12      0.085  0.000E+00  0.000E+00  8.819E+00
                                         11      0.117  0.000E+00  0.000E+00  3.474E+00
                                          7      0.165  0.000E+00  0.000E+00  6.262E+00
 29   0.300743   6.0 -1             5 u                    (6-)  0
                                         15      0.068  4.890E-02  8.745E-01  1.688E+01
                                         10      0.121  0.000E+00  0.000E+00  6.273E+00
                                          9      0.135  8.289E-02  1.040E-01  2.551E-01
                                          8      0.139  1.741E-03  2.156E-03  2.384E-01
                                          5      0.195  1.741E-02  1.929E-02  1.084E-01
 30   0.305400   1.0 -1             0 c                1- TO 4-  0
 31   0.312704   5.0 -1             5 u                      5-  0
                                         20      0.054  1.470E-03  6.322E-02  4.200E+01
                                         12      0.097  4.705E-03  8.440E-02  1.694E+01
                                          8      0.151  4.411E-02  7.807E-01  1.670E+01
                                          7      0.177  1.470E-02  3.407E-02  1.317E+00
                                          3      0.250  3.543E-02  3.759E-02  6.071E-02
 32   0.315063   4.0  1             3 c                   4+,5+  0
                                         15      0.082  4.670E-01  6.211E-01  3.300E-01
                                         10      0.136  1.634E-01  2.046E-01  2.518E-01
                                          7      0.179  1.541E-01  1.744E-01  1.314E-01
 33   0.324314   4.0 -1             1 u                    (4)-  0
                                         12      0.109  0.000E+00  0.000E+00  4.300E+00
 34   0.325210   1.0 -1             2 u                      1-  0
                                         13      0.107  7.932E-02  4.346E-01  4.479E+00
                                         11      0.142  5.394E-02  5.654E-01  9.483E+00
 35   0.328600   6.0  1             1 u                      6+  0
                                          9      0.163  0.000E+00  0.000E+00  6.418E+00
 36   0.334000   1.0 -1             0 c                1- TO 3-  0
 37   0.342439   5.0 -1             4 u                      5-  0
                                         21      0.067  6.392E-02  8.782E-02  3.740E-01
                                         15      0.110  7.907E-02  4.119E-01  4.209E+00
                                         10      0.163  6.589E-02  4.887E-01  6.417E+00
                                          7      0.206  6.721E-03  1.161E-02  7.277E-01
 38   0.348800   3.0 -1             0 c                1- TO 3-  0
 39   0.352460   3.0 -1             2 u                    (3)-  0
                                         27      0.053  1.353E-03  4.270E-01  3.147E+02
                                         20      0.094  7.515E-02  5.730E-01  6.625E+00
 40   0.367260   2.0 -1             1 u                    (2)-  0
                                         11      0.184  0.000E+00  0.000E+00  4.554E+00
 41   0.373684   1.0 -1             2 u                    (1)-  0
                                         34      0.049  4.705E-03  2.155E-01  4.480E+01
                                         13      0.156  9.409E-02  7.845E-01  7.338E+00
 42   0.374700   5.0  1             0 u                    (5+)  0
 43   0.376700   6.0 -1             2 u                    (6-)  0
                                         20      0.118  0.000E+00  0.000E+00  6.967E+00
                                          5      0.271  0.000E+00  0.000E+00  5.103E-02
 44   0.380600   3.0 -1             1 u                    (3)-  0
                                         19      0.130  0.000E+00  0.000E+00  4.670E+00
 45   0.386300   1.0  1             0 c                  1 TO 4  0
 46   0.389400   7.0  1             2 u                      7+  0
                                         21      0.114  0.000E+00  0.000E+00  8.198E+00
                                         14      0.171  0.000E+00  0.000E+00  5.676E+00
 47   0.395198   5.0  1             2 u                    (5)+  0
                                          5      0.289  2.817E-01  5.127E-01  8.200E-01
                                          3      0.333  4.205E-01  4.873E-01  1.590E-01
 48   0.397300   1.0 -1             0 n                          0
 49   0.407590   6.0 -1             2 u                      6-  0
                                         21      0.133  0.000E+00  0.000E+00  2.671E-01
                                         15      0.175  0.000E+00  0.000E+00  5.295E+00
 50   0.409500   8.0 -1             0 u                    (8-)  0
 51   0.417641   4.0  1             4 c                2+,3+,4+  0
                                          6      0.296  3.472E-01  4.212E-01  2.130E-01
                                          4      0.331  1.597E-01  3.023E-01  8.924E-01
                                          2      0.391  2.049E-01  2.581E-01  2.600E-01
                                          1      0.418  1.701E-02  1.837E-02  7.974E-02
 52   0.431300   4.0  1             0 u                    (4+)  0
 53   0.433716   3.0  1             3 c                   3+,4+  0
                                         20      0.175  1.308E-01  1.490E-01  1.390E-01
                                         12      0.218  2.389E-01  2.587E-01  8.309E-02
                                          7      0.298  5.688E-01  5.923E-01  4.130E-02
 54   0.442230   4.0 -1             1 u                    (4)-  0
                                         40      0.075  0.000E+00  0.000E+00  5.748E+01
 55   0.456300   8.0  1             0 u                    (8+)  0
 56   0.457650   1.0 -1             0 c                1- TO 3-  0
 57   0.459600   6.0  1             1 u                    (6+)  0
                                         37      0.117  0.000E+00  0.000E+00  8.635E-02
 58   0.469100   4.0 -1             0 c                1- TO 4-  0
 59   0.473300   1.0 -1             0 c                1- TO 4-  0
 60   0.484000   7.0 -1             0 u                      7-  0
 61   0.497200   3.0 -1             2 c               2-,3-, 4-  0
                                         12      0.282  1.855E-01  3.376E-01  8.200E-01
                                         11      0.314  3.265E-01  6.624E-01  1.029E+00
 62   0.505100   4.0 -1             0 c                1- TO 4-  0
 63   0.523830   3.0  1             4 c                3+,4+,5+  0
                                          9      0.358  2.406E-01  2.697E-01  1.209E-01
                                          5      0.418  2.193E-02  2.368E-02  7.974E-02
                                          3      0.462  2.559E-01  3.122E-01  2.200E-01
                                          2      0.497  3.046E-01  3.944E-01  2.949E-01
 64   0.524200   6.0  1             0 u                    (6+)  0
 65   0.525300   7.0  1             0 u                    (7+)  0
 66   0.529857   3.0 -1             3 u                      3-  0
                                         31      0.217  2.786E-01  4.466E-01  6.032E-01
                                         12      0.314  1.950E-01  3.956E-01  1.029E+00
                                         11      0.347  1.031E-01  1.577E-01  5.300E-01
 67   0.543240   4.0 -1             2 c                   3-,4-  0
                                         15      0.310  4.805E-02  9.920E-02  1.065E+00
                                         10      0.364  5.338E-01  9.008E-01  6.874E-01
 68   0.567023   3.0 -1             4 u                      3-  0
                                         15      0.334  1.546E-01  1.773E-01  1.470E-01
                                         12      0.351  1.914E-01  2.157E-01  1.270E-01
                                         11      0.384  1.068E-01  1.431E-01  3.400E-01
                                          7      0.431  3.681E-01  4.639E-01  2.600E-01
 69   0.578000   5.0  1             0 n                          0
 70   0.584500   3.0 -1             0 c                1- TO 4-  0
 71   0.601200   3.0 -1             0 c                1- TO 3-  0
 72   0.603700   1.0  1             0 n                          0
 73   0.619500   3.0  1             0 c                  1 TO 4  0
 74   0.630600   2.0  1             0 n                          0
 75   0.635300   3.0 -1             0 c                1- TO 4-  0
 76   0.646760   2.0  1             3 c             2+,3+, (4)+  0
                                          3      0.584  2.373E-01  2.449E-01  3.221E-02
                                          2      0.620  3.767E-01  4.139E-01  9.900E-02
                                          1      0.647  3.277E-01  3.411E-01  4.100E-02
 77   0.648100   3.0 -1             0 c                1- TO 3-  0
 78   0.673600  -1.0  0             0                  1- TO 3-  0
 79   0.676900  -1.0  0             0                  1- TO 4-  0
 80   0.692100  -1.0  0             0                  1- TO 3-  0
 81   0.709240  -1.0  0             0                            0
 82   0.722400  -1.0  0             0                            0
 83   0.764100  -1.0  0             0                            0
 84   0.782400  -1.0  0             0                            0
 85   0.797400  -1.0  0             0                            0
 86   0.800400  -1.0  0             0                            0
 87   0.809800  -1.0  0             0                            0
 88   0.813900  -1.0  0             0                            0
 89   0.834700  -1.0  0             0                            0
 90   0.869000  -1.0  0             0                            0
 91   0.903300  -1.0  0             0                            0
 92   0.916600  -1.0  0             0                            0
 93   0.929100  -1.0  0             0                            0
 94   0.948900  -1.0  0             0                            0
 95   0.970700  -1.0  0             0                            0
 96   0.986500  -1.0  0             0                            0
 97   1.026600  -1.0  0             0                            0
 98   1.033400  -1.0  0             0                            0
 99   1.046500  -1.0  0             0                            0
100   1.065200  -1.0  0             0                            0
101   1.081000  -1.0  0             0                            0
102   1.089000  -1.0  0             0                            0
103   1.107800  -1.0  0             0                            0
104   1.119600  -1.0  0             0                            0
105   1.143000  -1.0  0             0                            0
106   1.163100  -1.0  0             0                            0
107   1.176100  -1.0  0             0                            0
108   1.256100  -1.0  0             0                            0
109   1.260500  -1.0  0             0                            0
110   1.276100  -1.0  0             0                            0
111   1.291300  -1.0  0             0                            0
112   1.313500  -1.0  0             0                            0
113   1.330700  -1.0  0             0                            0
114   1.364800  -1.0  0             0                            0
115   1.369800  -1.0  0             0                            0
116   1.375600  -1.0  0             0                            0
117   1.384600  -1.0  0             0                            0
118   1.392800  -1.0  0             0                            0
119   1.408500  -1.0  0             0                            0
120   1.445700  -1.0  0             0                            0
121   1.484100  -1.0  0             0                            0
122   1.492800  -1.0  0             0                            0
123   1.509000  -1.0  0             0                            0
124   1.546500  -1.0  0             0                            0
125   1.711500  -1.0  0             0                            0
126   1.822500  -1.0  0             0                            0
127   2.104300  -1.0  0             0                            0
128   2.109500  -1.0  0             0                            0
129   2.300000  -1.0  0   1.12E-07  0                            1 LE   100.0000 %SF    
130   2.857400  -1.0  0             0                            0
239Np  239   93   64   98   37    5    6.216800    5.287400
  1   0.000000   2.5  1   2.04E+05  0 u                    5/2+  1 =    100.0000 %B-    
  2   0.031131   3.5  1             1 u                    7/2+  0
                                          1      0.031  5.076E-03  1.000E+00  1.960E+02
  3   0.071210   4.5  1             1 u                    9/2+  0
                                          1      0.071  1.342E-02  1.000E+00  7.350E+01
  4   0.074664   2.5 -1   1.39E-09  2 u                    5/2-  0
                                          2      0.044  5.927E-02  1.280E-01  1.160E+00
                                          1      0.075  6.812E-01  8.720E-01  2.800E-01
  5   0.117840   3.5 -1   4.00E-11  3 u                    7/2-  0
                                          4      0.043  5.744E-03  9.190E-01  1.590E+02
                                          2      0.087  2.248E-02  2.675E-02  1.900E-01
                                          1      0.118  4.995E-02  5.424E-02  8.600E-02
  6   0.122500   5.5  1             0 u                 (11/2+)  0
  7   0.173020   4.5 -1             4 u                    9/2-  0
                                          6      0.051  2.436E-03  4.337E-03  7.800E-01
                                          5      0.055  8.478E-03  7.461E-01  8.700E+01
                                          4      0.099  7.699E-03  1.301E-01  1.590E+01
                                          2      0.142  9.745E-02  1.195E-01  2.260E-01
  8   0.180000   6.5  1             0 u                 (13/2+)  0
  9   0.220200   0.5  1             0 u                  (1/2+)  0
 10   0.241360   5.5 -1             1 u                 (11/2-)  0
                                          3      0.170  8.696E-01  1.000E+00  1.500E-01
 11   0.258300   1.5  1             0 u                  (3/2+)  0
 12   0.260799   1.5 -1             2 u                  (3/2-)  0
                                          4      0.186  4.876E-02  2.649E-01  4.433E+00
                                          1      0.261  6.965E-01  7.351E-01  5.540E-02
 13   0.267000   3.5 -1             0 n                          0
 14   0.270900   0.5 -1             0 u                  (1/2-)  0
 15   0.315500   3.5 -1             0 u                  (7/2-)  0
 16   0.317400   6.5 -1             1 u                 (13/2-)  0
                                          6      0.195  9.026E-01  1.000E+00  1.079E-01
 17   0.325000   2.5 -1             0 u                  (5/2-)  0
 18   0.347000   4.5  1             0 u                  (9/2+)  0
 19   0.359000   4.5  1             0 u                  (9/2+)  0
 20   0.411000   4.5  1             0 n                          0
 21   0.420600   4.5  1             0 n                          0
 22   0.427000   2.5 -1             0 n                          0
 23   0.438830   5.5  1             1 u                 (11/2+)  0
                                          2      0.408  9.217E-01  1.000E+00  8.493E-02
 24   0.448178   1.5 -1             3 u                  (3/2-)  0
                                         12      0.187  8.511E-02  4.553E-01  4.350E+00
                                          4      0.374  2.660E-01  4.365E-01  6.411E-01
                                          1      0.448  1.064E-01  1.082E-01  1.745E-02
 25   0.452736   3.5 -1             3 c             (5/2+,7/2-)  0
                                         12      0.192  1.110E-01  2.169E-01  9.540E-01
                                          4      0.378  4.440E-01  7.194E-01  6.203E-01
                                          3      0.381  6.216E-02  6.367E-02  2.423E-02
 26   0.474360   2.5  1             2 g                          0
                                          4      0.399  9.471E-02  9.680E-02  2.202E-02
                                          1      0.474  6.765E-01  9.032E-01  3.350E-01
 27   0.482600   2.5 -1             0 u                  (5/2-)  0
 28   0.517998   3.5 -1             2 u                  (7/2-)  0
                                          2      0.487  9.386E-01  9.525E-01  1.482E-02
                                          1      0.518  4.693E-02  4.752E-02  1.250E-02
 29   0.530290   4.5 -1             3 g                          0
                                          4      0.456  4.698E-01  4.998E-01  6.382E-02
                                          2      0.499  2.208E-01  2.239E-01  1.411E-02
                                          1      0.531  1.738E-01  2.763E-01  5.892E-01
 30   0.547000   6.5  1             0 u                 (13/2+)  0
 31   0.563890   2.5 -1             4 g                          0
                                         25      0.111  1.775E-01  8.982E-01  4.060E+00
                                          3      0.493  4.083E-02  7.304E-02  7.889E-01
                                          2      0.533  1.775E-02  1.796E-02  1.183E-02
                                          1      0.564  1.065E-02  1.076E-02  1.059E-02
 32   0.579400   4.5 -1             2 u                  (9/2-)  0
                                          4      0.505  6.580E-01  6.873E-01  4.440E-02
                                          2      0.548  3.093E-01  3.127E-01  1.120E-02
 33   0.600000   2.5  1             0 n                          0
 34   0.616000   2.5  1             0 n                          0
 35   0.637200   1.5 -1             0 n                          0
 36   0.657000   5.5 -1             0 u                 (11/2-)  0
 37   0.662282   2.5 -1             4 u                  (5/2-)  0
                                          5      0.545  1.189E-02  1.450E-02  2.194E-01
                                          4      0.588  8.137E-02  9.592E-02  1.789E-01
                                          2      0.631  2.566E-01  2.588E-01  8.538E-03
                                          1      0.662  6.259E-01  6.308E-01  7.802E-03
 38   0.695229   3.5 -1             5 u                  (7/2-)  0
                                          7      0.522  9.115E-02  1.135E-01  2.457E-01
                                          5      0.577  6.563E-02  7.794E-02  1.876E-01
                                          3      0.624  2.698E-01  2.722E-01  8.722E-03
                                          2      0.664  3.646E-01  3.674E-01  7.762E-03
                                          1      0.695  1.677E-01  1.689E-01  7.132E-03
 39   0.723700  -1.0  0             0                            0
 40   0.741600   4.5 -1             0 u                  (9/2-)  0
 41   0.778600  -1.0  0             0                            0
 42   0.784940  -1.0  0             0                            0
 43   0.819260  -1.0  0             6                            0
                                         31      0.255  1.065E-02  1.065E-02  0.000E+00
                                         10      0.577  6.726E-03  6.726E-03  0.000E+00
                                          7      0.646  8.969E-03  8.969E-03  0.000E+00
                                          3      0.748  3.924E-01  3.924E-01  0.000E+00
                                          2      0.788  2.074E-02  2.074E-02  0.000E+00
                                          1      0.819  5.605E-01  5.605E-01  0.000E+00
 44   0.823400  -1.0  0             0                            0
 45   0.844100  -1.0  0             3                 (5/2,7/2)  0
                                          3      0.773  1.399E-02  1.399E-02  0.000E+00
                                          2      0.813  3.198E-01  3.198E-01  0.000E+00
                                          1      0.844  6.662E-01  6.662E-01  0.000E+00
 46   0.863460  -1.0  0             3                            0
                                         37      0.201  3.041E-01  3.041E-01  0.000E+00
                                          5      0.746  5.848E-01  5.848E-01  0.000E+00
                                          1      0.864  1.111E-01  1.111E-01  0.000E+00
 47   0.864900   4.5  1             0 u                  (9/2+)  0
 48   0.890600  -1.0  0             0                            0
 49   0.917100  -1.0  0             0                            0
 50   0.951500  -1.0  0             0                            0
 51   0.959180  -1.0  0             5                            0
                                         37      0.297  5.677E-02  5.677E-02  0.000E+00
                                         31      0.395  5.240E-02  5.240E-02  0.000E+00
                                          4      0.885  4.367E-01  4.367E-01  0.000E+00
                                          2      0.928  2.096E-01  2.096E-01  0.000E+00
                                          1      0.959  2.445E-01  2.445E-01  0.000E+00
 52   0.964234  -1.0  0             7                            0
                                         37      0.302  6.916E-03  6.916E-03  0.000E+00
                                         12      0.703  1.261E-02  1.261E-02  0.000E+00
                                         10      0.723  1.261E-01  1.261E-01  0.000E+00
                                          5      0.846  1.749E-01  1.749E-01  0.000E+00
                                          4      0.890  1.058E-01  1.058E-01  0.000E+00
                                          2      0.933  1.668E-01  1.668E-01  0.000E+00
                                          1      0.964  4.068E-01  4.068E-01  0.000E+00
 53   0.966550  -1.0  0             5                            0
                                         37      0.304  1.919E-01  1.919E-01  0.000E+00
                                         25      0.514  7.744E-02  7.744E-02  0.000E+00
                                          7      0.794  3.367E-01  3.367E-01  0.000E+00
                                          5      0.849  1.886E-01  1.886E-01  0.000E+00
                                          3      0.895  2.054E-01  2.054E-01  0.000E+00
 54   0.992158   3.5 -1             5 u                  (7/2-)  0
                                          5      0.874  1.244E-01  1.321E-01  6.240E-02
                                          4      0.917  1.018E-01  1.073E-01  5.496E-02
                                          3      0.921  9.045E-02  9.084E-02  4.305E-03
                                          2      0.961  5.653E-01  5.676E-01  3.992E-03
                                          1      0.992  1.018E-01  1.021E-01  3.776E-03
 55   1.019900   6.5  1             0 u                 (13/2+)  0
 56   1.040370  -1.0  0             8                (5/2-,7/2)  0
                                         42      0.258  1.728E-01  1.728E-01  0.000E+00
                                         38      0.345  2.058E-01  2.058E-01  0.000E+00
                                         26      0.566  1.358E-01  1.358E-01  0.000E+00
                                         12      0.780  8.025E-02  8.025E-02  0.000E+00
                                          7      0.867  1.070E-01  1.070E-01  0.000E+00
                                          5      0.923  8.025E-02  8.025E-02  0.000E+00
                                          4      0.966  1.461E-01  1.461E-01  0.000E+00
                                          1      1.040  7.202E-02  7.202E-02  0.000E+00
 57   1.049240   4.5 -1             4 u                  (9/2-)  0
                                          7      0.876  1.641E-01  1.743E-01  6.206E-02
                                          5      0.932  3.907E-01  4.113E-01  5.277E-02
                                          4      0.975  3.243E-01  3.281E-01  1.169E-02
                                          2      1.018  8.596E-02  8.627E-02  3.610E-03
 58   1.077200  -1.0  0             0                            0
 59   1.096990  -1.0  0             5                            0
                                         42      0.312  3.937E-01  3.937E-01  0.000E+00
                                         37      0.435  3.189E-01  3.189E-01  0.000E+00
                                         23      0.659  4.331E-02  4.331E-02  0.000E+00
                                          2      1.066  5.118E-02  5.118E-02  0.000E+00
                                          1      1.097  1.929E-01  1.929E-01  0.000E+00
 60   1.117800   5.5 -1             0 u                 (11/2-)  0
 61   1.141100  -1.0  0             0                            0
 62   1.155300  -1.0  0             0                            0
 63   1.182500  -1.0  0             0                            0
 64   1.197150  -1.0  0             3                            0
                                         37      0.535  4.505E-01  4.505E-01  0.000E+00
                                          4      1.123  2.342E-01  2.342E-01  0.000E+00
                                          1      1.197  3.153E-01  3.153E-01  0.000E+00
240Np  240   93    1    0    1    1    5.170000    5.650000
  1   0.000000   5.0  1   3.71E+03  0                      (5+)  1 =    100.0000 %B-    
241Np  241   93    1    0    1    1    6.140000    5.740000
  1   0.000000   2.5  1   8.34E+02  0                    (5/2+)  1 =    100.0000 %B-    
242Np  242   93    7   10    1    1    4.910000    6.100000
  1   0.000000   1.0  1   1.32E+02  0                      (1+)  1 =    100.0000 %B-    
  2   0.055580  -1.0  0             1                   (1-,0-)  0
                                          1      0.056  0.000E+00  0.000E+00  0.000E+00
  3   0.067600  -1.0  0             1                   (1-,0-)  0
                                          1      0.068  0.000E+00  0.000E+00  0.000E+00
  4   0.293900  -1.0  0             2                            0
                                          3      0.226  3.333E-01  3.333E-01  0.000E+00
                                          2      0.238  6.667E-01  6.667E-01  0.000E+00
  5   0.329700  -1.0  0             2                     (0,1)  0
                                          2      0.274  1.304E-01  1.304E-01  0.000E+00
                                          1      0.330  8.696E-01  8.696E-01  0.000E+00
  6   0.598300  -1.0  0             2                     (1,0)  0
                                          4      0.305  6.289E-01  6.289E-01  0.000E+00
                                          3      0.531  3.711E-01  3.711E-01  0.000E+00
  7   0.640600  -1.0  0             2                     (1,0)  0
                                          3      0.573  4.924E-01  4.924E-01  0.000E+00
                                          2      0.585  5.076E-01  5.076E-01  0.000E+00
243Np  243   93   23    0   17    1    5.560000    0.000000
  1   0.000000   2.5 -1   1.11E+02  0                    (5/2-)  1 =    100.0000 %B-    
  2   0.076000  -1.0  0             0                            0
  3   0.105000  -1.0  0             0                            0
  4   0.175000  -1.0  0             0                            0
  5   0.251000  -1.0  0             0                            0
  6   0.295000  -1.0  0             0                            0
  7   0.330000  -1.0  0             0                            0
  8   0.380000  -1.0  0             0                            0
  9   0.400000  -1.0  0             0                            0
 10   0.422000  -1.0  0             0                            0
 11   0.532000  -1.0  0             0                            0
 12   0.580000  -1.0  0             0                            0
 13   0.675000  -1.0  0             0                            0
 14   0.710000  -1.0  0             0                            0
 15   0.772000  -1.0  0             0                            0
 16   0.808000  -1.0  0             0                            0
 17   0.853000  -1.0  0             0                            0
 18   1.044000  -1.0  0             0                            0
 19   1.128000  -1.0  0             0                            0
 20   1.173000  -1.0  0             0                            0
 21   1.268000  -1.0  0             0                            0
 22   1.391000  -1.0  0             0                            0
 23   1.430000  -1.0  0             0                            0
244Np  244   93    1    0    1    1    4.740000    0.000000
  1   0.000000   7.0 -1   1.37E+02  0                      (7-)  1 =    100.0000 %B-    
