  4Li    4    3    4    0    1    4   11.415000   -3.103000
  1   0.000000   2.0 -1   9.10E-23  0                        2-  1 =    100.0000 %P                                                                                                                                                                                                             0.000000       
  2   0.320000   1.0 -1   6.21E-23  0                        1-  1 =    100.0000 %P                                                                                                                                                                                                             0.000000       
  3   2.080000   0.0 -1   4.88E-23  0                        0-  1 =    100.0000 %P                                                                                                                                                                                                             0.000000       
  4   2.850000   1.0 -1   3.38E-23  0                        1-  1 =    100.0000 %P                                                                                                                                                                                                             0.000000       
  5Li    5    3    1    0    1    1   21.715620   -1.965000
  1   0.000000   1.5 -1   3.70E-22  0                      3/2-  1 =    100.0000 %P                                                                                                                                                                                                             0.000000       
  6Li    6    3   14    4    1   13    5.663320    4.433320
  1   0.000000   1.0  1  -1.00E+00  0                        1+  0                                                                                                                                                                                                                              0.000000       
  2   2.186000   3.0  1   1.90E-20  1                        3+  2 ?      0.0000 %IT     ?      0.0000 %A                                                                                                                                                                                       0.000000       
                                          1      2.186  9.996E-01  1.000E+00  4.020E-04
  3   3.562880   0.0  1   5.56E-17  1                        0+  1 ?      0.0000 %IT                                                                                                                                                                                                            0.000000       
                                          1      3.562  9.991E-01  1.000E+00  8.640E-04
  4   4.312000   2.0  1   3.51E-22  1                        2+  2 ?      0.0000 %IT     ?      0.0000 %A                                                                                                                                                                                       0.000000       
                                          1      4.310  9.988E-01  1.000E+00  1.200E-03
  5   5.366000   2.0  1   8.43E-22  1                        2+  4 ?      0.0000 %IT     ?      0.0000 %N      ?      0.0000 %P      ?      0.0000 %A                                                                                                                                           0.000000       
                                          1      5.363  9.985E-01  1.000E+00  1.510E-03
  6   5.650000   1.0  1   3.04E-22  0                        1+  1 ?      0.0000 %A                                                                                                                                                                                                             0.000000       
  7  15.800000   3.0  1   2.56E-23  0                        3+  1 ?      0.0000 %A                                                                                                                                                                                                             0.000000       
  8  17.985000   2.0 -1   1.51E-22  0                        2-  2 ?      0.0000 %IT     ?      0.0000 %3H                                                                                                                                                                                      0.000000       
  9  21.500000   0.0 -1  -1.00E+00  0                        0-  1 ?      0.0000 %3H                                                                                                                                                                                                            0.000000       
 10  23.000000   4.0  1   3.80E-23  0                        4+  1 ?      0.0000 %A                                                                                                                                                                                                             0.000000       
 11  24.779000   3.0 -1   6.76E-23  0                        3-  3 ?      0.0000 %IT     ?      0.0000 %N      ?      0.0000 %3H                                                                                                                                                                0.000000       
 12  24.890000   4.0 -1   8.58E-23  0                        4-  3 ?      0.0000 %IT     ?      0.0000 %N      ?      0.0000 %3H                                                                                                                                                                0.000000       
 13  26.590000   2.0 -1   5.26E-23  0                        2-  4 ?      0.0000 %IT     ?      0.0000 %N      ?      0.0000 %3H     ?      0.0000 %A                                                                                                                                           0.000000       
 14  31.000000   3.0  1  -1.00E+00  0                      (3+)  2 ?      0.0000 %3H     ?      0.0000 %A                                                                                                                                                                                       0.000000       
  7Li    7    3   10    2    1    8    7.251090    9.973960
  1   0.000000   1.5 -1  -1.00E+00  0                      3/2-  0                                                                                                                                                                                                                              0.000000       
  2   0.477612   0.5 -1   7.30E-14  1                      1/2-  0                                                                                                                                                                                                                              0.000000       
                                          1      0.478  1.000E+00  1.000E+00  0.000E+00
  3   4.630000   3.5 -1   4.91E-21  1                      7/2-  2 ?      0.0000 %3H     ?      0.0000 %A                                                                                                                                                                                       0.000000       
                                          1      4.628  9.986E-01  1.000E+00  1.379E-03
  4   6.680000   2.5 -1   5.18E-22  0                      5/2-  2 ?      0.0000 %3H     ?      0.0000 %A                                                                                                                                                                                       0.000000       
  5   7.459500   2.5 -1   5.13E-21  0                      5/2-  3 ?      0.0000 %N      ?      0.0000 %3H     ?      0.0000 %A                                                                                                                                                                 0.000000       
  6   9.670000   3.5 -1   1.14E-21  0                      7/2-  3 ?      0.0000 %N      ?      0.0000 %3H     ?      0.0000 %A                                                                                                                                                                 0.000000       
  7   9.850000   1.5 -1   3.80E-22  0                      3/2-  2 ?      0.0000 %N      ?      0.0000 %A                                                                                                                                                                                       0.000000       
  8  11.240000   1.5 -1   1.75E-21  0                      3/2-  2 ?      0.0000 %N      ?      0.0000 %P                                                                                                                                                                                       0.000000       
  9  13.700000  -1.0  0   9.12E-22  0                            1 ?      0.0000 %N                                                                                                                                                                                                             0.000000       
 10  14.700000  -1.0  0   6.52E-22  0                            1 ?      0.0000 %N                                                                                                                                                                                                             0.000000       
  8Li    8    3   11    2    1    5    2.032620   12.416290
  1   0.000000   2.0  1   8.39E-01  0                        2+  2 =    100.0000 %B-     =    100.0000 %B-A                                                                                                                                                                                     0.000000       
  2   0.980800   1.0  1   8.20E-15  1                        1+  1 =    100.0000 %IT                                                                                                                                                                                                            0.000000       
                                          1      0.981  1.000E+00  1.000E+00  0.000E+00
  3   2.255000   3.0  1   1.41E-20  1                        3+  2 ~    100.0000 %N      =      0.0002 %IT                                                                                                                                                                                      0.000000       
                                          1      2.255  9.996E-01  1.000E+00  3.900E-04
  4   3.210000   1.0  1   4.56E-22  0                        1+  1 =    100.0000 %N                                                                                                                                                                                                             0.000000       
  5   5.400000   1.0  1   7.02E-22  0                        1+  1 ~    100.0000 %N                                                                                                                                                                                                             0.000000       
  6   6.100000   3.0  0   4.56E-22  0                       (3)  1 ~    100.0000 %N                                                                                                                                                                                                             0.000000       
  7   6.530000   4.0  1   1.30E-20  0                        4+  1 ~    100.0000 %N                                                                                                                                                                                                             0.000000       
  8   7.100000  -1.0  0   1.14E-21  0                            1 ~    100.0000 %N                                                                                                                                                                                                             0.000000       
  9   9.000000  -1.0  0   7.60E-23  0                            1 ?      0.0000 %N                                                                                                                                                                                                             0.000000       
 10   9.670000   1.0  1   4.56E-22  0                        1+  2 ?      0.0000 %N      ?      0.0000 %3H                                                                                                                                                                                      0.000000       
 11  10.822200   0.0  1   3.80E-20  0                        0+  0                                                                                                                                                                                                                              0.000000       
  9Li    9    3    8    1    1    1    4.062220   13.943750
  1   0.000000   1.5 -1   1.78E-01  0                      3/2-  2 =    100.0000 %B-     =     50.8000 %B-N                                                                                                                                                                                     0.000000       
  2   2.691000   0.5 -1  -1.00E+00  1                    (1/2-)  1 =    100.0000 %IT                                                                                                                                                                                                            0.000000       
                                          1      2.691  9.994E-01  1.000E+00  5.900E-04
  3   4.301000  -1.0  0   5.18E-21  0                            1 <=   100.0000 %N                                                                                                                                                                                                             0.000000       
  4   5.380000  -1.0  0   7.60E-22  0                            0                                                                                                                                                                                                                              0.000000       
  5   6.430000   4.5  0   1.14E-20  0                    GE 9/2  0                                                                                                                                                                                                                              0.000000       
  6  16.000000  -1.0  0   4.56E-21  0                            1 <=   100.0000 %P                                                                                                                                                                                                             0.000000       
  7  17.100000  -1.0  0   5.70E-22  0                            1 <=   100.0000 %P                                                                                                                                                                                                             0.000000       
  8  18.900000  -1.0  0   1.90E-21  0                            1 <=   100.0000 %P                                                                                                                                                                                                             0.000000       
 10Li   10    3   12    0    1    0   -0.026400   15.172240
  1   0.000000  -1.0  0   2.00E-21  0                   (1-;2-)  1 =    100.0000 %N                                                                                                                                                                                                             0.000000       
  2   0.210000   1.0  1   4.56E-21  0                        1+  0                                                                                                                                                                                                                              0.000000       
  3   0.470000  -1.0  0   1.27E-21  0                            0                                                                                                                                                                                                                              0.000000       
  4   0.670000   2.0 -1   4.56E-21  0                      (2-)  0                                                                                                                                                                                                                              0.000000       
  5   1.370000  -1.0  0   2.28E-21  0                   (2-,1-)  0                                                                                                                                                                                                                              0.000000       
  6   1.600000  -1.0  0  -1.00E+00  0                            0                                                                                                                                                                                                                              0.000000       
  7   2.330000  -1.0  0   3.80E-22  0                   (1+,3+)  0                                                                                                                                                                                                                              0.000000       
  8   2.820000  -1.0  0   1.52E-21  0                   (1-,2+)  0                                                                                                                                                                                                                              0.000000       
  9   4.160000  -1.0  0   3.80E-21  0                            0                                                                                                                                                                                                                              0.000000       
 10   4.600000  -1.0  0   2.28E-21  0                   (3-,2+)  0                                                                                                                                                                                                                              0.000000       
 11   5.200000  -1.0  0   1.14E-21  0                            0                                                                                                                                                                                                                              0.000000       
 12   5.700000  -1.0  0   2.28E-21  0                            0                                                                                                                                                                                                                              0.000000       
 11Li   11    3    7    0    1    1    0.395690   15.733030
  1   0.000000   1.5 -1   8.75E-03  0                      3/2-  2 =    100.0000 %B-     =     86.3000 %B-N                                                                                                                                                                                     0.000000       
  2   1.266000  -1.0  0   8.61E-22  0                            0                                                                                                                                                                                                                              0.000000       
  3   2.474000  -1.0  0   3.62E-22  0                            0                                                                                                                                                                                                                              0.000000       
  4   3.700000  -1.0  0   2.28E-21  0                            0                                                                                                                                                                                                                              0.000000       
  5   4.860000  -1.0  0   4.56E-21  0                            0                                                                                                                                                                                                                              0.000000       
  6   6.230000  -1.0  0   4.56E-21  0                            0                                                                                                                                                                                                                              0.000000       
  7  11.300000  -1.0  0  -1.00E+00  0                            0                                                                                                                                                                                                                              0.000000       
 12Li   12    3    1    0    1    0   -0.120000    0.000000
  1   0.000000  -1.0  0   1.00E-08  0                            1        0.0000 %N                                                                                                                                                                                                             0.000000       
