  5Be    5    4    1    0    1    1    0.000000   -4.527000
  1   0.000000   0.5  1  -1.00E+00  0                     1/2+#  1        0.0000 %P                                                                                                                                                                                                             0.000000       
  6Be    6    4    5    0    1    1   26.835000    0.592820
  1   0.000000   0.0  1   5.00E-21  0                        0+  1 =    100.0000 %2P                                                                                                                                                                                                            0.000000       
  2   1.670000   2.0  1   3.93E-22  0                      (2)+  2 ?      0.0000 %P      ?      0.0000 %A                                                                                                                                                                                       0.000000       
  3  23.000000   4.0 -1  -1.00E+00  0                        4-  2 ?      0.0000 %IT     ?      0.0000 %3HE                                                                                                                                                                                     0.000000       
  4  26.000000   2.0 -1  -1.00E+00  0                        2-  1 ?      0.0000 %3HE                                                                                                                                                                                                           0.000000       
  5  27.000000   3.0 -1  -1.00E+00  0                        3-  1 ?      0.0000 %3HE                                                                                                                                                                                                           0.000000       
  7Be    7    4    9    1    1    9   10.677350    5.606850
  1   0.000000   1.5 -1   4.60E+06  0                      3/2-  1 =    100.0000 %EC                                                                                                                                                                                                            0.000000       
  2   0.429080   0.5 -1   1.33E-13  1                      1/2-  0                                                                                                                                                                                                                              0.000000       
                                          1      0.429  1.000E+00  1.000E+00  0.000E+00
  3   4.570000   3.5 -1   2.61E-21  0                      7/2-  2 ?      0.0000 %3HE    ?      0.0000 %A                                                                                                                                                                                       0.000000       
  4   6.730000   2.5 -1   3.80E-22  0                      5/2-  2 ?      0.0000 %3HE    ?      0.0000 %A                                                                                                                                                                                       0.000000       
  5   7.210000   2.5 -1   1.14E-21  0                      5/2-  3 ?      0.0000 %P      ?      0.0000 %3HE    ?      0.0000 %A                                                                                                                                                                 0.000000       
  6   9.270000   3.5 -1  -1.00E+00  0                      7/2-  3 ?      0.0000 %P      ?      0.0000 %3HE    ?      0.0000 %A                                                                                                                                                                 0.000000       
  7   9.900000   1.5 -1   2.53E-22  0                      3/2-  3 ?      0.0000 %P      ?      0.0000 %3HE    ?      0.0000 %A                                                                                                                                                                 0.000000       
  8  11.010000   1.5 -1   1.43E-21  0                      3/2-  3 ?      0.0000 %P      ?      0.0000 %3HE    ?      0.0000 %A                                                                                                                                                                 0.000000       
  9  17.000000   0.5 -1   7.02E-23  0                      1/2-  1 ?      0.0000 %3HE                                                                                                                                                                                                           0.000000       
  8Be    8    4   28   18    1   17   18.898640   17.254400
  1   0.000000   0.0  1   8.19E-17  0                        0+  1 =    100.0000 %A                                                                                                                                                                                                             0.000000       
  2   3.030000   2.0  1   3.02E-22  1                        2+  1 ~    100.0000 %A                                                                                                                                                                                                             0.000000       
                                          1      3.029  1.000E+00  1.000E+00  0.000E+00
  3  11.350000   4.0  1   1.30E-22  1                        4+  1 ~    100.0000 %A                                                                                                                                                                                                             0.000000       
                                          1     11.350  1.000E+00  1.000E+00  0.000E+00
  4  16.626000   2.0  1   4.22E-21  2                        2+  2 ~    100.0000 %A      <      0.0027 %IT                                                                                                                                                                                      0.000000       
                                          2     13.580  9.756E-01  9.756E-01  0.000E+00
                                          1     16.607  2.439E-02  2.439E-02  0.000E+00
  5  16.922000   2.0  1   6.17E-21  2                        2+  2 ~    100.0000 %A      <      0.0039 %IT                                                                                                                                                                                      0.000000       
                                          2     13.879  9.709E-01  9.709E-01  0.000E+00
                                          1     16.903  2.913E-02  2.913E-02  0.000E+00
  6  17.640000   1.0  1   4.26E-20  4                        1+  2 =     99.8000 %P      =      0.2040 %IT                                                                                                                                                                                      0.000000       
                                          5      0.718  5.966E-05  5.966E-05  0.000E+00
                                          4      1.014  1.469E-03  1.469E-03  0.000E+00
                                          2     14.586  3.121E-01  3.121E-01  0.000E+00
                                          1     17.619  6.884E-01  6.884E-01  0.000E+00
  7  18.150000   1.0  1   3.31E-21  4                        1+  2 ~    100.0000 %P      =      0.0046 %IT                                                                                                                                                                                      0.000000       
                                          5      1.228  9.781E-03  9.781E-03  0.000E+00
                                          4      1.524  1.215E-02  1.215E-02  0.000E+00
                                          2     15.095  6.783E-01  6.783E-01  0.000E+00
                                          1     18.128  2.997E-01  2.997E-01  0.000E+00
  8  18.910000   2.0 -1   3.74E-21  2                        2-  3 =      0.0002 %IT     ?      0.0000 %N      ?      0.0000 %P                                                                                                                                                                 0.000000       
                                          5      1.988  3.680E-01  3.680E-01  0.000E+00
                                          4      2.284  6.320E-01  6.320E-01  0.000E+00
  9  19.069000   3.0  1   1.68E-21  1                        3+  2 ~    100.0000 %P      =      0.0039 %IT                                                                                                                                                                                      0.000000       
                                          2     16.013  1.000E+00  1.000E+00  0.000E+00
 10  19.235000   3.0  1   2.01E-21  0                        3+  2 ~     50.0000 %N      ~     50.0000 %P                                                                                                                                                                                       0.000000       
 11  19.400000   1.0 -1   7.07E-22  0                        1-  2 ?      0.0000 %N      ?      0.0000 %P                                                                                                                                                                                       0.000000       
 12  19.860000   4.0  1   6.52E-22  0                        4+  2 =     70.0000 %A      =     30.0000 %P                                                                                                                                                                                       0.000000       
 13  20.100000   2.0  1   5.18E-22  0                        2+  3 ?      0.0000 %N      ?      0.0000 %P      ?      0.0000 %A                                                                                                                                                                 0.000000       
 14  20.200000   0.0  1   6.34E-22  0                        0+  2 ~     50.0000 %A      ?      0.0000 %N                                                                                                                                                                                       0.000000       
 15  20.900000   4.0 -1   2.85E-22  0                        4-  1 ?      0.0000 %P                                                                                                                                                                                                             0.000000       
 16  21.500000   3.0  1   4.15E-22  0                      3(+)  3 ?      0.0000 %IT     ?      0.0000 %N      ?      0.0000 %P                                                                                                                                                                 0.000000       
 17  22.000000   1.0 -1   1.14E-22  0                        1-  2 ?      0.0000 %IT     ?      0.0000 %P                                                                                                                                                                                       0.000000       
 18  22.050000  -1.0  0   1.69E-21  0                            0                                                                                                                                                                                                                              0.000000       
 19  22.240000   2.0  1   5.70E-22  0                        2+  4 ?      0.0000 %N      ?      0.0000 %P      ?      0.0000 %D      ?      0.0000 %A                                                                                                                                           0.000000       
 20  22.630000  -1.0  0   4.56E-21  0                            0                                                                                                                                                                                                                              0.000000       
 21  22.980000  -1.0  0   1.98E-21  0                            0                                                                                                                                                                                                                              0.000000       
 22  24.000000  -1.0  0   6.52E-23  0                    (1,2)-  3 ?      0.0000 %IT     ?      0.0000 %P      ?      0.0000 %A                                                                                                                                                                 0.000000       
 23  25.200000   2.0  1  -1.00E+00  0                        2+  3 ?      0.0000 %P      ?      0.0000 %D      ?      0.0000 %A                                                                                                                                                                 0.000000       
 24  25.500000   4.0  1  -1.00E+00  0                        4+  2 ?      0.0000 %D      ?      0.0000 %A                                                                                                                                                                                       0.000000       
 25  27.494100   0.0  1   8.30E-20  1                        0+  7 =     39.4000 %N      =     27.0000 %D      =     11.7000 %3H     =      7.9000 %A      =      6.9000 %P      =      6.6000 %3HE    =      0.6000 %IT                                                                        0.000000       
                                          6      9.848  8.547E+00  8.547E+00  0.000E+00
 26  28.600000  -1.0  0  -1.00E+00  0                            2 ?      0.0000 %IT     ?      0.0000 %P                                                                                                                                                                                       0.000000       
 27  32.000000  -1.0  0   4.56E-22  0                            0                                                                                                                                                                                                                              0.000000       
 28  41.000000  -1.0  0  -1.00E+00  0                            0                                                                                                                                                                                                                              0.000000       
  9Be    9    4   33   22   31    5    1.664540   16.886320
  1   0.000000   1.5 -1  -1.00E+00  0 u                    3/2-  0                                                                                                                                                                                                                              0.000000       
  2   1.684000   0.5  1   2.13E-21  1 u                    1/2+  2 ~    100.0000 %N      =      0.0000 %IT                                                                                                                                                                                      0.000000       
                                          1      1.684  1.000E+00  1.000E+00  0.000E+00
  3   2.429400   2.5 -1   5.85E-19  1 u                    5/2-  3 >      7.0000 %N      >      1.0000 %A      =      0.0001 %IT                                                                                                                                                                0.000000       
                                          1      2.429  1.000E+00  1.000E+00  0.000E+00
  4   2.780000   0.5 -1   4.15E-22  0 u                    1/2-  1 ~    100.0000 %N                                                                                                                                                                                                             0.000000       
  5   3.049000   2.5  1   1.62E-21  1 u                    5/2+  2 >     87.0000 %N      =      0.0000 %IT                                                                                                                                                                                      0.000000       
                                          1      3.048  1.000E+00  1.000E+00  0.000E+00
  6   4.704000   1.5  1   6.14E-22  1 u                  (3/2)+  2 <    100.0000 %N      >      0.0000 %IT                                                                                                                                                                                      0.000000       
                                          1      4.703  1.000E+00  1.000E+00  0.000E+00
  7   5.590000   1.5 -1   3.43E-22  1 u                  (3/2-)  0                                                                                                                                                                                                                              0.000000       
                                          1      5.590  1.000E+00  1.000E+00  0.000E+00
  8   6.380000   3.5 -1   3.77E-22  1 u                    7/2-  2 <    100.0000 %N      >      0.0000 %IT                                                                                                                                                                                      0.000000       
                                          1      6.378  1.000E+00  1.000E+00  0.000E+00
  9   6.760000   4.5  1   3.43E-22  1 u                    9/2+  2 <    100.0000 %N      >      0.0000 %IT                                                                                                                                                                                      0.000000       
                                          1      6.757  1.000E+00  1.000E+00  0.000E+00
 10   7.940000   2.5 -1   4.56E-22  0 u                  (5/2-)  0                                                                                                                                                                                                                              0.000000       
 11  11.282000   3.5 -1   7.93E-22  0 u                  (7/2-)  1 >     15.0000 %N                                                                                                                                                                                                             0.000000       
 12  11.810000   2.5 -1   1.14E-21  1 u                    5/2-  2 <    100.0000 %N      >      0.0000 %IT                                                                                                                                                                                      0.000000       
                                          1     11.802  1.000E+00  1.000E+00  0.000E+00
 13  13.790000   2.5  0   7.73E-22  1 c             (5/2-,7/2-)  2 <    100.0000 %N      >      0.0000 %IT                                                                                                                                                                                      0.000000       
                                          1     13.779  1.000E+00  1.000E+00  0.000E+00
 14  14.392200   1.5 -1   1.25E-18  4 u                    3/2-  3 =     52.6000 %N      =     43.0000 %A      =      4.4000 %IT                                                                                                                                                                0.000000       
                                          6      9.683  5.195E-02  5.195E-02  0.000E+00
                                          5     11.336  7.468E-02  7.468E-02  0.000E+00
                                          3     11.954  4.638E-01  4.638E-01  0.000E+00
                                          1     14.380  4.096E-01  4.096E-01  0.000E+00
 15  14.480000   2.5 -1   5.70E-22  0 u                  (5/2-)  0                                                                                                                                                                                                                              0.000000       
 16  15.100000   1.5  1  -1.00E+00  0 n                          1 >      0.0000 %IT                                                                                                                                                                                                            0.000000       
 17  15.970000   2.5  0   1.52E-21  1 g                          1 >      0.0000 %IT                                                                                                                                                                                                            0.000000       
                                          1     15.955  1.000E+00  1.000E+00  0.000E+00
 18  16.671000   2.5  1   1.11E-20  1 u                  (5/2+)  1 >      0.0000 %IT                                                                                                                                                                                                            0.000000       
                                          1     16.654  1.000E+00  1.000E+00  0.000E+00
 19  16.977100   0.5 -1   1.17E-18  5 u                    1/2-  5 <     74.0000 %N      <     62.0000 %A      =     15.9000 %D      =      6.1000 %IT     ~      3.1000 %P                                                                                                                     0.000000       
                                          6     12.264  2.945E+00  2.945E+00  0.000E+00
                                          4     14.190  3.036E+00  3.036E+00  0.000E+00
                                          3     14.535  7.534E-01  7.534E-01  0.000E+00
                                          2     15.279  2.694E+00  2.694E+00  0.000E+00
                                          1     16.960  2.283E+01  2.283E+01  0.000E+00
 20  17.300000   2.5 -1   2.34E-21  1 u                  (5/2)-  5 <    100.0000 %N      >      0.0000 %IT     >      0.0000 %P      >      0.0000 %D      >      0.0000 %A                                                                                                                     0.000000       
                                          1     17.282   INFINITY   INFINITY  0.000E+00
 21  17.495000   3.5  1   9.71E-21  1 u                  (7/2)+  5 <    100.0000 %N      >      0.0000 %IT     >      0.0000 %P      >      0.0000 %D      >      0.0000 %A                                                                                                                     0.000000       
                                          1     17.476   INFINITY   INFINITY  0.000E+00
 22  18.020000   3.5  1  -1.00E+00  0 n                          1 >      0.0000 %IT                                                                                                                                                                                                            0.000000       
 23  18.580000   0.5  1  -1.00E+00  0 n                          5 <    100.0000 %N      >      0.0000 %IT     >      0.0000 %P      >      0.0000 %D      >      0.0000 %A                                                                                                                     0.000000       
 24  18.650000   2.5 -1   1.52E-21  0 u                  (5/2-)  1 <=   100.0000 %P                                                                                                                                                                                                             0.000000       
 25  19.200000   0.5  1   1.47E-21  0 n                          4 <    100.0000 %N      >      0.0000 %P      >      0.0000 %D      >      0.0000 %3H                                                                                                                                          0.000000       
 26  19.465000   4.5  1   7.60E-22  0 u                  (9/2+)  1 >      0.0000 %IT                                                                                                                                                                                                            0.000000       
 27  19.900000   1.5  1  -1.00E+00  0 n                          2 <=   100.0000 %N      >      0.0000 %IT                                                                                                                                                                                      0.000000       
 28  20.510000   1.5  1   7.60E-22  0 n                          3 <    100.0000 %P      >      0.0000 %IT     >      0.0000 %D                                                                                                                                                                 0.000000       
 29  20.750000   0.5  1   6.71E-22  0 n                          4 <    100.0000 %N      >      0.0000 %IT     >      0.0000 %P      >      0.0000 %3H                                                                                                                                          0.000000       
 30  21.400000   0.5  1  -1.00E+00  0 n                          2 <    100.0000 %N      >      0.0000 %IT                                                                                                                                                                                      0.000000       
 31  22.400000   0.5  1  -1.00E+00  0 n                          2 <    100.0000 %N      >      0.0000 %IT                                                                                                                                                                                      0.000000       
 32  23.800000  -1.0  0  -1.00E+00  0                            2 <    100.0000 %N      >      0.0000 %IT                                                                                                                                                                                      0.000000       
 33  27.000000  -1.0  0  -1.00E+00  0                            2 <    100.0000 %N      >      0.0000 %IT                                                                                                                                                                                      0.000000       
 10Be   10    4   41   13   17    8    6.812280   19.636390
  1   0.000000   0.0  1   4.77E+13  0 u                      0+  1 =    100.0000 %B-                                                                                                                                                                                                            0.000000       
  2   3.368030   2.0  1   1.25E-13  1 u                      2+  1 =    100.0000 %IT                                                                                                                                                                                                            0.000000       
                                          1      3.367  1.000E+00  1.000E+00  0.000E+00
  3   5.958390   2.0  1   5.50E-14  2 u                      2+  1 =    100.0000 %IT                                                                                                                                                                                                            0.000000       
                                          2      2.590  9.000E-01  9.000E-01  0.000E+00
                                          1      5.956  1.000E-01  1.000E-01  0.000E+00
  4   5.959900   1.0 -1  -1.00E+00  2 u                      1-  1 =    100.0000 %IT                                                                                                                                                                                                            0.000000       
                                          2      2.592  1.700E-01  1.700E-01  0.000E+00
                                          1      5.958  8.300E-01  8.300E-01  0.000E+00
  5   6.179300   0.0  1   8.00E-13  3 u                      0+  1 ~    100.0000 %IT                                                                                                                                                                                                            0.000000       
                                          4      0.219  2.400E-01  2.400E-01  0.000E+00
                                          2      2.811  7.600E-01  7.600E-01  0.000E+00
                                          1      6.178  0.000E+00  0.000E+00  0.000E+00
  6   6.263300   2.0 -1  -1.00E+00  3 u                      2-  1 =    100.0000 %IT                                                                                                                                                                                                            0.000000       
                                          4      0.303  9.901E-03  9.901E-03  0.000E+00
                                          2      2.895  9.802E-01  9.802E-01  0.000E+00
                                          1      6.261  9.901E-03  9.901E-03  0.000E+00
  7   7.371000   3.0 -1   2.91E-20  2 u                      3-  2 >      0.0000 %IT     >      0.0000 %N                                                                                                                                                                                       0.000000       
                                          3      1.412  1.500E-01  1.500E-01  0.000E+00
                                          2      4.002  8.500E-01  8.500E-01  0.000E+00
  8   7.542000   2.0  1   7.24E-20  0 u                      2+  2 =      3.5000 %A      >      0.0000 %N                                                                                                                                                                                       0.000000       
  9   9.270000   4.0 -1   3.04E-21  0 u                    (4-)  1 >      0.0000 %N                                                                                                                                                                                                             0.000000       
 10   9.560000   2.0  1   3.24E-21  0 u                      2+  2 =      0.1600 %A      >      0.0000 %N                                                                                                                                                                                       0.000000       
 11  10.150000   3.0 -1   1.54E-21  0 u                      3-  1 >      0.0000 %A                                                                                                                                                                                                             0.000000       
 12  10.570000   1.0  0  -1.00E+00  0 u                    GE 1  2 >      0.0000 %N      >      0.0000 %A                                                                                                                                                                                       0.000000       
 13  11.230000   1.0 -1   2.28E-21  0 n                          1 >      0.0000 %A                                                                                                                                                                                                             0.000000       
 14  11.760000   4.0  1   3.77E-21  0 u                    (4+)  1 >      0.0000 %A                                                                                                                                                                                                             0.000000       
 15  11.930000   5.0 -1   2.28E-21  0 u                    (5-)  1 >      0.0000 %A                                                                                                                                                                                                             0.000000       
 16  13.050000   1.0 -1   1.57E-21  0 n                          1 >      0.0000 %A                                                                                                                                                                                                             0.000000       
 17  13.850000   2.0 -1   1.38E-21  0 n                          1 >      0.0000 %A                                                                                                                                                                                                             0.000000       
 18  14.680000  -1.0  0   1.47E-21  0                            1 >      0.0000 %A                                                                                                                                                                                                             0.000000       
 19  15.300000   6.0 -1   5.70E-22  0                      (6-)  0                                                                                                                                                                                                                              0.000000       
 20  17.120000   2.0 -1   3.04E-21  0                      (2-)  0                                                                                                                                                                                                                              0.000000       
 21  17.790000  -1.0  0   4.07E-21  0                            4 >      0.0000 %IT     >      0.0000 %N      >      0.0000 %3H     >      0.0000 %A                                                                                                                                           0.000000       
 22  18.150000   0.0 -1   5.07E-21  0                      (0-)  1 >      0.0000 %3H                                                                                                                                                                                                            0.000000       
 23  18.550000  -1.0  0   1.47E-21  0                            2 >      0.0000 %N      >      0.0000 %3H                                                                                                                                                                                      0.000000       
 24  19.800000  -1.0  0  -1.00E+00  0                            1 >      0.0000 %P                                                                                                                                                                                                             0.000000       
 25  20.800000  -1.0  0  -1.00E+00  0                            1 >      0.0000 %A                                                                                                                                                                                                             0.000000       
 26  21.216000   2.0 -1  -1.00E+00  0                      (2-)  3 >      0.0000 %N      >      0.0000 %P      >      0.0000 %3H                                                                                                                                                                0.000000       
 27  21.800000  -1.0  0   2.28E-21  0                            2 =      0.0000 %P      >      0.0000 %D                                                                                                                                                                                       0.000000       
 28  22.400000  -1.0  0   1.82E-21  0                            3 >      0.0000 %N      >      0.0000 %P      >      0.0000 %3H                                                                                                                                                                0.000000       
 29  23.000000  -1.0  0  -1.00E+00  0                            1 >      0.0000 %P                                                                                                                                                                                                             0.000000       
 30  23.350000  -1.0  0  -1.00E+00  0                            5 >      0.0000 %N      >      0.0000 %P      >      0.0000 %D      >      0.0000 %3H     >      0.0000 %A                                                                                                                     0.000000       
 31  23.650000  -1.0  0  -1.00E+00  0                            3 >      0.0000 %P      >      0.0000 %3H     >      0.0000 %A                                                                                                                                                                 0.000000       
 32  24.000000  -1.0  0   3.04E-21  0                            3 >      0.0000 %D      >      0.0000 %3H     >      0.0000 %A                                                                                                                                                                 0.000000       
 33  24.250000  -1.0  0   2.28E-21  0                            4 >      0.0000 %P      >      0.0000 %D      >      0.0000 %3H     >      0.0000 %A                                                                                                                                           0.000000       
 34  24.600000  -1.0  0   3.04E-21  0                            2 >      0.0000 %P      >      0.0000 %D                                                                                                                                                                                       0.000000       
 35  24.800000  -1.0  0   4.56E-21  0                            2 >      0.0000 %P      >      0.0000 %D                                                                                                                                                                                       0.000000       
 36  25.050000  -1.0  0   3.04E-21  0                            2 >      0.0000 %D      >      0.0000 %A                                                                                                                                                                                       0.000000       
 37  25.600000  -1.0  0  -1.00E+00  0                            3 >      0.0000 %P      >      0.0000 %D      >      0.0000 %A                                                                                                                                                                 0.000000       
 38  25.950000  -1.0  0   1.52E-21  0                            1 >      0.0000 %D                                                                                                                                                                                                             0.000000       
 39  26.300000  -1.0  0   4.56E-21  0                            2 >      0.0000 %D      >      0.0000 %3H                                                                                                                                                                                      0.000000       
 40  26.800000  -1.0  0  -1.00E+00  0                            3 >      0.0000 %P      >      0.0000 %D      >      0.0000 %A                                                                                                                                                                 0.000000       
 41  27.200000  -1.0  0  -1.00E+00  0                            4 >      0.0000 %P      >      0.0000 %D      >      0.0000 %3H     >      0.0000 %A                                                                                                                                           0.000000       
 11Be   11    4   34    1   17    5    0.501640   20.164430
  1   0.000000   0.5  1   1.38E+01  0 u                    1/2+  3 =    100.0000 %B-     =      2.9000 %B-A           0.0000 %B-N                                                                                                                                                               0.000000       
  2   0.320040   0.5 -1   1.15E-13  1 u                    1/2-  1 =    100.0000 %IT                                                                                                                                                                                                            0.000000       
                                          1      0.320  1.000E+00  1.000E+00  0.000E+00
  3   1.783000   2.5  1   4.56E-21  0 u                    5/2+  1 ~    100.0000 %N                                                                                                                                                                                                             0.000000       
  4   2.654000   1.5 -1   2.21E-21  0 u                    3/2-  1 ~    100.0000 %N                                                                                                                                                                                                             0.000000       
  5   3.400000   1.5 -1   3.74E-21  0 u                    3/2-  1 ~    100.0000 %N                                                                                                                                                                                                             0.000000       
  6   3.889000   1.5  0   5.70E-20  0 c             (3/2+,5/2-)  1 ?      0.0000 %N                                                                                                                                                                                                             0.000000       
  7   3.955000   1.5 -1   4.56E-20  0 u                    3/2-  1 ?      0.0000 %N                                                                                                                                                                                                             0.000000       
  8   5.255000   2.5 -1   1.01E-20  0 u                    5/2-  1 ?      0.0000 %N                                                                                                                                                                                                             0.000000       
  9   5.400000   1.5  1  -1.00E+00  0 n                          0                                                                                                                                                                                                                              0.000000       
 10   5.849000   0.5  1   3.28E-21  0 u                    1/2+  1 ?      0.0000 %N                                                                                                                                                                                                             0.000000       
 11   5.980000   1.5  1  -1.00E+00  0 n                          0                                                                                                                                                                                                                              0.000000       
 12   6.050000   2.5  1   1.43E-21  0 n                          0                                                                                                                                                                                                                              0.000000       
 13   6.300000   1.5  1  -1.00E+00  0 n                          0                                                                                                                                                                                                                              0.000000       
 14   6.510000   0.5  1   3.80E-21  0 n                          1 ?      0.0000 %N                                                                                                                                                                                                             0.000000       
 15   6.705000   3.5 -1   1.14E-20  0 u                  (7/2-)  1 ?      0.0000 %N                                                                                                                                                                                                             0.000000       
 16   7.030000   2.5 -1   1.52E-21  0 u                  (5/2-)  1 ?      0.0000 %N                                                                                                                                                                                                             0.000000       
 17   7.100000   1.5  1  -1.00E+00  0 n                          0                                                                                                                                                                                                                              0.000000       
 18   8.020000   1.5 -1   1.98E-21  0                      3/2-  0                                                                                                                                                                                                                              0.000000       
 19   8.200000   1.5 -1  -1.00E+00  0                      3/2-  0                                                                                                                                                                                                                              0.000000       
 20   8.813000  -1.0  0   2.28E-21  0               3/2-,(9/2-)  1 ?      0.0000 %N                                                                                                                                                                                                             0.000000       
 21   9.400000  -1.0  0   6.52E-23  0                            0                                                                                                                                                                                                                              0.000000       
 22   9.600000  -1.0  0  -1.00E+00  0                            0                                                                                                                                                                                                                              0.000000       
 23  10.590000   2.5 -1   2.17E-21  0                      5/2-  2 ?      0.0000 %N      ?      0.0000 %A                                                                                                                                                                                       0.000000       
 24  10.730000   5.5 -1  -1.00E+00  0                   (11/2-)  0                                                                                                                                                                                                                              0.000000       
 25  12.000000  -1.0  0  -1.00E+00  0                            0                                                                                                                                                                                                                              0.000000       
 26  13.200000  -1.0  0  -1.00E+00  0                            0                                                                                                                                                                                                                              0.000000       
 27  13.600000   6.5 -1  -1.00E+00  0                   (13/2-)  0                                                                                                                                                                                                                              0.000000       
 28  16.300000  -1.0  0   6.52E-22  0                            0                                                                                                                                                                                                                              0.000000       
 29  17.500000  -1.0  0  -1.00E+00  0                            0                                                                                                                                                                                                                              0.000000       
 30  18.190000  -1.0  0   3.04E-22  0                            3 ?      0.0000 %N      ?      0.0000 %3H     ?      0.0000 %A                                                                                                                                                                 0.000000       
 31  18.600000   7.5 -1  -1.00E+00  0                   (15/2-)  0                                                                                                                                                                                                                              0.000000       
 32  21.160000   1.5 -1   9.31E-22  0                      3/2-  0                                                                                                                                                                                                                              0.000000       
 33  21.500000   8.5 -1  -1.00E+00  0                   (17/2-)  0                                                                                                                                                                                                                              0.000000       
 34  25.000000   9.5 -1  -1.00E+00  0                   (19/2-)  0                                                                                                                                                                                                                              0.000000       
 12Be   12    4    5    0    1    2    3.170730   22.939470
  1   0.000000   0.0  1   2.15E-02  0                        0+  2 =    100.0000 %B-     =      0.5000 %B-N                                                                                                                                                                                     0.000000       
  2   2.102000   2.0  1  -1.00E+00  0                        2+  1 ?      0.0000 %IT                                                                                                                                                                                                            0.000000       
  3   2.702000  -1.0  0  -1.00E+00  0                            0                                                                                                                                                                                                                              0.000000       
  4   4.560000  -1.0  0  -1.00E+00  0                            0                                                                                                                                                                                                                              0.000000       
  5   5.700000  -1.0  0  -1.00E+00  0                            0                                                                                                                                                                                                                              0.000000       
 13Be   13    4    1    0    1    0   -0.510000   22.549470
  1   0.000000   0.5 -1   1.00E-21  0                    (1/2-)  1        0.0000 %N                                                                                                                                                                                                             0.000000       
 14Be   14    4    1    0    1    1    1.775890   25.675360
  1   0.000000   0.0  1   4.35E-03  0                        0+  2 =    100.0000 %B-     =     98.0000 %B-N                                                                                                                                                                                     0.000000       
 15Be   15    4    1    0    1    0   -1.735000    0.000000
  1   0.000000  -1.0  0   2.00E-07  0                            1        0.0000 %N                                                                                                                                                                                                             0.000000       
 16Be   16    4    1    0    1    1    0.385000    0.000000
  1   0.000000   0.0  1   6.50E-22  0                        0+  1 =    100.0000 %2N                                                                                                                                                                                                            0.000000       
