  7B     7    5    1    0    1    0   27.715000   -2.012550
  1   0.000000   1.5 -1   5.70E-22  0                    (3/2-)  1 =    100.0000 %P                                                                                                                                                                                                             0.000000       
  8B     8    5    5    2    1    5   12.826290    0.136390
  1   0.000000   2.0  1   7.70E-01  0                        2+  2 =    100.0000 %B+A    =    100.0000 %EC+%B+                                                                                                                                                                                  0.000000       
  2   0.769500   1.0  1   1.28E-20  1                        1+  2 ~    100.0000 %P      ~      0.0001 %IT                                                                                                                                                                                      0.000000       
                                          1      0.770  1.000E+00  1.000E+00  0.000E+00
  3   2.320000   3.0  1   1.30E-21  1                        3+  2 ~    100.0000 %P      ~      0.0000 %IT                                                                                                                                                                                      0.000000       
                                          1      2.320  1.000E+00  1.000E+00  0.000E+00
  4   3.500000   2.0 -1   5.70E-23  0                        2-  0                                                                                                                                                                                                                              0.000000       
  5  10.619000   0.0  1   7.60E-21  0                        0+  0                                                                                                                                                                                                                              0.000000       
  9B     9    5   22    6   20    1   18.576410   -0.185850
  1   0.000000   1.5 -1   8.00E-19  0 u                    3/2-  1 =    100.0000 %P                                                                                                                                                                                                             0.000000       
  2   1.500000   2.5  1   3.80E-22  0 n                          2 <    100.0000 %P      >      0.0000 %A                                                                                                                                                                                       0.000000       
  3   2.345000   2.5 -1   5.63E-21  0 u                    5/2-  2 =     99.5000 %A      =      0.5000 %P                                                                                                                                                                                       0.000000       
  4   2.751000   2.5  1   7.43E-22  0 u                    5/2+  1 ~    100.0000 %P                                                                                                                                                                                                             0.000000       
  5   2.780000   0.5 -1   1.46E-22  0 u                    1/2-  2 >=    90.0000 %P      <=    10.0000 %A                                                                                                                                                                                       0.000000       
  6   4.800000   0.5  1   3.80E-22  0 n                          1 <=   100.0000 %A                                                                                                                                                                                                             0.000000       
  7   6.985000   3.5 -1   2.09E-22  0 u                    7/2-  1 <=   100.0000 %P                                                                                                                                                                                                             0.000000       
  8  11.640000   3.5 -1   5.85E-22  0 u                  (7/2)-  1 <=   100.0000 %P                                                                                                                                                                                                             0.000000       
  9  12.160000   3.5  1   1.00E-21  0 n                          2 =     74.0000 %A      =     24.0000 %P                                                                                                                                                                                       0.000000       
 10  14.010000   0.5  1   1.17E-21  0 n                          1 =    100.0000 %P                                                                                                                                                                                                             0.000000       
 11  14.655000   1.5 -1   1.21E-18  4 u                    3/2-  3 ~     46.0000 %A      ~     44.0000 %P      =      4.0900 %IT                                                                                                                                                                0.000000       
                                          5     11.870  1.684E-01  1.684E-01  0.000E+00
                                          3     12.301  1.052E+00  1.052E+00  0.000E+00
                                          2     13.145  4.314E-02  4.314E-02  0.000E+00
                                          1     14.642  1.009E+00  1.009E+00  0.000E+00
 12  14.700000   2.5 -1   3.38E-22  0 u                  (5/2)-  0                                                                                                                                                                                                                              0.000000       
 13  15.290000   1.5  1  -1.00E+00  0 n                          0                                                                                                                                                                                                                              0.000000       
 14  15.580000   1.5  1  -1.00E+00  0 n                          0                                                                                                                                                                                                                              0.000000       
 15  16.024000   1.5  1   2.53E-21  0 n                          0                                                                                                                                                                                                                              0.000000       
 16  16.710000   2.5  1  -1.00E+00  0 u                  (5/2+)  0                                                                                                                                                                                                                              0.000000       
 17  17.076000   1.5  0   2.07E-20  2 g                          2 <    100.0000 %3HE    >      0.0000 %IT                                                                                                                                                                                      0.000000       
                                          3     14.718  0.000E+00  0.000E+00  0.000E+00
                                          1     17.059  0.000E+00  0.000E+00  0.000E+00
 18  17.190000   1.5  1   4.04E-21  0 n                          3 <    100.0000 %P      >      0.0000 %D      >      0.0000 %3HE                                                                                                                                                               0.000000       
 19  17.540000   3.5  1  -1.00E+00  0 u                  (7/2+)  0                                                                                                                                                                                                                              0.000000       
 20  17.638000   0.5  1   6.43E-21  0 n                          4 <    100.0000 %P      >      0.0000 %D      >      0.0000 %3HE    >      0.0000 %A                                                                                                                                           0.000000       
 21  18.600000  -1.0  0   4.56E-22  0                            2 <    100.0000 %P      >      0.0000 %3HE                                                                                                                                                                                     0.000000       
 22  20.700000  -1.0  0   2.85E-22  0                            0                                                                                                                                                                                                                              0.000000       
 10B    10    5   41   44   24   12    8.437110    6.586730
  1   0.000000   3.0  1  -1.00E+00  0 u                      3+  0                                                                                                                                                                                                                              0.000000       
  2   0.718380   1.0  1   7.07E-10  1 u                      1+  1 =    100.0000 %IT                                                                                                                                                                                                            0.000000       
                                          1      0.718  1.000E+00  1.000E+00  0.000E+00
  3   1.740050   0.0  1   4.90E-15  2 u                      0+  1 =    100.0000 %IT                                                                                                                                                                                                            0.000000       
                                          2      1.022  9.980E-01  9.980E-01  0.000E+00
                                          1      1.740  1.996E-03  1.996E-03  0.000E+00
  4   2.154270   1.0  1   1.48E-12  3 u                      1+  1 =    100.0000 %IT                                                                                                                                                                                                            0.000000       
                                          3      0.414  5.160E-01  5.160E-01  0.000E+00
                                          2      1.436  2.730E-01  2.730E-01  0.000E+00
                                          1      2.154  2.110E-01  2.110E-01  0.000E+00
  5   3.587130   2.0  1   1.02E-13  4 u                      2+  1 =    100.0000 %IT                                                                                                                                                                                                            0.000000       
                                          4      1.433  1.396E-01  1.396E-01  0.000E+00
                                          3      1.847  2.991E-03  2.991E-03  0.000E+00
                                          2      2.868  6.680E-01  6.680E-01  0.000E+00
                                          1      3.586  1.894E-01  1.894E-01  0.000E+00
  6   4.774000   3.0  1   5.85E-17  2 u                      3+  2 =     99.8000 %A      =      0.2300 %IT                                                                                                                                                                                      0.000000       
                                          2      4.055  9.950E-01  9.950E-01  0.000E+00
                                          1      4.773  5.000E-03  5.000E-03  0.000E+00
  7   5.110300   2.0 -1   4.67E-19  3 u                      2-  2 ~    100.0000 %A      =      0.0033 %IT                                                                                                                                                                                      0.000000       
                                          3      3.370  5.000E-02  5.000E-02  0.000E+00
                                          2      4.391  3.100E-01  3.100E-01  0.000E+00
                                          1      5.109  6.400E-01  6.400E-01  0.000E+00
  8   5.163900   2.0  1   2.55E-16  5 u                      2+  2 ~     84.0000 %IT     =     16.0000 %A                                                                                                                                                                                       0.000000       
                                          5      1.577  7.753E-02  7.753E-02  0.000E+00
                                          4      3.009  6.491E-01  6.491E-01  0.000E+00
                                          3      3.423  4.970E-03  4.970E-03  0.000E+00
                                          2      4.444  2.247E-01  2.247E-01  0.000E+00
                                          1      5.163  4.374E-02  4.374E-02  0.000E+00
  9   5.182000   1.0  1   4.15E-21  1 u                      1+  2 ~    100.0000 %A      =      0.0001 %IT                                                                                                                                                                                      0.000000       
                                          3      3.439  1.000E+00  1.000E+00  0.000E+00
 10   5.919500   2.0  1   7.84E-20  2 u                      2+  2 ~    100.0000 %A      =      0.0024 %IT                                                                                                                                                                                      0.000000       
                                          2      5.200  1.800E-01  1.800E-01  0.000E+00
                                          1      5.918  8.200E-01  8.200E-01  0.000E+00
 11   6.024900   4.0  1   8.77E-18  1 u                      4+  2 =     99.7900 %A      =      0.2100 %IT                                                                                                                                                                                      0.000000       
                                          1      6.023  1.000E+00  1.000E+00  0.000E+00
 12   6.129100   3.0 -1   3.00E-19  0 u                      3-  3 >     95.5000 %A      ~      3.1000 %D      <      1.4000 %IT                                                                                                                                                                0.000000       
 13   6.560100   4.0 -1   1.81E-20  0 u                    (4)-  2 ~    100.0000 %A      >=     0.0000 %IT                                                                                                                                                                                      0.000000       
 14   6.875000   1.0 -1   3.80E-21  7 u                      1-  4 =      0.0012 %IT     >      0.0000 %P      >      0.0000 %D      >      0.0000 %A                                                                                                                                           0.000000       
                                         10      0.954   INFINITY   INFINITY  0.000E+00
                                          8      1.709   INFINITY   INFINITY  0.000E+00
                                          7      1.763   INFINITY   INFINITY  0.000E+00
                                          4      4.718   INFINITY   INFINITY  0.000E+00
                                          3      5.131   INFINITY   INFINITY  0.000E+00
                                          2      6.153   INFINITY   INFINITY  0.000E+00
                                          1      6.872   INFINITY   INFINITY  0.000E+00
 15   7.004000   3.0  1   4.66E-21  0 u                      3+  3 >      0.0000 %P      >      0.0000 %D      >      0.0000 %A                                                                                                                                                                 0.000000       
 16   7.428000   1.0 -1   4.85E-21  4 u                      1-  4 =      0.0051 %IT     >      0.0000 %P      >      0.0000 %D      >      0.0000 %A                                                                                                                                           0.000000       
                                          7      2.317   INFINITY   INFINITY  0.000E+00
                                          4      5.272   INFINITY   INFINITY  0.000E+00
                                          3      5.686   INFINITY   INFINITY  0.000E+00
                                          2      6.707   INFINITY   INFINITY  0.000E+00
 17   7.470000   2.0  1   7.02E-21  0 u                      2+  2 ~    100.0000 %P      =      0.0180 %IT                                                                                                                                                                                      0.000000       
 18   7.479000   2.0 -1   6.17E-21  0 u                      2-  2 =      0.0072 %IT     >      0.0000 %P                                                                                                                                                                                       0.000000       
 19   7.559900   0.0  1   1.72E-19  3 u                      0+  2 =      0.2300 %IT     >      0.0000 %P                                                                                                                                                                                       0.000000       
                                          9      2.380   INFINITY   INFINITY  0.000E+00
                                          4      5.404   INFINITY   INFINITY  0.000E+00
                                          2      6.839   INFINITY   INFINITY  0.000E+00
 20   7.666000   1.0  1   1.85E-21  0 u                    (1+)  3 =     30.0000 %P      >      0.0000 %D      >      0.0000 %A                                                                                                                                                                 0.000000       
 21   7.750000   2.0 -1   2.17E-21  5 u                      2-  2 ~     65.0000 %P      ~      0.0026 %IT                                                                                                                                                                                      0.000000       
                                          7      2.639  7.392E-02  7.392E-02  0.000E+00
                                          5      4.162  5.236E-02  5.236E-02  0.000E+00
                                          4      5.594  5.698E-02  5.698E-02  0.000E+00
                                          2      7.028  1.694E-01  1.694E-01  0.000E+00
                                          1      7.746  1.186E+00  1.186E+00  0.000E+00
 22   7.811000   1.0 -1   1.75E-21  0 u                      1-  2 ~     90.0000 %P      >      0.0000 %A                                                                                                                                                                                       0.000000       
 23   7.960000   2.0 -1   1.60E-21  0 n                          1 >      0.0000 %A                                                                                                                                                                                                             0.000000       
 24   8.070000   2.0  1   5.70E-22  0 u                      2+  3 ~      7.0000 %P      >      0.0000 %IT     >      0.0000 %D                                                                                                                                                                 0.000000       
 25   8.680000  -1.0  0   2.07E-21  0                   (1+,2+)  2 >      0.0000 %P      >      0.0000 %D                                                                                                                                                                                       0.000000       
 26   8.887000   3.0 -1   4.75E-21  0                        3-  3 =     85.0000 %P      >      0.0000 %N      >      0.0000 %A                                                                                                                                                                 0.000000       
 27   8.895000   2.0  1   1.17E-20  1                        2+  3 =     35.0000 %P      =      0.0013 %IT     >      0.0000 %A                                                                                                                                                                 0.000000       
                                          1      8.890  2.857E+00  2.857E+00  0.000E+00
 28   9.580000  -1.0  0   1.78E-21  0                            1 >      0.0000 %A                                                                                                                                                                                                             0.000000       
 29   9.700000  -1.0  0   7.24E-22  0                            3 >      0.0000 %N      >      0.0000 %P      >      0.0000 %A                                                                                                                                                                 0.000000       
 30  10.825000  -1.0  0   1.30E-21  0                (2+,3+,4+)  3 >      0.0000 %IT     >      0.0000 %N      >      0.0000 %P                                                                                                                                                                 0.000000       
 31  11.511000  -1.0  0   1.44E-21  0                            2 >      0.0000 %IT     >      0.0000 %A                                                                                                                                                                                       0.000000       
 32  12.564000  -1.0  0   4.30E-21  0                (0+,1+,2+)  2 >      0.0000 %IT     >      0.0000 %P                                                                                                                                                                                       0.000000       
 33  13.494000  -1.0  0   1.52E-21  0                (0+,1+,2+)  2 >      0.0000 %IT     >      0.0000 %P                                                                                                                                                                                       0.000000       
 34  14.340000  -1.0  0   5.70E-22  0                            3 >      0.0000 %IT     >      0.0000 %P      >      0.0000 %A                                                                                                                                                                 0.000000       
 35  18.200000  -1.0  0   3.04E-22  0                            0                                                                                                                                                                                                                              0.000000       
 36  18.430000   2.0 -1   1.34E-21  0                        2-  2 >      0.0000 %IT     >      0.0000 %3HE                                                                                                                                                                                     0.000000       
 37  18.800000  -1.0  0   7.60E-22  0                     2+,1+  3 <     13.4000 %A      >      0.0000 %IT     >      0.0000 %3HE                                                                                                                                                               0.000000       
 38  19.290000   2.0 -1   2.40E-21  0                        2-  5 <     10.5000 %A      >      0.0000 %IT     >      0.0000 %N      >      0.0000 %P      >      0.0000 %3HE                                                                                                                   0.000000       
 39  20.100000   1.0 -1   1.30E-21  0                        1-  6 >      0.0000 %IT     >      0.0000 %N      >      0.0000 %P      >      0.0000 %3H     >      0.0000 %3HE    >      0.0000 %A                                                                                               0.000000       
 40  21.100000  -1.0  0  -1.00E+00  0                            2 >      0.0000 %IT     >      0.0000 %3HE                                                                                                                                                                                     0.000000       
 41  23.100000  -1.0  0  -1.00E+00  0                            2 >      0.0000 %IT     >      0.0000 %N                                                                                                                                                                                       0.000000       
 11B    11    5   41   27   23    8   11.454120   11.228580
  1   0.000000   1.5 -1  -1.00E+00  0 u                    3/2-  0                                                                                                                                                                                                                              0.000000       
  2   2.124693   0.5 -1   3.90E-15  1 u                    1/2-  0                                                                                                                                                                                                                              0.000000       
                                          1      2.124  1.000E+00  1.000E+00  0.000E+00
  3   4.444980   2.5 -1   8.30E-16  1 u                    5/2-  0                                                                                                                                                                                                                              0.000000       
                                          1      4.444  1.000E+00  1.000E+00  0.000E+00
  4   5.020300   1.5 -1   2.32E-16  2 u                    3/2-  0                                                                                                                                                                                                                              0.000000       
                                          2      2.895  1.440E-01  1.440E-01  0.000E+00
                                          1      5.019  8.560E-01  8.560E-01  0.000E+00
  5   6.741850   3.5 -1   1.52E-14  2 u                    7/2-  0                                                                                                                                                                                                                              0.000000       
                                          3      2.297  3.000E-01  3.000E-01  0.000E+00
                                          1      6.740  7.000E-01  7.000E-01  0.000E+00
  6   6.791800   0.5  1   1.17E-15  3 u                    1/2+  0                                                                                                                                                                                                                              0.000000       
                                          4      1.771  4.000E-02  4.000E-02  0.000E+00
                                          2      4.666  2.850E-01  2.850E-01  0.000E+00
                                          1      6.790  6.750E-01  6.750E-01  0.000E+00
  7   7.285510   2.5  1   4.00E-16  3 u                    5/2+  0                                                                                                                                                                                                                              0.000000       
                                          4      2.265  7.500E-02  7.500E-02  0.000E+00
                                          3      2.840  5.500E-02  5.500E-02  0.000E+00
                                          1      7.283  8.700E-01  8.700E-01  0.000E+00
  8   7.977840   1.5  1   3.97E-16  3 u                    3/2+  0                                                                                                                                                                                                                              0.000000       
                                          7      0.692  8.479E-03  8.479E-03  0.000E+00
                                          2      5.851  5.307E-01  5.307E-01  0.000E+00
                                          1      7.975  4.608E-01  4.608E-01  0.000E+00
  9   8.560100   1.5 -1   4.56E-16  4 u                  (3/2-)  0                                                                                                                                                                                                                              0.000000       
                                          4      3.539  9.000E-02  9.000E-02  0.000E+00
                                          3      4.115  5.000E-02  5.000E-02  0.000E+00
                                          2      6.434  3.000E-01  3.000E-01  0.000E+00
                                          1      8.557  5.600E-01  5.600E-01  0.000E+00
 10   8.920470   2.5 -1   1.04E-16  2 u                    5/2-  2 =     99.8000 %IT     =      0.1400 %A                                                                                                                                                                                       0.000000       
                                          3      4.475  4.523E-02  4.523E-02  0.000E+00
                                          1      8.917  9.548E-01  9.548E-01  0.000E+00
 11   9.183500   3.5  1   2.53E-16  3 u                    7/2+  2 =     91.6000 %A      =      9.4000 %IT                                                                                                                                                                                      0.000000       
                                          5      2.442  1.250E-01  1.250E-01  0.000E+00
                                          3      4.739  8.660E-01  8.660E-01  0.000E+00
                                          1      9.181  9.000E-03  9.000E-03  0.000E+00
 12   9.271700   2.5  1   1.14E-19  3 u                    5/2+  2 ~     99.9700 %A      ~      0.0300 %IT                                                                                                                                                                                      0.000000       
                                          5      2.529  1.190E-01  1.190E-01  0.000E+00
                                          3      4.826  6.970E-01  6.970E-01  0.000E+00
                                          1      9.269  1.840E-01  1.840E-01  0.000E+00
 13   9.820000   0.5  1  -1.00E+00  0 u                  (1/2+)  0                                                                                                                                                                                                                              0.000000       
 14   9.873000   1.5  1   4.19E-21  0 u                    3/2+  1 >      0.0000 %A                                                                                                                                                                                                             0.000000       
 15  10.262000   1.5 -1   2.80E-21  0 u                    3/2-  2 <=    89.5000 %A      >=    10.5000 %IT                                                                                                                                                                                      0.000000       
 16  10.330000   2.5 -1   4.07E-21  0 u                    5/2-  2 ~    100.0000 %A      >=     0.0089 %IT                                                                                                                                                                                      0.000000       
 17  10.602000   3.5  1   5.01E-21  0 u                    7/2+  2 ~    100.0000 %A      ~      0.0002 %IT                                                                                                                                                                                      0.000000       
 18  10.960000   2.5 -1   1.01E-22  0 u                    5/2-  1 >      0.0000 %A                                                                                                                                                                                                             0.000000       
 19  11.272000   4.5  1   4.15E-21  0 u                    9/2+  2 ~    100.0000 %A      >      0.0000 %IT                                                                                                                                                                                      0.000000       
 20  11.450000   1.5  1   4.91E-21  0 n                          1 >      0.0000 %A                                                                                                                                                                                                             0.000000       
 21  11.600000   2.5  1   2.53E-21  0 u                    5/2+  2 <    100.0000 %N      <    100.0000 %A                                                                                                                                                                                       0.000000       
 22  11.893000   2.5 -1   2.35E-21  0 u                    5/2-  2 <    100.0000 %N      <    100.0000 %A                                                                                                                                                                                       0.000000       
 23  12.040000   3.5  1   4.56E-22  0 u                    7/2+  2 <    100.0000 %N      <    100.0000 %A                                                                                                                                                                                       0.000000       
 24  12.554000  -1.0  0   2.23E-21  0               1/2+,(3/2+)  3 <    100.0000 %P      <    100.0000 %A      >=     0.0060 %IT                                                                                                                                                                0.000000       
 25  12.917000   0.5 -1   1.98E-21  0                      1/2-  3 <    100.0000 %P      <    100.0000 %A      >=     0.0130 %IT                                                                                                                                                                0.000000       
 26  13.137000   4.5 -1   1.07E-21  0                      9/2-  3 <    100.0000 %N      <    100.0000 %A      >      0.0000 %3H                                                                                                                                                                0.000000       
 27  13.160000  -1.0  0   1.26E-21  0                 5/2+,7/2+  2 ?      0.0000 %N      ?      0.0000 %A                                                                                                                                                                                       0.000000       
 28  14.040000   5.5  1   9.12E-22  0                     11/2+  2 ?      0.0000 %N      ?      0.0000 %A                                                                                                                                                                                       0.000000       
 29  14.340000   2.5  1   1.80E-21  0                      5/2+  2 <    100.0000 %P      >=     0.0063 %IT                                                                                                                                                                                      0.000000       
 30  14.563000  -1.0  0   1.52E-20  0                            3 ?      0.0000 %N      ?      0.0000 %3H     ?      0.0000 %A                                                                                                                                                                 0.000000       
 31  15.290000  -1.0  0   1.62E-21  0            (3/2,5/2,7/2)+  4 ?      0.0000 %IT     ?      0.0000 %N      ?      0.0000 %P      ?      0.0000 %A                                                                                                                                           0.000000       
 32  16.432000  -1.0  0   1.52E-20  0                            3 ?      0.0000 %P      ?      0.0000 %D      ?      0.0000 %A                                                                                                                                                                 0.000000       
 33  17.310000  -1.0  0   4.56E-22  0                            4 ?      0.0000 %N      ?      0.0000 %D      ?      0.0000 %3H     ?      0.0000 %A                                                                                                                                           0.000000       
 34  17.500000  -1.0  0   3.93E-21  0                            5 ?      0.0000 %IT     ?      0.0000 %N      ?      0.0000 %P      ?      0.0000 %D      ?      0.0000 %A                                                                                                                     0.000000       
 35  18.000000  -1.0  0   5.24E-22  0                            0                                                                                                                                                                                                                              0.000000       
 36  18.370000  -1.0  0   1.75E-21  0            (1/2,3/2,5/2)+  2 ?      0.0000 %IT     ?      0.0000 %D                                                                                                                                                                                       0.000000       
 37  19.125000  -1.0  0   3.97E-21  0                         +  0                                                                                                                                                                                                                              0.000000       
 38  19.700000   0.5  1  -1.00E+00  0                    (1/2+)  2 ?      0.0000 %IT     ?      0.0000 %D                                                                                                                                                                                       0.000000       
 39  21.270000  -1.0  0   1.52E-21  0                            0                                                                                                                                                                                                                              0.000000       
 40  23.700000  -1.0  0  -1.00E+00  0            (1/2,3/2,5/2)+  2 ?      0.0000 %IT     ?      0.0000 %D                                                                                                                                                                                       0.000000       
 41  26.500000  -1.0  0  -1.00E+00  0                            2 ?      0.0000 %IT     ?      0.0000 %N                                                                                                                                                                                       0.000000       
 12B    12    5   50    7   39   16    3.369780   14.096720
  1   0.000000   1.0  1   2.02E-02  0 u                      1+  2 =    100.0000 %B-     =      1.6000 %B-A                                                                                                                                                                                     0.000000       
  2   0.953140   2.0  1   1.80E-13  1 u                      2+  0                                                                                                                                                                                                                              0.000000       
                                          1      0.953  1.000E+00  1.000E+00  0.000E+00
  3   1.673650   2.0 -1   3.50E-14  2 u                      2-  0                                                                                                                                                                                                                              0.000000       
                                          2      0.720  3.200E-02  3.200E-02  0.000E+00
                                          1      1.674  9.680E-01  9.680E-01  0.000E+00
  4   2.620800   1.0 -1   4.90E-14  3 u                      1-  0                                                                                                                                                                                                                              0.000000       
                                          3      0.947  1.400E-01  1.400E-01  0.000E+00
                                          2      1.668  8.000E-01  8.000E-01  0.000E+00
                                          1      2.621  6.000E-02  6.000E-02  0.000E+00
  5   2.723000   0.0  1  -1.00E+00  1 u                      0+  0                                                                                                                                                                                                                              0.000000       
                                          1      2.723  1.000E+00  1.000E+00  0.000E+00
  6   3.389100   3.0 -1   1.47E-16  0 u                      3-  2 ?      0.0000 %IT     ?      0.0000 %N                                                                                                                                                                                       0.000000       
  7   3.759000   2.0  1   1.14E-20  0 u                      2+  2 ?      0.0000 %IT     ?      0.0000 %N                                                                                                                                                                                       0.000000       
  8   4.301000   1.0 -1   5.07E-20  0 u                      1-  2 ?      0.0000 %IT     ?      0.0000 %N                                                                                                                                                                                       0.000000       
  9   4.460000   2.0 -1  -1.00E+00  0 u                      2-  1 ?      0.0000 %N                                                                                                                                                                                                             0.000000       
 10   4.518000   4.0 -1   4.15E-21  0 u                      4-  2 ?      0.0000 %IT     ?      0.0000 %N                                                                                                                                                                                       0.000000       
 11   5.000000   1.0  1   9.12E-21  0 u                      1+  2 ?      0.0000 %IT     ?      0.0000 %N                                                                                                                                                                                       0.000000       
 12   5.612000   3.0  1   4.15E-21  0 u                      3+  1 ?      0.0000 %N                                                                                                                                                                                                             0.000000       
 13   5.726000   3.0 -1   9.12E-21  0 u                      3-  1 ?      0.0000 %N                                                                                                                                                                                                             0.000000       
 14   6.000000   1.0 -1  -1.00E+00  0 u                      1-  1 ?      0.0000 %N                                                                                                                                                                                                             0.000000       
 15   6.600000   1.0  1   3.26E-21  0 u                      1+  1 ?      0.0000 %N                                                                                                                                                                                                             0.000000       
 16   7.060000   1.0 -1  -1.00E+00  0 u                      1-  1 ?      0.0000 %N                                                                                                                                                                                                             0.000000       
 17   7.545000   1.0 -1   3.26E-20  0 n                          1 ?      0.0000 %N                                                                                                                                                                                                             0.000000       
 18   7.670000   2.0 -1   1.01E-20  0 u                      2-  1 ?      0.0000 %N                                                                                                                                                                                                             0.000000       
 19   7.700000   1.0 -1   2.40E-22  0 u                      1-  1 ?      0.0000 %N                                                                                                                                                                                                             0.000000       
 20   7.836000   1.0 -1   7.60E-21  0 u                      1-  1 ?      0.0000 %N                                                                                                                                                                                                             0.000000       
 21   7.937000   1.0 -1   1.69E-20  0 u                    (1-)  1 ?      0.0000 %N                                                                                                                                                                                                             0.000000       
 22   8.100000   0.0 -1   5.07E-22  0 n                          1 ?      0.0000 %N                                                                                                                                                                                                             0.000000       
 23   8.120000   3.0 -1  -1.00E+00  0 u                    (3-)  1 ?      0.0000 %N                                                                                                                                                                                                             0.000000       
 24   8.240000   3.0 -1   7.02E-21  0 u                      3-  1 ?      0.0000 %N                                                                                                                                                                                                             0.000000       
 25   8.376000   1.0 -1   1.14E-20  0 n                          0                                                                                                                                                                                                                              0.000000       
 26   8.580000   3.0 -1   6.08E-21  0 u                    (3-)  1 ?      0.0000 %N                                                                                                                                                                                                             0.000000       
 27   8.707000   3.0 -1  -1.00E+00  0 u                    (3-)  1 ?      0.0000 %N                                                                                                                                                                                                             0.000000       
 28   9.040000   1.0 -1   4.80E-21  0 u                      1-  1 ?      0.0000 %N                                                                                                                                                                                                             0.000000       
 29   9.175000   2.0 -1  -1.00E+00  0 u                    (2-)  1 ?      0.0000 %N                                                                                                                                                                                                             0.000000       
 30   9.430000   0.0 -1   5.37E-21  0 n                          0                                                                                                                                                                                                                              0.000000       
 31   9.585000   3.0 -1   1.34E-20  0 u                      3-  1 ?      0.0000 %N                                                                                                                                                                                                             0.000000       
 32   9.758000   2.0 -1  -1.00E+00  0 n                          0                                                                                                                                                                                                                              0.000000       
 33   9.830000   1.0 -1  -1.00E+00  0 n                          0                                                                                                                                                                                                                              0.000000       
 34  10.000000   2.0 -1   4.56E-21  0 n                          1 ?      0.0000 %N                                                                                                                                                                                                             0.000000       
 35  10.110000   2.0 -1  -1.00E+00  0 n                          0                                                                                                                                                                                                                              0.000000       
 36  10.220000   0.0 -1   1.82E-20  0 n                          0                                                                                                                                                                                                                              0.000000       
 37  10.435000   3.0 -1   6.08E-21  0 n                          0                                                                                                                                                                                                                              0.000000       
 38  10.590000   2.0 -1   1.52E-20  0 n                          0                                                                                                                                                                                                                              0.000000       
 39  10.900000   2.0 -1   1.52E-20  0 n                          0                                                                                                                                                                                                                              0.000000       
 40  11.080000  -1.0  0  -1.00E+00  0                            0                                                                                                                                                                                                                              0.000000       
 41  11.310000  -1.0  0   3.51E-21  0                            0                                                                                                                                                                                                                              0.000000       
 42  11.590000  -1.0  0   6.08E-21  0                            0                                                                                                                                                                                                                              0.000000       
 43  12.345000  -1.0  0   4.56E-21  0                            1 ?      0.0000 %N                                                                                                                                                                                                             0.000000       
 44  12.750000   0.0  1   5.37E-21  0                        0+  0                                                                                                                                                                                                                              0.000000       
 45  13.330000  -1.0  0   9.12E-21  0                            0                                                                                                                                                                                                                              0.000000       
 46  13.400000  -1.0  0  -1.00E+00  0                            0                                                                                                                                                                                                                              0.000000       
 47  14.820000   2.0  1   2.28E-21  0                      (2+)  0                                                                                                                                                                                                                              0.000000       
 48  15.500000  -1.0  0  -1.00E+00  0                            0                                                                                                                                                                                                                              0.000000       
 49  21.800000   3.0 -1   3.51E-22  0                      (3-)  0                                                                                                                                                                                                                              0.000000       
 50  23.900000   1.0 -1   7.60E-23  0                      (1-)  0                                                                                                                                                                                                                              0.000000       
 13B    13    5   23    6   15    1    4.878610   15.804610
  1   0.000000   1.5 -1   1.73E-02  0 u                    3/2-  2 =    100.0000 %B-     =      0.2800 %B-N                                                                                                                                                                                     0.000000       
  2   3.482800  -1.0  0  -1.00E+00  1 g                          0                                                                                                                                                                                                                              0.000000       
                                          1      3.482  1.000E+00  1.000E+00  0.000E+00
  3   3.534600  -1.0  0   2.00E-13  0                            0                                                                                                                                                                                                                              0.000000       
  4   3.681000  -1.0  0  -1.00E+00  0                            0                                                                                                                                                                                                                              0.000000       
  5   3.712600  -1.0  0   2.70E-13  2 g                          0                                                                                                                                                                                                                              0.000000       
                                          3      0.178  9.091E-02  9.091E-02  0.000E+00
                                          1      3.713  9.091E-01  9.091E-01  0.000E+00
  6   4.131000  -1.0  0   4.30E-14  3 g                          0                                                                                                                                                                                                                              0.000000       
                                          5      0.418  9.524E-02  9.524E-02  0.000E+00
                                          3      0.596  2.245E-01  2.245E-01  0.000E+00
                                          1      4.131  6.803E-01  6.803E-01  0.000E+00
  7   4.829000  -1.0  0  -1.00E+00  0                            0                                                                                                                                                                                                                              0.000000       
  8   5.024000  -1.0  0  -1.00E+00  0                            0                                                                                                                                                                                                                              0.000000       
  9   5.106000  -1.0  0   7.60E-21  0                            0                                                                                                                                                                                                                              0.000000       
 10   5.388000  -1.0  0   4.56E-20  0                            0                                                                                                                                                                                                                              0.000000       
 11   5.557000  -1.0  0  -1.00E+00  0                            0                                                                                                                                                                                                                              0.000000       
 12   6.167000  -1.0  0  -1.00E+00  0                            0                                                                                                                                                                                                                              0.000000       
 13   6.425000  -1.0  0   1.27E-20  0                            0                                                                                                                                                                                                                              0.000000       
 14   6.934000  -1.0  0   8.30E-21  0                            0                                                                                                                                                                                                                              0.000000       
 15   7.516000  -1.0  0  -1.00E+00  0                            0                                                                                                                                                                                                                              0.000000       
 16   7.859000  -1.0  0  -1.00E+00  0                            0                                                                                                                                                                                                                              0.000000       
 17   8.133000  -1.0  0   4.56E-21  0                            0                                                                                                                                                                                                                              0.000000       
 18   8.683000  -1.0  0   5.13E-21  0                            0                                                                                                                                                                                                                              0.000000       
 19   9.440000  -1.0  0   5.63E-21  0                            0                                                                                                                                                                                                                              0.000000       
 20   9.500000  -1.0  0  -1.00E+00  0                            0                                                                                                                                                                                                                              0.000000       
 21  10.220000  -1.0  0   2.17E-21  0                            0                                                                                                                                                                                                                              0.000000       
 22  10.890000  -1.0  0  -1.00E+00  0                            0                                                                                                                                                                                                                              0.000000       
 23  11.800000  -1.0  0  -1.00E+00  0                            0                                                                                                                                                                                                                              0.000000       
 14B    14    5    7    0    1    1    0.969750   17.284360
  1   0.000000   2.0 -1   1.25E-02  0                        2-  3 =    100.0000 %B-            0.0000 %B-2N   =      6.0400 %B-N                                                                                                                                                               0.000000       
  2   0.740000   1.0 -1  -1.00E+00  0                      (1-)  0                                                                                                                                                                                                                              0.000000       
  3   1.380000   3.0 -1  -1.00E+00  0                      (3-)  0                                                                                                                                                                                                                              0.000000       
  4   1.860000   2.0 -1   4.56E-22  0                        2-  0                                                                                                                                                                                                                              0.000000       
  5   2.080000   4.0 -1  -1.00E+00  0                      (4-)  0                                                                                                                                                                                                                              0.000000       
  6   2.320000  -1.0  0  -1.00E+00  0                            0                                                                                                                                                                                                                              0.000000       
  7   2.970000  -1.0  0  -1.00E+00  0                            0                                                                                                                                                                                                                              0.000000       
 15B    15    5    1    0    1    1    2.777010   18.285480
  1   0.000000   1.5 -1   9.93E-03  0                      3/2-  3 =    100.0000 %B-     =      0.4000 %B-2N   =     93.6000 %B-N                                                                                                                                                               0.000000       
 16B    16    5    1    0    1    1   -0.082970   19.937000
  1   0.000000   0.0 -1   1.90E-10  0                       0-#  1        0.0000 %N                                                                                                                                                                                                             0.000000       
 17B    17    5    1    0    1    0    1.412770   20.965290
  1   0.000000   1.5 -1   5.08E-03  0                    (3/2-)  2 =    100.0000 %B-     =     63.0000 %B-N                                                                                                                                                                                     0.000000       
 18B    18    5    1    0    1    0   -0.005000    0.000000
  1   0.000000   2.0 -1   2.60E-08  0                      (2-)  1        0.0000 %N                                                                                                                                                                                                             0.000000       
 19B    19    5    1    0    1    1    1.141000    0.000000
  1   0.000000   1.5 -1   2.92E-03  0                     3/2-#  4 =    100.0000 %B-     =     17.0000 %B-2N   <      9.1000 %B-3N   =     71.0000 %B-N                                                                                                                                         0.000000       
 21B    21    5    1    0    1    1   -0.517000    0.000000
  1   0.000000   1.5 -1   2.60E-07  0                     3/2-#  1        0.0000 %N                                                                                                                                                                                                             0.000000       
