  8C     8    6    1    0    1    1    0.000000   -0.098750
  1   0.000000   0.0  1   3.50E-21  0                        0+  1 =    100.0000 %2P                                                                                                                                                                                                            0.000000       
  9C     9    6    4    0    1    0   14.224620    1.299580
  1   0.000000   1.5 -1   1.27E-01  0                    (3/2-)  3 =     38.4000 %B+A    =     61.6000 %B+P    =    100.0000 %EC+%B+                                                                                                                                                            0.000000       
  2   2.218000  -1.0  0   4.56E-21  0                            0                                                                                                                                                                                                                              0.000000       
  3   3.300000  -1.0  0  -1.00E+00  0                            0                                                                                                                                                                                                                              0.000000       
  4   4.300000  -1.0  0  -1.00E+00  0                            0                                                                                                                                                                                                                              0.000000       
 10C    10    6    8    1    1    2   21.283530    4.006700
  1   0.000000   0.0  1   1.93E+01  0                        0+  1 =    100.0000 %EC+%B+                                                                                                                                                                                                        0.000000       
  2   3.353700   2.0  1   1.07E-13  1                        2+  1 =    100.0000 %IT                                                                                                                                                                                                            0.000000       
                                          1      3.354  9.991E-01  1.000E+00  9.330E-04
  3   5.220000  -1.0  0   2.03E-21  0                            0                                                                                                                                                                                                                              0.000000       
  4   5.380000  -1.0  0   1.52E-21  0                            0                                                                                                                                                                                                                              0.000000       
  5   6.580000   2.0  1   2.40E-21  0                      (2+)  0                                                                                                                                                                                                                              0.000000       
  6   9.000000  -1.0  0  -1.00E+00  0                            0                                                                                                                                                                                                                              0.000000       
  7  10.000000  -1.0  0  -1.00E+00  0                            0                                                                                                                                                                                                                              0.000000       
  8  16.500000   2.0  1  -1.00E+00  0                      (2+)  0                                                                                                                                                                                                                              0.000000       
 11C    11    6   37   49   28   14   13.119780    8.689370
  1   0.000000   1.5 -1   1.22E+03  0 u                    3/2-  1 =    100.0000 %EC+%B+                                                                                                                                                                                                        0.000000       
  2   2.000000   0.5 -1   7.10E-15  1 u                    1/2-  0                                                                                                                                                                                                                              0.000000       
                                          1      2.000  9.997E-01  1.000E+00  2.800E-04
  3   4.318800   2.5 -1   8.30E-15  2 u                    5/2-  0                                                                                                                                                                                                                              0.000000       
                                          2      2.318  1.958E-02  1.959E-02  4.670E-04
                                          1      4.319  9.792E-01  9.804E-01  1.200E-03
  4   4.804200   1.5 -1   7.60E-15  2 u                    3/2-  0                                                                                                                                                                                                                              0.000000       
                                          2      2.804  1.478E-01  1.479E-01  6.400E-04
                                          1      4.804  8.509E-01  8.521E-01  1.350E-03
  5   6.339200   0.5  1   7.62E-14  4 u                    1/2+  0                                                                                                                                                                                                                              0.000000       
                                          4      1.535  2.726E-02  2.727E-02  2.940E-04
                                          3      2.020  6.360E-02  6.361E-02  1.580E-04
                                          2      4.339  3.044E-01  3.049E-01  1.810E-03
                                          1      6.339  6.042E-01  6.042E-01  0.000E+00
  6   6.478200   3.5 -1   5.50E-15  4 u                    7/2-  0                                                                                                                                                                                                                              0.000000       
                                          4      1.674  1.923E-02  1.923E-02  1.600E-04
                                          3      2.159  1.106E-01  1.106E-01  3.500E-04
                                          2      4.477  1.923E-02  1.924E-02  7.310E-04
                                          1      6.478  8.509E-01  8.509E-01  0.000E+00
  7   6.904800   2.5  1   4.80E-14  6 u                    5/2+  0                                                                                                                                                                                                                              0.000000       
                                          6      0.427  4.504E-02  4.504E-02  8.810E-06
                                          5      0.566  4.504E-02  4.504E-02  1.380E-05
                                          4      2.101  4.054E-02  4.057E-02  7.090E-04
                                          3      2.586  4.054E-02  4.058E-02  1.018E-03
                                          2      4.904  9.008E-03  9.018E-03  1.090E-03
                                          1      6.905  8.198E-01  8.198E-01  0.000E+00
  8   7.400000   1.5  1  -1.00E+00  0 u                    3/2+  0                                                                                                                                                                                                                              0.000000       
  9   7.499700   1.5  1   6.30E-14  7 u                    3/2+  0                                                                                                                                                                                                                              0.000000       
                                          7      0.595  3.567E-02  3.567E-02  8.000E-06
                                          6      1.021  2.675E-02  2.675E-02  4.100E-06
                                          5      1.160  2.675E-02  2.675E-02  5.300E-06
                                          4      2.695  8.917E-03  8.927E-03  1.078E-03
                                          3      3.181  8.917E-03  8.929E-03  1.322E-03
                                          2      5.500  5.707E-01  5.719E-01  2.160E-03
                                          1      7.500  3.210E-01  3.210E-01  0.000E+00
 10   8.104500   1.5 -1   7.60E-17  2 u                    3/2-  2 =     94.5000 %A      =      5.5000 %IT                                                                                                                                                                                      0.000000       
                                          2      6.105  2.600E-01  2.600E-01  0.000E+00
                                          1      8.105  7.400E-01  7.400E-01  0.000E+00
 11   8.420000   2.5 -1   3.00E-17  2 u                    5/2-  2 =     80.0000 %A      =     20.0000 %IT                                                                                                                                                                                      0.000000       
                                          3      4.101  6.542E-02  6.549E-02  1.130E-03
                                          1      8.420  9.345E-01  9.345E-01  0.000E+00
 12   8.654000   3.5  1   9.12E-20  0 u                    7/2+  2 ~    100.0000 %A      >      0.0000 %IT                                                                                                                                                                                      0.000000       
 13   8.699000   2.5  1   3.04E-20  4 u                    5/2+  2 >     90.0000 %P      <     10.0000 %IT                                                                                                                                                                                      0.000000       
                                          6      2.221  1.510E-01  1.511E-01  7.880E-04
                                          4      3.895  2.664E-02  2.669E-02  1.629E-03
                                          3      4.380  4.662E-01  4.671E-01  1.810E-03
                                          1      8.699  4.662E-01  4.662E-01  0.000E+00
 14   9.200000   2.5  1   9.12E-22  3 u                    5/2+  2 <    100.0000 %P      >      0.0000 %IT                                                                                                                                                                                      0.000000       
                                          6      2.722  1.999E-01  2.002E-01  1.092E-03
                                          3      4.881  5.998E-02  6.010E-02  1.980E-03
                                          1      9.200  7.398E-01  7.398E-01  0.000E+00
 15   9.645000   1.5 -1   2.17E-21  3 u                  (3/2-)  3 <    100.0000 %P      <    100.0000 %A      >      0.0000 %IT                                                                                                                                                                0.000000       
                                          4      4.846  7.995E-02  8.006E-02  1.360E-03
                                          3      5.331  3.198E-01  3.203E-01  1.500E-03
                                          1      9.650  5.996E-01  5.996E-01  0.000E+00
 16   9.780000   2.5 -1   1.90E-21  4 u                  (5/2-)  2 <    100.0000 %P      >      0.0000 %IT                                                                                                                                                                                      0.000000       
                                          6      3.302  1.200E-01  1.201E-01  8.400E-04
                                          4      4.976  3.999E-02  4.004E-02  1.400E-03
                                          3      5.461  7.998E-02  8.010E-02  1.530E-03
                                          1      9.780  7.598E-01  7.598E-01  0.000E+00
 17   9.970000   3.5 -1   3.80E-21  2 u                  (7/2-)  2 <    100.0000 %P      >      0.0000 %IT                                                                                                                                                                                      0.000000       
                                          6      3.492  9.985E-02  9.994E-02  9.100E-04
                                          3      5.651  8.986E-01  9.001E-01  1.580E-03
 18  10.083000   3.5  1   1.98E-21  2 u                    7/2+  3 ~     64.0000 %A      ~     36.0000 %P      >      0.0000 %IT                                                                                                                                                                0.000000       
                                          6      3.605  4.504E-01  4.511E-01  1.513E-03
                                          3      5.764  2.322E+00  2.327E+00  2.220E-03
 19  10.679000   4.5  1   2.28E-21  1 u                    9/2+  3 ~     50.0000 %P      ~     50.0000 %A      >      0.0000 %IT                                                                                                                                                                0.000000       
                                          1     10.679  2.000E+00  2.000E+00  0.000E+00
 20  11.030000   1.5  1   1.52E-21  0 n                          2 <    100.0000 %P      <    100.0000 %A                                                                                                                                                                                       0.000000       
 21  11.440000   2.5  1   1.27E-21  0 n                          2 ~    100.0000 %A      >      0.0000 %P                                                                                                                                                                                       0.000000       
 22  12.160000   3.5  1   1.69E-21  0 n                          1 ?      0.0000 %P                                                                                                                                                                                                             0.000000       
 23  12.400000   0.5  1   3.26E-22  0 n                       -  2 ?      0.0000 %IT     ?      0.0000 %P                                                                                                                                                                                       0.000000       
 24  12.510000   0.5 -1   9.12E-22  0 u                    1/2-  1 ?      0.0000 %P                                                                                                                                                                                                             0.000000       
 25  12.650000   3.5  1   1.27E-21  0 u                  (7/2+)  3 ~     50.0000 %P      ~     50.0000 %A      >      0.0000 %3HE                                                                                                                                                               0.000000       
 26  13.010000   2.5  1  -1.00E+00  0 n                          2 <    100.0000 %P      >      0.0000 %IT                                                                                                                                                                                      0.000000       
 27  13.330000   2.5  1   1.69E-21  0 n                          0                                                                                                                                                                                                                              0.000000       
 28  13.400000   3.5  1   4.15E-22  0 n                          2 ?      0.0000 %P      ?      0.0000 %A                                                                                                                                                                                       0.000000       
 29  13.900000  -1.0  0   2.28E-21  0                            1 ?      0.0000 %P                                                                                                                                                                                                             0.000000       
 30  14.070000  -1.0  0   3.38E-21  0                            2 ?      0.0000 %N      ?      0.0000 %P                                                                                                                                                                                       0.000000       
 31  14.760000  -1.0  0   1.01E-21  0                            3 ?      0.0000 %N      ?      0.0000 %P      ?      0.0000 %3HE                                                                                                                                                               0.000000       
 32  15.350000  -1.0  0  -1.00E+00  0                         -  3 <    100.0000 %N      <    100.0000 %P      >      0.0000 %IT                                                                                                                                                                0.000000       
 33  15.590000  -1.0  0   1.01E-21  0                            2 ?      0.0000 %N      ?      0.0000 %P                                                                                                                                                                                       0.000000       
 34  16.700000  -1.0  0   5.56E-22  0                         -  2 <    100.0000 %P      >      0.0000 %IT                                                                                                                                                                                      0.000000       
 35  18.200000  -1.0  0  -1.00E+00  0                            2 <    100.0000 %P      >      0.0000 %IT                                                                                                                                                                                      0.000000       
 36  23.000000  -1.0  0  -1.00E+00  0                            0                                                                                                                                                                                                                              0.000000       
 37  28.000000  -1.0  0  -1.00E+00  0                            0                                                                                                                                                                                                                              0.000000       
 12C    12    6   56   14   19    4   18.721610   15.956850
  1   0.000000   0.0  1  -1.00E+00  0 u                      0+  0                                                                                                                                                                                                                              0.000000       
  2   4.438910   2.0  1   4.22E-14  1 u                      2+  0                                                                                                                                                                                                                              0.000000       
                                          1      4.438  9.987E-01  1.000E+00  1.321E-03
  3   7.654200   0.0  1   5.37E-17  1 u                      0+  2 ?      0.0000 %IT     ?      0.0000 %A                                                                                                                                                                                       0.000000       
                                          2      3.215  9.991E-01  1.000E+00  8.770E-04
  4   9.641000   3.0 -1   1.34E-20  1 u                      3-  2 ?      0.0000 %IT     ?      0.0000 %A                                                                                                                                                                                       0.000000       
                                          1      9.637  1.000E+00  1.000E+00  0.000E+00
  5  10.300000   0.0  1   1.52E-22  0 u                    (0+)  1 ?      0.0000 %A                                                                                                                                                                                                             0.000000       
  6  10.844000   1.0 -1   1.45E-21  0 u                      1-  1 ?      0.0000 %A                                                                                                                                                                                                             0.000000       
  7  11.160000   2.0  1   1.06E-21  0 u                    (2+)  0                                                                                                                                                                                                                              0.000000       
  8  11.828000   2.0 -1   1.75E-21  0 u                      2-  2 ?      0.0000 %IT     ?      0.0000 %A                                                                                                                                                                                       0.000000       
  9  12.710000   1.0  1   2.52E-17  2 u                      1+  2 ?      0.0000 %IT     ?      0.0000 %A                                                                                                                                                                                       0.000000       
                                          2      8.268  1.315E-01  1.315E-01  0.000E+00
                                          1     12.703  8.685E-01  8.685E-01  0.000E+00
 10  13.352000   2.0 -1   1.22E-21  0 u                    (2-)  2 ?      0.0000 %IT     ?      0.0000 %A                                                                                                                                                                                       0.000000       
 11  14.083000   4.0  1   1.77E-21  0 u                      4+  1 ?      0.0000 %A                                                                                                                                                                                                             0.000000       
 12  15.110000   1.0  1   1.05E-17  4 u                      1+  2 ?      0.0000 %IT     ?      0.0000 %A                                                                                                                                                                                       0.000000       
                                          9      2.400  1.434E-02  1.435E-02  4.600E-04
                                          3      7.453  2.649E-02  2.649E-02  0.000E+00
                                          2     10.666  2.333E-02  2.333E-02  0.000E+00
                                          1     15.100  9.358E-01  9.358E-01  0.000E+00
 13  15.440000   2.0  1   3.04E-22  0 u                    (2+)  0                                                                                                                                                                                                                              0.000000       
 14  16.105800   2.0  1   8.61E-20  4 u                      2+  3 ?      0.0000 %IT     ?      0.0000 %P      ?      0.0000 %A                                                                                                                                                                 0.000000       
                                          9      3.395  1.368E-02  1.369E-02  8.800E-04
                                          4      6.463  2.232E-02  2.232E-02  0.000E+00
                                          2     11.661  9.215E-01  9.215E-01  0.000E+00
                                          1     16.094  4.248E-02  4.248E-02  0.000E+00
 15  16.570000   2.0 -1   1.52E-21  1 u                      2-  3 ?      0.0000 %IT     ?      0.0000 %P      ?      0.0000 %A                                                                                                                                                                 0.000000       
                                          1     16.558  1.000E+00  1.000E+00  0.000E+00
 16  17.230000   1.0 -1   3.97E-22  0 u                      1-  3 ?      0.0000 %IT     ?      0.0000 %P      ?      0.0000 %A                                                                                                                                                                 0.000000       
 17  17.760000   0.0  1   5.70E-21  0 u                      0+  2 ?      0.0000 %P      ?      0.0000 %A                                                                                                                                                                                       0.000000       
 18  18.160000   1.0  1   1.90E-21  0 u                    (1+)  2 ?      0.0000 %IT     ?      0.0000 %P                                                                                                                                                                                       0.000000       
 19  18.350000   3.0 -1   2.07E-21  0 u                      3-  3 ?      0.0000 %IT     ?      0.0000 %P      ?      0.0000 %A                                                                                                                                                                 0.000000       
 20  18.350100   2.0 -1   1.30E-21  0                        2-  2 ?      0.0000 %N      ?      0.0000 %P                                                                                                                                                                                       0.000100       
 21  18.600000   3.0 -1   1.52E-21  0                      (3-)  0                                                                                                                                                                                                                              0.000000       
 22  18.710000  -1.0  0   4.56E-21  0                            2 ?      0.0000 %P      ?      0.0000 %A                                                                                                                                                                                       0.000000       
 23  18.800000   2.0  1   4.56E-21  0                        2+  3 ?      0.0000 %IT     ?      0.0000 %N      ?      0.0000 %P                                                                                                                                                                 0.000000       
 24  19.200000   1.0 -1   4.15E-22  0                      (1-)  4 ?      0.0000 %IT     ?      0.0000 %N      ?      0.0000 %P      ?      0.0000 %A                                                                                                                                           0.000000       
 25  19.400000   2.0 -1   9.50E-22  0                      (2-)  3 ?      0.0000 %IT     ?      0.0000 %P      ?      0.0000 %A                                                                                                                                                                 0.000000       
 26  19.550000   4.0 -1   9.31E-22  0                      (4-)  3 ?      0.0000 %IT     ?      0.0000 %P      ?      0.0000 %A                                                                                                                                                                 0.000000       
 27  19.690000   1.0  1   1.98E-21  0                        1+  2 ?      0.0000 %N      ?      0.0000 %P                                                                                                                                                                                       0.000000       
 28  20.000000   2.0  1   1.82E-21  0                      (2+)  3 ?      0.0000 %IT     ?      0.0000 %N      ?      0.0000 %P                                                                                                                                                                 0.000000       
 29  20.270000   1.0  1   3.26E-21  0                      (1+)  2 ?      0.0000 %N      ?      0.0000 %P                                                                                                                                                                                       0.000000       
 30  20.500000   3.0  1   1.52E-21  0                      (3+)  3 ?      0.0000 %IT     ?      0.0000 %P      ?      0.0000 %A                                                                                                                                                                 0.000000       
 31  20.620000   3.0 -1   2.28E-21  0                      (3-)  4 ?      0.0000 %IT     ?      0.0000 %N      ?      0.0000 %P      ?      0.0000 %A                                                                                                                                           0.000000       
 32  20.980000  -1.0  0   1.69E-21  0                            2 ?      0.0000 %N      ?      0.0000 %P                                                                                                                                                                                       0.000000       
 33  21.600000  -1.0  0   3.80E-22  0                     3-,2+  4 ?      0.0000 %IT     ?      0.0000 %N      ?      0.0000 %P      ?      0.0000 %A                                                                                                                                           0.000000       
 34  22.000000   1.0 -1   5.70E-22  0                        1-  3 ?      0.0000 %IT     ?      0.0000 %N      ?      0.0000 %P                                                                                                                                                                 0.000000       
 35  22.400000   1.0 -1   1.66E-21  0                        1-  2 ?      0.0000 %N      ?      0.0000 %P                                                                                                                                                                                       0.000000       
 36  22.650000   1.0 -1   1.43E-22  0                        1-  4 ?      0.0000 %IT     ?      0.0000 %N      ?      0.0000 %P      ?      0.0000 %A                                                                                                                                           0.000000       
 37  23.040000   2.0 -1   7.60E-21  0                      (2-)  2 ?      0.0000 %N      ?      0.0000 %P                                                                                                                                                                                       0.000000       
 38  23.520000   1.0 -1   1.98E-21  0                        1-  4 ?      0.0000 %IT     ?      0.0000 %N      ?      0.0000 %P      ?      0.0000 %A                                                                                                                                           0.000000       
 39  23.920000   1.0 -1   1.14E-21  0                      (1-)  3 ?      0.0000 %IT     ?      0.0000 %N      ?      0.0000 %P                                                                                                                                                                 0.000000       
 40  24.430000  -1.0  0   4.56E-21  0                            2 ?      0.0000 %N      ?      0.0000 %P                                                                                                                                                                                       0.000000       
 41  24.920000  -1.0  0   4.96E-22  0                            2 ?      0.0000 %N      ?      0.0000 %P                                                                                                                                                                                       0.000000       
 42  25.300000   1.0 -1   8.95E-22  0                      (1-)  2 ?      0.0000 %N      ?      0.0000 %P                                                                                                                                                                                       0.000000       
 43  25.400000   1.0 -1   2.28E-22  0                        1-  3 ?      0.0000 %IT     ?      0.0000 %N      ?      0.0000 %P                                                                                                                                                                 0.000000       
 44  25.950000  -1.0  0   1.14E-21  0                            4 ?      0.0000 %N      ?      0.0000 %P      ?      0.0000 %D      ?      0.0000 %A                                                                                                                                           0.000000       
 45  26.800000  -1.0  0   1.69E-21  0                            4 ?      0.0000 %N      ?      0.0000 %P      ?      0.0000 %D      ?      0.0000 %A                                                                                                                                           0.000000       
 46  27.000000   1.0 -1   3.26E-22  0                      (1-)  2 ?      0.0000 %IT     ?      0.0000 %P                                                                                                                                                                                       0.000000       
 47  27.595000   0.0  1   1.52E-20  0                        0+  0                                                                                                                                                                                                                              0.000000       
 48  27.900000  -1.0  0   1.30E-21  0                            4 ?      0.0000 %IT     ?      0.0000 %N      ?      0.0000 %P      ?      0.0000 %3HE                                                                                                                                         0.000000       
 49  28.200000   1.0 -1   2.85E-22  0                        1-  2 ?      0.0000 %IT     ?      0.0000 %3HE                                                                                                                                                                                     0.000000       
 50  28.830000  -1.0  0   2.96E-22  0                            5 ?      0.0000 %IT     ?      0.0000 %P      ?      0.0000 %D      ?      0.0000 %3HE    ?      0.0000 %A                                                                                                                     0.000000       
 51  29.400000  -1.0  0   3.26E-22  0                            5 ?      0.0000 %IT     ?      0.0000 %N      ?      0.0000 %P      ?      0.0000 %3H     ?      0.0000 %3HE                                                                                                                   0.000000       
 52  29.630000  -1.0  0   2.28E-21  0                            0                                                                                                                                                                                                                              0.000000       
 53  30.290000  -1.0  0   2.33E-22  0                            3 ?      0.0000 %IT     ?      0.0000 %3HE    ?      0.0000 %A                                                                                                                                                                 0.000000       
 54  31.160000  -1.0  0   2.17E-22  0                            2 ?      0.0000 %IT     ?      0.0000 %3HE                                                                                                                                                                                     0.000000       
 55  32.290000  -1.0  0   3.46E-22  0                            4 ?      0.0000 %IT     ?      0.0000 %N      ?      0.0000 %P      ?      0.0000 %3HE                                                                                                                                         0.000000       
 56  33.470000  -1.0  0   2.36E-22  0                            2 ?      0.0000 %IT     ?      0.0000 %3HE                                                                                                                                                                                     0.000000       
 13C    13    6   73   14   30    5    4.946310   17.533380
  1   0.000000   0.5 -1  -1.00E+00  0 u                    1/2-  0                                                                                                                                                                                                                              0.000000       
  2   3.089443   0.5  1   1.07E-15  1 u                    1/2+  0                                                                                                                                                                                                                              0.000000       
                                          1      3.089  9.987E-01  1.000E+00  1.284E-03
  3   3.684507   1.5 -1   1.10E-15  2 u                    3/2-  0                                                                                                                                                                                                                              0.000000       
                                          2      0.595  7.437E-03  7.437E-03  3.670E-06
                                          1      3.684  9.917E-01  9.926E-01  9.100E-04
  4   3.853807   2.5  1   8.60E-12  3 u                    5/2+  0                                                                                                                                                                                                                              0.000000       
                                          3      0.169  3.629E-01  3.629E-01  1.500E-04
                                          2      0.764  1.199E-02  1.199E-02  5.480E-06
                                          1      3.853  6.246E-01  6.251E-01  7.290E-04
  5   6.864000   2.5  1   7.60E-20  1 u                    5/2+  2 =    100.0000 %N      =      0.0000 %IT                                                                                                                                                                                      0.000000       
                                          1      6.862  1.000E+00  1.000E+00  0.000E+00
  6   7.492000   3.5  1   9.12E-20  0 u                  (7/2+)  0                                                                                                                                                                                                                              0.000000       
  7   7.547000   2.5 -1   3.80E-19  1 u                    5/2-  2 =    100.0000 %N      =      0.0096 %IT                                                                                                                                                                                      0.000000       
                                          1      7.545  1.000E+00  1.000E+00  0.000E+00
  8   7.686000   1.5  1   6.52E-21  0 u                    3/2+  2 ?      0.0000 %IT     ?      0.0000 %N                                                                                                                                                                                       0.000000       
  9   8.200000   1.5  1   4.15E-22  0 u                    3/2+  2 ?      0.0000 %IT     ?      0.0000 %N                                                                                                                                                                                       0.000000       
 10   8.860000   0.5 -1   3.04E-21  1 u                    1/2-  2 =    100.0000 %N      =      0.0023 %IT                                                                                                                                                                                      0.000000       
                                          1      8.857  1.000E+00  1.000E+00  0.000E+00
 11   9.499800   4.5  1   9.12E-20  0 u                    9/2+  2 ?      0.0000 %IT     ?      0.0000 %N                                                                                                                                                                                       0.000000       
 12   9.897000   1.5 -1   1.75E-20  1 u                    3/2-  2 =    100.0000 %N      =      0.0013 %IT                                                                                                                                                                                      0.000000       
                                          1      9.893  1.000E+00  1.000E+00  0.000E+00
 13  10.460000   1.5  1   2.28E-21  0 n                          1 =    100.0000 %N                                                                                                                                                                                                             0.000000       
 14  10.753000   3.5 -1   8.30E-21  0 u                    7/2-  2 ?      0.0000 %IT     ?      0.0000 %N                                                                                                                                                                                       0.000000       
 15  10.818000   2.5 -1   1.90E-20  0 u                  (5/2-)  2 ?      0.0000 %IT     ?      0.0000 %N                                                                                                                                                                                       0.000000       
 16  10.996000   0.5  1   1.23E-20  0 u                    1/2+  3 ?      0.0000 %IT     ?      0.0000 %N      ?      0.0000 %A                                                                                                                                                                 0.000000       
 17  11.080000   0.5 -1   1.14E-19  1 u                    1/2-  3 ?      0.0000 %IT     ?      0.0000 %N      ?      0.0000 %A                                                                                                                                                                 0.000000       
                                          1     11.075  1.000E+00  1.000E+00  0.000E+00
 18  11.748000   1.5 -1   4.15E-21  0 u                    3/2-  1 =    100.0000 %N                                                                                                                                                                                                             0.000000       
 19  11.848000   3.5  1   6.71E-21  0 u                    7/2+  2 ?      0.0000 %IT     ?      0.0000 %N                                                                                                                                                                                       0.000000       
 20  11.950000   2.5  1   9.12E-22  0 u                    5/2+  2 ?      0.0000 %N      ?      0.0000 %A                                                                                                                                                                                       0.000000       
 21  12.106000   1.5  1   8.45E-22  0 u                    3/2+  3 ?      0.0000 %IT     ?      0.0000 %N      ?      0.0000 %A                                                                                                                                                                 0.000000       
 22  12.130000   2.5 -1   5.70E-21  0 u                    5/2-  2 ?      0.0000 %N      ?      0.0000 %A                                                                                                                                                                                       0.000000       
 23  12.140000   0.5  1   1.06E-21  0 u                    1/2+  2 ?      0.0000 %N      ?      0.0000 %A                                                                                                                                                                                       0.000000       
 24  12.187000   1.5 -1   3.04E-21  0 u                    3/2-  3 ?      0.0000 %IT     ?      0.0000 %N      ?      0.0000 %A                                                                                                                                                                 0.000000       
 25  12.438000   3.5 -1   3.26E-21  0 u                    7/2-  3 ?      0.0000 %IT     ?      0.0000 %N      ?      0.0000 %A                                                                                                                                                                 0.000000       
 26  13.000000   0.5  1  -1.00E+00  0 n                          2 ?      0.0000 %IT     ?      0.0000 %N                                                                                                                                                                                       0.000000       
 27  13.280000   1.5 -1   1.34E-21  0 u                  (3/2-)  1 =    100.0000 %A                                                                                                                                                                                                             0.000000       
 28  13.410000   4.5 -1   1.30E-20  0 u                  (9/2-)  2 ?      0.0000 %N      ?      0.0000 %A                                                                                                                                                                                       0.000000       
 29  13.570000   3.5 -1   7.36E-22  0 u                    7/2-  2 ?      0.0000 %N      ?      0.0000 %A                                                                                                                                                                                       0.000000       
 30  13.760000   1.5  0   1.52E-21  0 c              (5/2,3/2)+  2 ?      0.0000 %N      ?      0.0000 %A                                                                                                                                                                                       0.000000       
 31  14.130000   1.5 -1   3.04E-21  0                      3/2-  2 ?      0.0000 %N      ?      0.0000 %A                                                                                                                                                                                       0.000000       
 32  14.390000  -1.0  0   1.63E-21  0                (1/2,5/2)-  3 ?      0.0000 %IT     ?      0.0000 %N      ?      0.0000 %A                                                                                                                                                                 0.000000       
 33  14.582000  -1.0  0   1.98E-21  0               (7/2+,9/2+)  3 ?      0.0000 %IT     ?      0.0000 %N      ?      0.0000 %A                                                                                                                                                                 0.000000       
 34  14.983000   3.5 -1   1.20E-21  0                    (7/2-)  3 ?      0.0000 %IT     ?      0.0000 %N      ?      0.0000 %A                                                                                                                                                                 0.000000       
 35  15.108200   1.5 -1   8.31E-20  3                      3/2-  3 =      0.8200 %IT     ?      0.0000 %N      ?      0.0000 %A                                                                                                                                                                 0.000000       
                                          3     11.418  4.010E-01  4.010E-01  0.000E+00
                                          2     12.013  9.137E-02  9.137E-02  0.000E+00
                                          1     15.099  5.076E-01  5.076E-01  0.000E+00
 36  15.270000   4.5  1  -1.00E+00  0                      9/2+  1 =    100.0000 %N                                                                                                                                                                                                             0.000000       
 37  15.526000   1.5 -1   3.04E-21  0                    (3/2-)  3 ?      0.0000 %IT     ?      0.0000 %N      ?      0.0000 %A                                                                                                                                                                 0.000000       
 38  16.080000   3.5  1   3.04E-21  0                    (7/2+)  3 ?      0.0000 %IT     ?      0.0000 %N      ?      0.0000 %A                                                                                                                                                                 0.000000       
 39  16.150000   2.5 -1   1.98E-21  0                    (5/2-)  2 ?      0.0000 %N      ?      0.0000 %A                                                                                                                                                                                       0.000000       
 40  16.183000  -1.0  0   1.14E-20  0                            1 =    100.0000 %IT                                                                                                                                                                                                            0.000000       
 41  16.950000  -1.0  0   1.38E-21  0                            2 ?      0.0000 %N      ?      0.0000 %A                                                                                                                                                                                       0.000000       
 42  17.360000  -1.0  0   2.40E-21  0                            2 ?      0.0000 %N      ?      0.0000 %A                                                                                                                                                                                       0.000000       
 43  17.533000  -1.0  0   2.68E-20  0                            1 =    100.0000 %N                                                                                                                                                                                                             0.000000       
 44  17.699000  -1.0  0   2.68E-21  0                 (3/2,5/2)  2 ?      0.0000 %N      ?      0.0000 %A                                                                                                                                                                                       0.000000       
 45  17.920000  -1.0  0  -1.00E+00  0                            0                                                                                                                                                                                                                              0.000000       
 46  18.082000  -1.0  0   3.80E-20  0                            1 =    100.0000 %N                                                                                                                                                                                                             0.000000       
 47  18.300000  -1.0  0   1.52E-21  0                            2 ?      0.0000 %N      ?      0.0000 %A                                                                                                                                                                                       0.000000       
 48  18.497000  -1.0  0   5.01E-21  0                            1 =    100.0000 %IT                                                                                                                                                                                                            0.000000       
 49  18.699000  -1.0  0   4.56E-21  0               (3/2+,5/2+)  4 ?      0.0000 %IT     ?      0.0000 %N      ?      0.0000 %P      ?      0.0000 %A                                                                                                                                           0.000000       
 50  19.510000   2.5 -1   9.12E-22  0                    (5/2-)  2 ?      0.0000 %N      ?      0.0000 %D                                                                                                                                                                                       0.000000       
 51  19.900000  -1.0  0   7.60E-22  0                            3 ?      0.0000 %N      ?      0.0000 %P      ?      0.0000 %D                                                                                                                                                                 0.000000       
 52  20.021000  -1.0  0   1.98E-21  0                            1 =    100.0000 %IT                                                                                                                                                                                                            0.000000       
 53  20.057000  -1.0  0   4.15E-20  0                            1 =    100.0000 %N                                                                                                                                                                                                             0.000000       
 54  20.110000   0.5 -1   4.19E-22  0                    (1/2-)  1 =    100.0000 %N                                                                                                                                                                                                             0.000000       
 55  20.110100   2.5  1   1.04E-21  0                    (5/2+)  1 =    100.0000 %N                                                                                                                                                                                                             0.000100       
 56  20.200000   3.5  1   8.15E-22  0                    (7/2+)  4 ?      0.0000 %IT     ?      0.0000 %N      ?      0.0000 %D      ?      0.0000 %A                                                                                                                                           0.000000       
 57  20.300000   3.5 -1   2.92E-22  0                    (7/2-)  1 =    100.0000 %N                                                                                                                                                                                                             0.000000       
 58  20.340000   4.5  1   1.43E-21  0                    (9/2+)  1 =    100.0000 %N                                                                                                                                                                                                             0.000000       
 59  20.429000  -1.0  0   3.97E-21  0                            4 ?      0.0000 %IT     ?      0.0000 %N      ?      0.0000 %P      ?      0.0000 %D                                                                                                                                           0.000000       
 60  20.520000  -1.0  0   8.95E-22  0                            3 ?      0.0000 %IT     ?      0.0000 %N      ?      0.0000 %P                                                                                                                                                                 0.000000       
 61  20.600000  -1.0  0   8.15E-23  0                            3 ?      0.0000 %IT     ?      0.0000 %N      ?      0.0000 %D                                                                                                                                                                 0.000000       
 62  20.930000  -1.0  0   1.90E-21  0                            0                                                                                                                                                                                                                              0.000000       
 63  21.280000  -1.0  0   2.87E-21  0                            3 ?      0.0000 %N      ?      0.0000 %P      ?      0.0000 %D                                                                                                                                                                 0.000000       
 64  21.466000  -1.0  0   1.69E-21  0               (7/2+,9/2+)  1 =    100.0000 %IT                                                                                                                                                                                                            0.000000       
 65  21.703000  -1.0  0   2.53E-20  0                            1 =    100.0000 %N                                                                                                                                                                                                             0.000000       
 66  21.810000   2.5  0   4.00E-21  0                  (GE 5/2)  2 ?      0.0000 %N      ?      0.0000 %D                                                                                                                                                                                       0.000000       
 67  22.200000   2.5  0   4.15E-22  0                  (LE 5/2)  2 ?      0.0000 %N      ?      0.0000 %D                                                                                                                                                                                       0.000000       
 68  23.000000   2.5  0   4.56E-22  0                  (LE 5/2)  1 =    100.0000 %N                                                                                                                                                                                                             0.000000       
 69  24.000000  -1.0  0   1.14E-22  0                            3 ?      0.0000 %IT     ?      0.0000 %N      ?      0.0000 %P                                                                                                                                                                 0.000000       
 70  26.000000  -1.0  0  -1.00E+00  0                            2 ?      0.0000 %IT     ?      0.0000 %P                                                                                                                                                                                       0.000000       
 71  26.800000  -1.0  0  -1.00E+00  0                            2 ?      0.0000 %N      ?      0.0000 %D                                                                                                                                                                                       0.000000       
 72  27.500000  -1.0  0   4.56E-22  0                            4 ?      0.0000 %N      ?      0.0000 %P      ?      0.0000 %D      ?      0.0000 %3H                                                                                                                                          0.000000       
 73  30.000000  -1.0  0  -1.00E+00  0                            2 ?      0.0000 %IT     ?      0.0000 %N                                                                                                                                                                                       0.000000       
 14C    14    6   46   12   26   12    8.176430   20.831200
  1   0.000000   0.0  1   1.80E+11  0 u                      0+  1 =    100.0000 %B-                                                                                                                                                                                                            0.000000       
  2   6.093800   1.0 -1   7.00E-15  1 u                      1-  0                                                                                                                                                                                                                              0.000000       
                                          1      6.092  1.000E+00  1.000E+00  0.000E+00
  3   6.589400   0.0  1   3.00E-12  2 u                      0+  0                                                                                                                                                                                                                              0.000000       
                                          2      0.495  1.000E+00  1.000E+00  5.740E-06
                                          1      6.588  0.000E+00  0.000E+00  0.000E+00
  4   6.728200   3.0 -1   6.60E-11  2 u                      3-  0                                                                                                                                                                                                                              0.000000       
                                          2      0.634  3.565E-02  3.565E-02  9.610E-06
                                          1      6.727  9.644E-01  9.644E-01  0.000E+00
  5   6.902600   0.0 -1   2.50E-14  1 u                      0-  0                                                                                                                                                                                                                              0.000000       
                                          2      0.809  1.000E+00  1.000E+00  2.400E-06
  6   7.012000   2.0  1   9.00E-15  2 u                      2+  0                                                                                                                                                                                                                              0.000000       
                                          2      0.918  1.381E-02  1.381E-02  1.380E-06
                                          1      7.010  9.862E-01  9.862E-01  0.000E+00
  7   7.341000   2.0 -1   1.11E-13  3 u                      2-  0                                                                                                                                                                                                                              0.000000       
                                          4      0.613  3.431E-01  3.431E-01  7.000E-06
                                          2      1.248  4.902E-01  4.902E-01  1.600E-05
                                          1      7.339  1.667E-01  1.667E-01  0.000E+00
  8   8.317900   2.0  1   1.34E-19  0 u                      2+  2 ?      0.0000 %IT     ?      0.0000 %N                                                                                                                                                                                       0.000000       
  9   9.746000   0.0  1  -1.00E+00  0 u                      0+  0                                                                                                                                                                                                                              0.000000       
 10   9.801000   3.0 -1   1.01E-20  0 u                      3-  2 ?      0.0000 %IT     ?      0.0000 %N                                                                                                                                                                                       0.000000       
 11  10.425000   2.0  1  -1.00E+00  0 u                      2+  1 =    100.0000 %N                                                                                                                                                                                                             0.000000       
 12  10.449000   1.0  0  -1.00E+00  0 u                    GE 1  1 =    100.0000 %N                                                                                                                                                                                                             0.000000       
 13  10.498000   3.0 -1   1.75E-20  0 u                    (3-)  1 =    100.0000 %N                                                                                                                                                                                                             0.000000       
 14  10.736000   4.0  1   2.28E-20  0 u                      4+  0                                                                                                                                                                                                                              0.000000       
 15  11.306000   1.0  1   9.92E-21  1 u                      1+  2 =     99.9850 %N      =      0.0150 %IT                                                                                                                                                                                      0.000000       
                                          1     11.301  1.000E+00  1.000E+00  0.000E+00
 16  11.395000   1.0 -1   2.07E-20  0 u                      1-  1 =    100.0000 %N                                                                                                                                                                                                             0.000000       
 17  11.500000   1.0  0  -1.00E+00  0 c                   1-,2-  1 =    100.0000 %N                                                                                                                                                                                                             0.000000       
 18  11.666000   4.0 -1   2.28E-20  0 u                      4-  0                                                                                                                                                                                                                              0.000000       
 19  11.730000   5.0 -1  -1.00E+00  0 u                    (5-)  0                                                                                                                                                                                                                              0.000000       
 20  11.900000   1.0 -1   4.80E-22  0 u                    (1-)  1 =    100.0000 %N                                                                                                                                                                                                             0.000000       
 21  12.583000   2.0  0   4.80E-21  0 c                 (2-,3-)  1 =    100.0000 %N                                                                                                                                                                                                             0.000000       
 22  12.863000   1.0 -1   1.52E-20  0 n                          1 =    100.0000 %N                                                                                                                                                                                                             0.000000       
 23  12.963000   3.0 -1   1.52E-20  0 u                    (3-)  1 =    100.0000 %N                                                                                                                                                                                                             0.000000       
 24  13.500000   0.0 -1   2.28E-21  0 n                          0                                                                                                                                                                                                                              0.000000       
 25  13.700000   2.0 -1   2.53E-22  0 u                      2-  1 =    100.0000 %N                                                                                                                                                                                                             0.000000       
 26  14.050000   1.0 -1   2.28E-21  0 n                          0                                                                                                                                                                                                                              0.000000       
 27  14.667000   4.0  1   8.00E-21  0                      (4+)  1 =    100.0000 %N                                                                                                                                                                                                             0.000000       
 28  14.868000  -1.0  0  -1.00E+00  0                   (6+,5-)  0                                                                                                                                                                                                                              0.000000       
 29  15.200000   4.0 -1  -1.00E+00  0                        4-  0                                                                                                                                                                                                                              0.000000       
 30  15.370000  -1.0  0  -1.00E+00  0                            0                                                                                                                                                                                                                              0.000000       
 31  15.440000   3.0 -1  -1.00E+00  0                      (3-)  1 =    100.0000 %N                                                                                                                                                                                                             0.000000       
 32  16.020000   4.0  1  -1.00E+00  0                      (4+)  1 =    100.0000 %N                                                                                                                                                                                                             0.000000       
 33  16.430000  -1.0  0  -1.00E+00  0                            0                                                                                                                                                                                                                              0.000000       
 34  16.570000  -1.0  0  -1.00E+00  0                            0                                                                                                                                                                                                                              0.000000       
 35  16.715000   1.0  1   2.28E-21  0                      (1+)  2 ?      0.0000 %IT     ?      0.0000 %N                                                                                                                                                                                       0.000000       
 36  17.300000   4.0 -1  -1.00E+00  0                        4-  0                                                                                                                                                                                                                              0.000000       
 37  17.500000   1.0  1   2.28E-21  0                      (1+)  2 ?      0.0000 %IT     ?      0.0000 %N                                                                                                                                                                                       0.000000       
 38  17.950000  -1.0  0  -1.00E+00  0                            0                                                                                                                                                                                                                              0.000000       
 39  18.100000  -1.0  0  -1.00E+00  0                            0                                                                                                                                                                                                                              0.000000       
 40  18.500000  -1.0  0  -1.00E+00  0                            0                                                                                                                                                                                                                              0.000000       
 41  20.400000  -1.0  0  -1.00E+00  0                            0                                                                                                                                                                                                                              0.000000       
 42  21.400000  -1.0  0  -1.00E+00  0                            0                                                                                                                                                                                                                              0.000000       
 43  22.100000   2.0 -1  -1.00E+00  0                      (2-)  0                                                                                                                                                                                                                              0.000000       
 44  23.288000  -1.0  0   9.12E-21  0                            0                                                                                                                                                                                                                              0.000000       
 45  24.400000   4.0 -1   1.52E-21  0                        4-  0                                                                                                                                                                                                                              0.000000       
 46  24.500000  -1.0  0  -1.00E+00  0                            0                                                                                                                                                                                                                              0.000000       
 15C    15    6   31    1   18    6    1.218070   21.079510
  1   0.000000   0.5  1   2.45E+00  0 u                    1/2+  1 =    100.0000 %B-                                                                                                                                                                                                            0.000000       
  2   0.740000   2.5  1   2.61E-09  1 u                    5/2+  0                                                                                                                                                                                                                              0.000000       
                                          1      0.740  1.000E+00  1.000E+00  6.020E-06
  3   3.103000   0.5 -1   1.14E-20  0 u                    1/2-  0                                                                                                                                                                                                                              0.000000       
  4   4.220000   2.5 -1   3.26E-20  0 u                    5/2-  0                                                                                                                                                                                                                              0.000000       
  5   4.657000   1.5 -1  -1.00E+00  0 u                    3/2-  0                                                                                                                                                                                                                              0.000000       
  6   4.780000   1.5  1   2.62E-22  0 u                    3/2+  0                                                                                                                                                                                                                              0.000000       
  7   5.833000   1.5  1   7.13E-21  0 u                  (3/2+)  0                                                                                                                                                                                                                              0.000000       
  8   5.866000   0.5 -1  -1.00E+00  0 u                    1/2-  0                                                                                                                                                                                                                              0.000000       
  9   6.358000   2.5  0   2.28E-20  0 c         (5/2,7/2+,9/2+)  0                                                                                                                                                                                                                              0.000000       
 10   6.417000   2.0  0   9.12E-21  0 c            (3/2 TO 7/2)  0                                                                                                                                                                                                                              0.000000       
 11   6.449000   4.5  0   3.26E-20  0 c             (9/2-,11/2)  0                                                                                                                                                                                                                              0.000000       
 12   6.536000   2.5  1   3.26E-20  0 n                          0                                                                                                                                                                                                                              0.000000       
 13   6.626000   1.5  0   2.28E-20  0 u                   (3/2)  0                                                                                                                                                                                                                              0.000000       
 14   6.841000   0.5  1   3.26E-20  0 n                          0                                                                                                                                                                                                                              0.000000       
 15   6.881000   4.5  0   2.28E-20  0 u                   (9/2)  0                                                                                                                                                                                                                              0.000000       
 16   7.095000   1.5  0   3.04E-20  0 u                   (3/2)  0                                                                                                                                                                                                                              0.000000       
 17   7.352000   4.5  0   2.28E-20  0 c              (9/2,11/2)  0                                                                                                                                                                                                                              0.000000       
 18   7.414000   0.5  1  -1.00E+00  0 n                          0                                                                                                                                                                                                                              0.000000       
 19   7.750000  -1.0  0  -1.00E+00  0                            0                                                                                                                                                                                                                              0.000000       
 20   8.010000  -1.0  0  -1.00E+00  0                            0                                                                                                                                                                                                                              0.000000       
 21   8.110000  -1.0  0  -1.00E+00  0                            0                                                                                                                                                                                                                              0.000000       
 22   8.470000  -1.0  0   1.14E-20  0             (9/2 TO 13/2)  0                                                                                                                                                                                                                              0.000000       
 23   8.559000  -1.0  0   1.14E-20  0             (7/2 TO 13/2)  0                                                                                                                                                                                                                              0.000000       
 24   9.000000  -1.0  0  -1.00E+00  0                            0                                                                                                                                                                                                                              0.000000       
 25   9.730000  -1.0  0  -1.00E+00  0                            0                                                                                                                                                                                                                              0.000000       
 26   9.789000  -1.0  0   2.28E-20  0             (9/2 TO 15/2)  0                                                                                                                                                                                                                              0.000000       
 27  10.248000  -1.0  0   2.28E-20  0              (5/2 TO 9/2)  0                                                                                                                                                                                                                              0.000000       
 28  11.015000  -1.0  0  -1.00E+00  0                            0                                                                                                                                                                                                                              0.000000       
 29  11.123000  -1.0  0   1.52E-20  0            (11/2 TO 19/2)  0                                                                                                                                                                                                                              0.000000       
 30  11.680000  -1.0  0  -1.00E+00  0                            0                                                                                                                                                                                                                              0.000000       
 31  11.825000   6.5  0   6.52E-21  0                   GE 13/2  0                                                                                                                                                                                                                              0.000000       
 16C    16    6    7    4    1    2    4.250330   22.552830
  1   0.000000   0.0  1   7.47E-01  0                        0+  2 =    100.0000 %B-     =     97.9000 %B-N                                                                                                                                                                                     0.000000       
  2   1.766000   2.0  1  -1.00E+00  1                        2+  0                                                                                                                                                                                                                              0.000000       
                                          1      1.766  9.998E-01  1.000E+00  2.030E-04
  3   3.027000   0.0  1  -1.00E+00  0                      (0+)  0                                                                                                                                                                                                                              0.000000       
  4   3.986000   2.0  0  -1.00E+00  1                         2  0                                                                                                                                                                                                                              0.000000       
                                          2      2.220  1.000E+00  1.000E+00  0.000E+00
  5   4.088000   3.0  1  -1.00E+00  1                      3(+)  0                                                                                                                                                                                                                              0.000000       
                                          2      2.322  9.996E-01  1.000E+00  3.760E-04
  6   4.142000   4.0  1  -1.00E+00  1                        4+  0                                                                                                                                                                                                                              0.000000       
                                          2      2.376  9.995E-01  1.000E+00  4.950E-04
  7   6.109000  -1.0  0   1.82E-20  0                (2+,3-,4+)  0                                                                                                                                                                                                                              0.000000       
 17C    17    6    2    0    1    0    0.734670   23.370460
  1   0.000000   1.5  1   1.93E-01  0                    (3/2+)  3 =    100.0000 %B-            0.0000 %B-2N   =     28.4000 %B-N                                                                                                                                                               0.000000       
  2   0.295000  -1.0  0  -1.00E+00  0                            0                                                                                                                                                                                                                              0.000000       
 18C    18    6    2    0    1    1    4.183970   26.141660
  1   0.000000   0.0  1   9.20E-02  0                        0+  3 =    100.0000 %B-            0.0000 %B-2N   =     31.5000 %B-N                                                                                                                                                               0.000000       
  2   1.620000   2.0  1  -1.00E+00  0                      (2+)  0                                                                                                                                                                                                                              0.000000       
 19C    19    6    1    0    1    0    0.576830   26.723490
  1   0.000000   0.5  1   4.62E-02  0                    (1/2+)  3 =    100.0000 %B-     =      7.0000 %B-2N   =     47.0000 %B-N                                                                                                                                                               0.000000       
 20C    20    6    1    0    1    1    2.926320   28.509000
  1   0.000000   0.0  1   1.60E-02  0                        0+  2 =    100.0000 %B-     =     70.0000 %B-N                                                                                                                                                                                     0.000000       
 21C    21    6    1    0    1    1   -0.014000   28.779000
  1   0.000000   0.5  1   3.00E-08  0                     1/2+#  1        0.0000 %N                                                                                                                                                                                                             0.000000       
 22C    22    6    1    0    1    1    0.124000   29.420000
  1   0.000000   0.0  1   6.20E-03  0                        0+  2 =    100.0000 %B-     =     61.0000 %B-N                                                                                                                                                                                     0.000000       
