 16Ne   16   10    2    0    1    1    0.000000    0.080000
  1   0.000000   0.0  1   3.74E-21  0                        0+  1 =    100.0000 %P     
  2   1.690000   2.0  1             0                      (2+)  1 =    100.0000 %P     
 17Ne   17   10    1    0    1    1   15.573001    1.479000
  1   0.000000   0.5 -1   1.09E-01  0                      1/2-  3 =    100.0000 %EC+%B+ AP   100.0000 %ECP    ?      0.0000 %ECA   
 18Ne   18   10   22    5   11    8   19.237001    3.921600
  1   0.000000   0.0  1   1.67E+00  0 u                      0+  1 =    100.0000 %EC+%B+
  2   1.887300   2.0  1   4.60E-13  1 u                      2+  1 =    100.0000 %IT    
                                          1      1.887  1.000E+00  1.000E+00  3.075E-06
  3   3.376200   4.0  1   3.00E-12  1 u                      4+  1 =    100.0000 %IT    
                                          2      1.489  1.000E+00  1.000E+00  4.898E-06
  4   3.576300   0.0  1   3.00E-12  1 u                      0+  1 =    100.0000 %IT    
                                          2      1.689  1.000E+00  1.000E+00  3.800E-06
  5   3.616400   2.0  1   4.40E-14  2 u                      2+  1 =    100.0000 %IT    
                                          2      1.729  9.100E-01  9.100E-01  3.630E-06
                                          1      3.616  9.000E-02  9.000E-02  1.006E-06
  6   4.519000   1.0 -1   2.28E-20  0 u                      1-  1 ?      0.0000 %P     
  7   4.561000   3.0  1             0 u                      3+  0
  8   4.590000   0.0  1   2.28E-20  0 u                      0+  1 ?      0.0000 %P     
  9   5.090000   2.0  1   1.14E-20  0 c                 (2+,3-)  1 ?      0.0000 %P     
 10   5.146000   2.0  1   1.83E-20  0 c                 (2+,3-)  0
 11   5.453000   2.0  1   9.13E-21  0 n                          0
 12   6.150000   1.0 -1             0 u                    (1-)  0
 13   6.297000   4.0  1   7.60E-21  0 u                    (4+)  0
 14   6.353000  -1.0  0   7.60E-21  0                            0
 15   7.059000  -1.0  0   2.54E-21  0                   (1-,2+)  0
 16   7.350000  -1.0  0             0                            0
 17   7.713000  -1.0  0   9.13E-21  0                            0
 18   7.910000  -1.0  0   9.13E-21  0                   (1-,2+)  0
 19   7.950000  -1.0  0   7.60E-21  0                            0
 20   8.086000  -1.0  0   9.13E-21  0                            0
 21   8.500000  -1.0  0   3.80E-21  0                            0
 22   9.201000  -1.0  0   9.13E-21  0                            0
 19Ne   19   10   69   23   27    8   11.639501    6.411450
  1   0.000000   0.5  1   1.72E+01  0 u                    1/2+  1 =    100.0000 %EC+%B+
  2   0.238270   2.5  1   1.80E-08  1 u                    5/2+  0
                                          1      0.238  9.986E-01  1.000E+00  1.449E-03
  3   0.275090   0.5 -1   4.26E-11  1 u                    1/2-  0
                                          1      0.275  9.999E-01  1.000E+00  1.430E-04
  4   1.507560   2.5 -1   9.70E-13  2 u                    5/2-  0
                                          3      1.233  8.800E-01  8.800E-01  7.383E-06
                                          2      1.269  1.200E-01  1.200E-01  3.459E-06
  5   1.536000   1.5  1   1.90E-14  2 u                    3/2+  0
                                          3      1.261  5.000E-02  5.000E-02  3.499E-06
                                          2      1.298  9.500E-01  9.500E-01  4.989E-06
  6   1.615600   1.5 -1   9.90E-14  3 u                    3/2-  0
                                          3      1.341  7.000E-01  7.000E-01  4.716E-06
                                          2      1.377  1.000E-01  1.000E-01  3.012E-06
                                          1      1.616  2.000E-01  2.000E-01  2.328E-06
  7   2.794700   4.5  1   9.70E-14  1 u                    9/2+  0
                                          2      2.556  1.000E+00  1.000E+00  1.713E-06
  8   4.032900   1.5  1   3.50E-14  3 u                    3/2+  1 ?      0.0000 %A     
                                          5      2.497  1.500E-01  1.500E-01  1.640E-06
                                          3      3.758  5.000E-02  5.000E-02  7.069E-07
                                          1      4.033  8.000E-01  8.000E-01  8.320E-07
  9   4.140000   4.5 -1   2.00E-13  1 u                  (9/2)-  0
                                          4      2.632  1.000E+00  1.000E+00  1.634E-06
 10   4.197100   3.5 -1   2.40E-13  2 u                  (7/2)-  0
                                          4      2.690  8.000E-01  8.000E-01  1.471E-06
                                          2      3.959  2.000E-01  2.000E-01  6.645E-07
 11   4.379100   3.5  1   8.00E-14  2 u                    7/2+  1 ?      0.0000 %A     
                                          7      1.584  1.500E-01  1.500E-01  3.550E-06
                                          2      4.141  8.500E-01  8.500E-01  8.027E-07
 12   4.549000   1.5 -1   5.50E-14  2 c              (1/2,3/2)-  1 ?      0.0000 %A     
                                          3      4.274  6.500E-01  6.500E-01  7.689E-07
                                          1      4.549  3.500E-01  3.500E-01  5.647E-07
 13   4.600000   2.5  1   1.10E-13  2 u                  (5/2+)  0
                                          5      3.064  1.000E-01  1.000E-01  1.219E-06
                                          2      4.362  9.000E-01  9.000E-01  7.480E-07
 14   4.635000   6.5  1   7.00E-13  1 u                   13/2+  0
                                          7      1.840  1.000E+00  1.000E+00  3.224E-06
 15   4.712000   2.5 -1             0 u                  (5/2-)  1 =    100.0000 %A     
 16   4.783000   0.5 -1             0 n                          0
 17   5.092000   2.5  1             0 u                    5/2+  1 ?      0.0000 %A     
 18   5.351000   0.5  1             0 u                    1/2+  0
 19   5.424000   3.5  1             0 u                  (7/2+)  0
 20   5.463000   1.5  1             0 n                          0
 21   5.539000   4.5  1             0 n                          0
 22   5.832000   1.5 -1             0 n                          0
 23   6.013000   0.5 -1             0 c              (3/2,1/2)-  0
 24   6.092000   1.5  1             0 n                          0
 25   6.149000   2.5 -1             0 n                          0
 26   6.288000   0.5  1             0 n                          0
 27   6.437000   1.5  1             0 n                          0
 28   6.742000  -1.0  0             0                (3/2,1/2)-  0
 29   6.861001  -1.0  0             0                            0
 30   7.067000  -1.0  0             0                            0
 31   7.210001  -1.0  0             0                            0
 32   7.253000  -1.0  0             0                            0
 33   7.326000  -1.0  0             0                            0
 34   7.531000  -1.0  0             0                            0
 35   7.616000   1.5  1             0 u                    3/2+  0
 36   7.700000  -1.0  0             0                            0
 37   7.788001  -1.0  0             0                            0
 38   7.994000  -1.0  0             0                            0
 39   8.069000  -1.0  0             0                            0
 40   8.236000  -1.0  0             0                            0
 41   8.442000  -1.0  0             0                            0
 42   8.523001  -1.0  0             0                            0
 43   8.810000  -1.0  0             0                            0
 44   8.920000   5.5 -1             0 u                 (11/2-)  0
 45   9.013000  -1.0  0             0                            0
 46   9.100000  -1.0  0             0                            0
 47   9.240001  -1.0  0             0                            0
 48   9.489000  -1.0  0             0                            0
 49   9.810000   5.5  1             0 u                 (11/2+)  0
 50  10.010000  -1.0  0             0                            0
 51  10.407001   1.5  1   1.01E-20  0 u                    3/2+  2 ?      0.0000 %P      ?      0.0000 %A     
 52  10.460000   0.5  1   1.29E-21  0 u                    1/2+  2 ?      0.0000 %P      ?      0.0000 %A     
 53  10.613001  -1.0  0             0                            0
 54  11.080001  -1.0  0             0                            0
 55  11.240001  -1.0  0             0                            0
 56  11.400001  -1.0  0             0                            0
 57  11.510000  -1.0  0   1.83E-20  0               3/2-,(1/2-)  1 ?      0.0000 %A     
 58  12.230000   2.5  1   2.28E-21  0 u                    5/2+  1 ?      0.0000 %A     
 59  12.400001   3.5  1   2.54E-21  0 u                    7/2+  1 ?      0.0000 %A     
 60  12.560000  -1.0  0             0                            0
 61  12.690001   0.5  1   2.54E-21  0 u                    1/2+  1 ?      0.0000 %P     
 62  13.100000  -1.0  0             0                            0
 63  13.220000  -1.0  0             0                            0
 64  13.800000  -1.0  0   6.81E-22  0                            0
 65  14.180000  -1.0  0             0                            0
 66  14.440001  -1.0  0             0                            0
 67  14.780001  -1.0  0   7.36E-22  0                            0
 68  16.230001  -1.0  0   1.14E-21  0                            1 ?      0.0000 %N     
 69  18.400002  -1.0  0   1.04E-22  0                            0
 20Ne   20   10  233   95   49    6   16.864401   12.843500
  1   0.000000   0.0  1  -1.00E+00  0 u                      0+  0
  2   1.633670   2.0  1   7.30E-13  1 u                      2+  0
                                          1      1.634  1.000E+00  1.000E+00  4.058E-06
  3   4.247700   4.0  1   6.40E-14  1 u                      4+  0
                                          2      2.614  1.000E+00  1.000E+00  1.653E-06
  4   4.966510   2.0 -1   3.30E-12  2 u                      2-  0
                                          2      3.333  9.940E-01  9.940E-01  8.173E-07
                                          1      4.966  6.000E-03  6.000E-03  7.885E-07
  5   5.621400   3.0 -1   1.39E-13  3 u                      3-  2 =     93.0000 %A      =      7.0000 %IT    
                                          4      0.655  3.360E-03  3.360E-03  3.962E-05
                                          2      3.987  6.132E-02  6.132E-02  6.589E-07
                                          1      5.621  5.320E-03  5.320E-03  6.443E-07
  6   5.787701   1.0 -1   1.63E-17  2 u                      1-  2 =    100.0000 %A      =      0.0160 %IT    
                                          2      4.154  1.312E-04  1.312E-04  6.279E-07
                                          1      5.787  2.880E-05  2.880E-05  4.283E-07
  7   6.706000   3.0 -1             0 n                          0
  8   6.725000   0.0  1   2.40E-20  2 u                      0+  2 =    100.0000 %A      =      0.0002 %IT    
                                          2      5.090  1.700E-06  1.700E-06  6.220E-07
                                          1      6.724  0.000E+00  0.000E+00  0.000E+00
  9   7.004000   4.0 -1   3.05E-13  4 u                      4-  0
                                          5      1.383  2.500E-01  2.500E-01  5.724E-06
                                          4      2.037  1.100E-01  1.100E-01  2.525E-06
                                          3      2.756  6.350E-01  6.350E-01  1.037E-06
                                          2      5.369  5.000E-03  5.000E-03  6.994E-07
 10   7.156300   3.0 -1   5.56E-20  2 u                      3-  2 =    100.0000 %A      =      0.0000 %IT    
                                          6      1.369  8.000E-08  8.000E-08  5.851E-06
                                          3      2.908  1.200E-07  1.200E-07  9.682E-07
 11   7.191000   0.0  1   1.34E-19  2 u                      0+  2 =    100.0000 %A      =      0.0001 %IT    
                                          2      5.556  1.290E-06  1.290E-06  5.518E-07
                                          1      7.190  0.000E+00  0.000E+00  0.000E+00
 12   7.421900   2.0  1   3.02E-20  3 u                      2+  2 =    100.0000 %A      =      0.0002 %IT    
                                          3      3.174  1.342E-07  1.342E-07  1.220E-06
                                          2      5.787  1.575E-06  1.575E-06  5.220E-07
                                          1      7.420  1.907E-07  1.907E-07  0.000E+00
 13   7.833400   2.0  1   2.28E-19  3 u                      2+  2 =    100.0000 %A      =      0.0034 %IT    
                                          3      3.585  0.000E+00  0.000E+00  1.018E-06
                                          2      6.199  5.780E-06  5.780E-06  0.000E+00
                                          1      7.832  2.822E-05  2.822E-05  0.000E+00
 14   8.453000   5.0 -1   3.51E-17  1 u                      5-  2 =     99.9000 %A      =      0.1000 %IT    
                                          5      2.832  1.000E-03  1.000E-03  1.455E-06
 15   8.700001   0.0  1   5.70E-22  0 u                      0+  1 =    100.0000 %A     
 16   8.708000   1.0 -1   2.17E-19  2 u                      1-  2 =    100.0000 %A      =      0.0033 %IT    
                                          2      7.073  4.290E-06  4.290E-06  0.000E+00
                                          1      8.706  2.871E-05  2.871E-05  0.000E+00
 17   8.777600   6.0  1   4.15E-18  1 u                      6+  2 =    100.0000 %A      =      0.0910 %IT    
                                          3      4.529  9.100E-04  9.100E-04  7.307E-07
 18   8.820001   5.0 -1   4.56E-19  0 u                    (5-)  1 =    100.0000 %A     
 19   8.854000   1.0 -1   2.40E-20  0 u                      1-  1 =    100.0000 %A     
 20   9.000000   2.0  1   5.70E-22  0 u                      2+  1 ?      0.0000 %A     
 21   9.031000   4.0  1   1.52E-19  2 u                      4+  2 =    100.0000 %A      =      0.0110 %IT    
                                          3      4.782  0.000E+00  0.000E+00  6.778E-07
                                          2      7.396  1.100E-04  1.100E-04  0.000E+00
 22   9.116000   3.0 -1   1.43E-19  3 u                      3-  2 =    100.0000 %A      =      0.0008 %IT    
                                          5      3.495  1.360E-06  1.360E-06  1.057E-06
                                          4      4.149  2.640E-06  2.640E-06  8.261E-07
                                          2      7.480  4.000E-06  4.000E-06  0.000E+00
 23   9.196000   2.0  1             0 u                      2+  0
 24   9.318001   2.0 -1             1 u                    (2-)  0
                                          2      7.683  1.000E+00  1.000E+00  0.000E+00
 25   9.487000   2.0  1   1.57E-20  2 u                      2+  2 =    100.0000 %A      =      0.0009 %IT    
                                          2      7.848  9.000E-06  9.000E-06  0.000E+00
                                          1      9.481  0.000E+00  0.000E+00  0.000E+00
 26   9.873000   3.0  1             6 u                      3+  0
                                         12      2.451  2.857E-02  2.857E-02  1.836E-06
                                          5      4.252  6.667E-02  6.667E-02  6.109E-07
                                          4      4.905  4.762E-02  4.762E-02  5.177E-07
                                          3      5.624  1.143E-01  1.143E-01  5.428E-07
                                          2      8.237  7.429E-01  7.429E-01  0.000E+00
                                          1      9.870  0.000E+00  0.000E+00  0.000E+00
 27   9.935000   1.0  1   2.43E-14  2 u                    (1+)  0
                                          4      4.967  2.200E-01  2.200E-01  5.102E-07
                                          2      8.299  7.800E-01  7.800E-01  0.000E+00
 28   9.990001   4.0  1   2.94E-21  2 u                      4+  2 =    100.0000 %A      =      0.0006 %IT    
                                          2      8.354  6.000E-06  6.000E-06  0.000E+00
                                          1      9.987  0.000E+00  0.000E+00  0.000E+00
 29  10.262000   5.0 -1   3.15E-21  0 u                      5-  1 =    100.0000 %A     
 30  10.273201   2.0  1   1.52E-18  6 u                      2+  2 ?      0.0000 %A      ?      0.0000 %IT    
                                         13      2.440  0.000E+00  0.000E+00  1.849E-06
                                         12      2.852  0.000E+00  0.000E+00  1.439E-06
                                          5      4.652  0.000E+00  0.000E+00  5.503E-07
                                          4      5.306  0.000E+00  0.000E+00  4.730E-07
                                          2      8.638  0.000E+00  0.000E+00  0.000E+00
                                          1     10.271  0.000E+00  0.000E+00  0.000E+00
 31  10.406000   3.0 -1   5.70E-21  0 u                      3-  1 =    100.0000 %A     
 32  10.553000   4.0  1   2.85E-20  0 u                      4+  1 =    100.0000 %A     
 33  10.584001   2.0  1   1.90E-20  0 u                      2+  1 =    100.0000 %A     
 34  10.609000   6.0 -1   1.60E-14  2 u                      6-  0
                                         14      2.156  4.500E-02  4.500E-02  2.284E-06
                                          9      3.605  9.550E-01  9.550E-01  1.010E-06
 35  10.694000   3.0  1             2 c                   4-,3+  0
                                          4      5.726  7.500E-01  7.500E-01  4.335E-07
                                          3      6.445  2.500E-01  2.500E-01  0.000E+00
 36  10.800000   4.0  1   1.30E-21  0 u                      4+  1 =    100.0000 %A     
 37  10.840000   3.0 -1   1.01E-20  0 u                      3-  2 ?      0.0000 %A      ?      0.0000 %IT    
 38  10.843000   2.0  1   3.51E-20  0 u                      2+  1 =    100.0000 %A     
 39  10.884001   3.0  1   2.10E-14  2 u                      3+  0
                                          3      6.635  2.300E-01  2.300E-01  0.000E+00
                                          2      9.248  7.700E-01  7.700E-01  0.000E+00
 40  10.917001   3.0  1             0 u                      3+  0
 41  10.940001   2.0  1             0 u                      2+  0
 42  10.970000   0.0  1   7.87E-22  0 u                      0+  1 =    100.0000 %A     
 43  11.020000   4.0  1   1.90E-20  0 u                      4+  1 =    100.0000 %A     
 44  11.090000   4.0  1   9.12E-19  2 u                      4+  2 ?      0.0000 %A      ?      0.0000 %IT    
                                          3      6.841  0.000E+00  0.000E+00  0.000E+00
                                          2      9.454  0.000E+00  0.000E+00  0.000E+00
 45  11.116000   2.0  1             0 u                      2+  0
 46  11.240001   1.0 -1   2.61E-21  0 u                      1-  1 =    100.0000 %A     
 47  11.262300   1.0  1             2 u                      1+  0
                                          2      9.626  1.600E-01  1.600E-01  0.000E+00
                                          1     11.259  8.400E-01  8.400E-01  0.000E+00
 48  11.270000   1.0 -1   1.52E-18  5 u                      1-  2 ?      0.0000 %A      ?      0.0000 %IT    
                                         24      1.952  0.000E+00  0.000E+00  2.888E-06
                                         19      2.416  0.000E+00  0.000E+00  1.880E-06
                                          4      6.302  0.000E+00  0.000E+00  0.000E+00
                                          2      9.634  0.000E+00  0.000E+00  0.000E+00
                                          1     11.267  0.000E+00  0.000E+00  0.000E+00
 49  11.320001   2.0  1   1.14E-20  0 u                      2+  1 =    100.0000 %A     
 50  11.528001  -1.0  0   2.10E-14  3                     3+,4-  0
                                          9      4.523  0.000E+00  0.000E+00  0.000E+00
                                          4      6.560  7.000E-01  7.000E-01  0.000E+00
                                          3      7.279  3.000E-01  3.000E-01  0.000E+00
 51  11.555000   3.0  1             2 u                    (3+)  0
                                          9      4.550  0.000E+00  0.000E+00  5.646E-07
                                          2      9.918  0.000E+00  0.000E+00  0.000E+00
 52  11.558001   0.0  1   4.15E-19  2 u                      0+  2 ?      0.0000 %A      ?      0.0000 %IT    
                                          3      7.309  0.000E+00  0.000E+00  0.000E+00
                                          2      9.921  0.000E+00  0.000E+00  0.000E+00
 53  11.601001   2.0 -1             0 u                      2-  0
 54  11.653001   3.0  1             2 u                    (3+)  0
                                          3      7.404  8.600E-01  8.600E-01  0.000E+00
                                          2     10.016  1.400E-01  1.400E-01  0.000E+00
 55  11.885000   2.0  1   9.92E-21  0 u                      2+  2 ?      0.0000 %A      ?      0.0000 %IT    
 56  11.928000   4.0  1   1.04E-18  2 u                      4+  2 =    100.0000 %A      =      0.0060 %IT    
                                          3      7.678  4.740E-05  4.740E-05  0.000E+00
                                          2     10.291  1.260E-05  1.260E-05  0.000E+00
 57  11.951000   8.0  1   1.30E-17  1 u                      8+  2 =    100.0000 %A      =      0.0220 %IT    
                                         17      3.173  2.200E-04  2.200E-04  1.221E-06
 58  11.985001   1.0 -1   1.52E-20  0 u                      1-  2 ?      0.0000 %A      ?      0.0000 %IT    
 59  12.098001   2.0 -1             0 u                      2-  0
 60  12.137001   6.0  1             0 u                      6+  1 =    100.0000 %A     
 61  12.221001   2.0  1   4.56E-19  1 u                      2+  2 ?      0.0000 %A      ?      0.0000 %IT    
                                          2     10.584  0.000E+00  0.000E+00  0.000E+00
 62  12.253000   4.0  1   2.94E-21  0 u                      4+  1 =    100.0000 %A     
 63  12.256001   3.0 -1   4.56E-19  2 u                      3-  2 ?      0.0000 %A      ?      0.0000 %IT    
                                          5      6.634  0.000E+00  0.000E+00  0.000E+00
                                          2     10.619  0.000E+00  0.000E+00  0.000E+00
 64  12.327001   2.0  1   1.17E-21  0 u                      2+  1 =    100.0000 %A     
 65  12.401001   3.0 -1   1.22E-20  3 u                      3-  2 =    100.0000 %A      =      0.0005 %IT    
                                          3      8.151  3.500E-06  3.500E-06  0.000E+00
                                          2     10.764  1.450E-06  1.450E-06  0.000E+00
                                          1     12.397  5.000E-08  5.000E-08  0.000E+00
 66  12.436001   0.0  1   1.87E-20  1 u                      0+  2 =    100.0000 %A      =      0.0007 %IT    
                                          2     10.796  7.000E-06  7.000E-06  0.000E+00
 67  12.472000   2.0  1   3.68E-21  0 u                    (2+)  1 =    100.0000 %A     
 68  12.585001   6.0  1   6.34E-21  0 u                      6+  1 =    100.0000 %A     
 69  12.592001   2.0  1   3.15E-21  0 u                    (2+)  1 =    100.0000 %A     
 70  12.713000   5.0 -1   5.43E-21  0 u                      5-  1 =    100.0000 %A     
 71  12.743001   2.0  1   7.48E-21  0 u                    (2+)  1 =    100.0000 %A     
 72  12.836000   1.0 -1   1.52E-20  0 u                      1-  1 =    100.0000 %A     
 73  12.957001   2.0  1   1.20E-20  0 u                      2+  1 =    100.0000 %A     
 74  13.048000   4.0  1   2.54E-20  0 u                      4+  1 =    100.0000 %A     
 75  13.060700   2.0 -1   4.56E-19  0 u                      2-  2 ?      0.0000 %P      ?      0.0000 %A     
 76  13.095000   2.0  1   2.82E-21  0 u                      2+  1 =    100.0000 %A     
 77  13.105000   6.0  1   4.47E-21  0 u                      6+  1 =    100.0000 %A     
 78  13.137001   3.0 -1   9.50E-21  0 u                      3-  1 =    100.0000 %A     
 79  13.171301   1.0  1   1.98E-19  0 u                      1+  3 ?      0.0000 %P      ?      0.0000 %A      ?      0.0000 %IT    
 80  13.222001   0.0  1   1.14E-20  0 u                      0+  1 =    100.0000 %A     
 81  13.224001   1.0 -1   5.70E-21  0 u                      1-  2 ?      0.0000 %P      ?      0.0000 %A     
 82  13.226001   3.0 -1   8.61E-21  0 u                      3-  1 =    100.0000 %A     
 83  13.307501   1.0  1   5.07E-19  0 u                      1+  3 ?      0.0000 %P      ?      0.0000 %A      ?      0.0000 %IT    
 84  13.338000   7.0 -1   5.70E-18  0 u                      7-  1 =    100.0000 %A     
 85  13.341001   4.0  1   1.76E-20  0 u                      4+  1 =    100.0000 %A     
 86  13.414001   3.0 -1   1.90E-20  0 u                      3-  1 =    100.0000 %A     
 87  13.426001   5.0 -1   9.31E-21  0 u                    (5-)  1 =    100.0000 %A     
 88  13.461000   1.0 -1   2.34E-21  0 u                      1-  2 ?      0.0000 %P      ?      0.0000 %A     
 89  13.484000   1.0  1   7.13E-20  2 u                      1+  3 ?      0.0000 %P      ?      0.0000 %A      ?      0.0000 %IT    
                                          4      8.516  0.000E+00  0.000E+00  0.000E+00
                                          2     11.847  0.000E+00  0.000E+00  0.000E+00
 90  13.507001   1.0 -1   1.90E-20  0 u                      1-  2 ?      0.0000 %P      ?      0.0000 %A     
 91  13.529000   2.0  1   7.48E-21  0 u                      2+  1 =    100.0000 %A     
 92  13.530001   0.0  1   6.00E-21  0 u                    (0+)  1 =    100.0000 %A     
 93  13.573001   2.0  1   3.80E-20  0 u                      2+  1 =    100.0000 %A     
 94  13.586000   2.0  1   5.07E-20  0 u                      2+  2 ?      0.0000 %P      ?      0.0000 %A     
 95  13.642000   0.0  1   2.68E-20  0 u                      0+  2 ?      0.0000 %P      ?      0.0000 %A     
 96  13.676001   2.0 -1   1.01E-19  0 u                    (2-)  3 ?      0.0000 %P      ?      0.0000 %A      ?      0.0000 %IT    
 97  13.677001   5.0 -1   4.15E-20  0 u                      5-  1 =    100.0000 %A     
 98  13.692000   7.0 -1   1.47E-21  0 u                      7-  1 =    100.0000 %A     
 99  13.736001   1.0  1   5.92E-20  0 u                      1+  3 ?      0.0000 %P      ?      0.0000 %A      ?      0.0000 %IT    
100  13.744000   0.0  1   5.70E-21  0 u                      0+  1 =    100.0000 %A     
101  13.827001   3.0 -1   3.35E-21  0 u                      3-  1 =    100.0000 %A     
102  13.866001   1.0 -1   2.61E-21  0 u                      1-  2 ?      0.0000 %P      ?      0.0000 %A     
103  13.881001   2.0  1   3.26E-18  2 u                      2+  3 ?      0.0000 %P      ?      0.0000 %A      ?      0.0000 %IT    
                                          4      8.912  0.000E+00  0.000E+00  0.000E+00
                                          2     12.243  0.000E+00  0.000E+00  0.000E+00
104  13.908001   2.0  1   6.17E-21  0 u                      2+  1 =    100.0000 %A     
105  13.926001   0.0  1   1.30E-19  0 u                    (0+)  2 ?      0.0000 %P      ?      0.0000 %A     
106  13.928000   6.0  1   7.02E-21  0 u                      6+  1 =    100.0000 %A     
107  13.948001   0.0  1   5.77E-21  0 u                      0+  1 =    100.0000 %A     
108  13.965001   4.0  1   5.63E-20  0 u                      4+  1 =    100.0000 %A     
109  14.020000   1.0 -1   6.52E-21  0 u                      1-  2 ?      0.0000 %P      ?      0.0000 %A     
110  14.063001   2.0  1   3.26E-21  0 u                      2+  2 ?      0.0000 %P      ?      0.0000 %A     
111  14.115001   2.0  1   1.09E-20  0 u                      2+  1 =    100.0000 %A     
112  14.128000   2.0 -1   9.71E-20  0 u                      2-  3 ?      0.0000 %P      ?      0.0000 %A      ?      0.0000 %IT    
113  14.150001   2.0 -1   3.87E-20  0 u                      2-  3 ?      0.0000 %P      ?      0.0000 %A      ?      0.0000 %IT    
114  14.200001   1.0  1   3.26E-20  0 u                      1+  2 ?      0.0000 %P      ?      0.0000 %IT    
115  14.270000   4.0  1   4.96E-21  0 u                      4+  1 =    100.0000 %A     
116  14.304001   6.0  1   7.60E-21  0 u                    (6+)  1 =    100.0000 %A     
117  14.311001   6.0  1   3.90E-21  0 u                      6+  1 =    100.0000 %A     
118  14.313001   3.0 -1   1.01E-20  0 u                    (3-)  1 =    100.0000 %A     
119  14.370001  -1.0  0   9.13E-20  0                            2 ?      0.0000 %P      ?      0.0000 %A     
120  14.454000   5.0 -1   3.04E-20  0 u                      5-  1 =    100.0000 %A     
121  14.455001  -1.0  0   1.38E-20  0                   (0+,2+)  2 ?      0.0000 %P      ?      0.0000 %A     
122  14.475000   0.0  1   6.71E-21  0 u                      0+  2 ?      0.0000 %P      ?      0.0000 %A     
123  14.593000   4.0  1   1.75E-21  0 u                      4+  1 =    100.0000 %A     
124  14.597001   1.0 -1   3.93E-21  0 u                      1-  2 ?      0.0000 %P      ?      0.0000 %A     
125  14.653001   0.0  1   1.83E-20  0 u                    (0+)  2 ?      0.0000 %P      ?      0.0000 %A     
126  14.699000   1.0  1   1.27E-20  0 u                    (1+)  2 ?      0.0000 %P      ?      0.0000 %A     
127  14.731001   4.0  1   7.60E-21  0 u                    (4+)  1 =    100.0000 %A     
128  14.761001   6.0  1   6.25E-20  0 u                      6+  1 =    100.0000 %A     
129  14.776001   1.0 -1   4.15E-21  0 u                    (1-)  2 ?      0.0000 %P      ?      0.0000 %A     
130  14.807001   6.0  1   5.31E-21  0 u                      6+  1 =    100.0000 %A     
131  14.816001   5.0 -1   3.90E-21  0 u                      5-  1 =    100.0000 %A     
132  14.839001   4.0  1   5.77E-21  0 u                    (4+)  1 =    100.0000 %A     
133  14.888000   2.0  1   4.56E-21  0 u                      2+  2 ?      0.0000 %P      ?      0.0000 %A     
134  15.047001   2.0  1   6.91E-21  0 u                      2+  2 ?      0.0000 %P      ?      0.0000 %A     
135  15.073001   5.0 -1   2.85E-21  0 u                      5-  1 =    100.0000 %A     
136  15.142001   2.0  1   7.60E-21  0 u                    (2+)  1 =    100.0000 %A     
137  15.159000   6.0  1   7.60E-21  0 u                      6+  1 ?      0.0000 %A     
138  15.174001   5.0 -1   1.98E-21  0 u                      5-  1 =    100.0000 %A     
139  15.230000  -1.0  0   1.63E-20  0                            2 ?      0.0000 %P      ?      0.0000 %A     
140  15.270000   1.0 -1   1.60E-21  0 u                    (1-)  2 ?      0.0000 %P      ?      0.0000 %A     
141  15.330001   4.0  1   1.34E-20  0 u                      4+  1 =    100.0000 %A     
142  15.346001   6.0  1             0 u                      6+  0
143  15.366001   7.0 -1   4.15E-21  0 u                      7-  1 =    100.0000 %A     
144  15.436001   3.0 -1   5.07E-21  0 u                    (3-)  2 ?      0.0000 %P      ?      0.0000 %A     
145  15.500001  -1.0  0   8.30E-21  0                            2 ?      0.0000 %P      ?      0.0000 %A     
146  15.700001   8.0 -1             0 u                    (8-)  1 =    100.0000 %A     
147  15.874001   8.0  1   4.56E-21  0 u                      8+  1 =    100.0000 %A     
148  15.970001   6.0  1             0 u                    (6+)  1 =    100.0000 %A     
149  16.010000   2.0  1   4.56E-21  0 u                    (2+)  2 ?      0.0000 %P      ?      0.0000 %A     
150  16.139000  -1.0  0   1.20E-20  0                            1 =    100.0000 %A     
151  16.250000  -1.0  0             0                            1 =    100.0000 %A     
152  16.329000   4.0  1   1.01E-20  0 u                      4+  2 ?      0.0000 %P      ?      0.0000 %A     
153  16.437000  -1.0  0   1.30E-20  0                  (0,2,4)+  1 =    100.0000 %A     
154  16.505001   6.0  1   1.90E-20  0 u                      6+  1 =    100.0000 %A     
155  16.559000   5.0 -1   5.07E-21  0 u                      5-  1 =    100.0000 %A     
156  16.581001   7.0 -1   4.96E-21  0 u                      7-  1 =    100.0000 %A     
157  16.628000   3.0 -1   5.70E-21  0 u                      3-  1 =    100.0000 %A     
158  16.630001   7.0 -1             0 u                    (7-)  1 =    100.0000 %A     
159  16.667002   4.0  1   4.56E-21  0 u                      4+  1 =    100.0000 %A     
160  16.717001   5.0 -1   1.83E-20  0 u                      5-  1 =    100.0000 %A     
161  16.732901   0.0  1   2.28E-19  3 u                      0+  3 ?      0.0000 %P      ?      0.0000 %A      ?      0.0000 %IT    
                                         47      5.469  0.000E+00  0.000E+00  5.522E-07
                                          6     10.941  0.000E+00  0.000E+00  0.000E+00
                                          2     15.092  0.000E+00  0.000E+00  0.000E+00
162  16.746000   8.0  1   2.85E-21  0 u                      8+  1 =    100.0000 %A     
163  16.847000   5.0 -1   2.85E-20  0 u                      5-  1 =    100.0000 %A     
164  16.871000   6.0  1   1.30E-21  0 u                      6+  1 =    100.0000 %A     
165  17.072001   4.0  1   2.54E-21  0 u                      4+  1 =    100.0000 %A     
166  17.155001   5.0 -1   1.76E-20  0 u                      5-  1 =    100.0000 %A     
167  17.213001   4.0  1   2.03E-21  0 u                      4+  1 =    100.0000 %A     
168  17.284000   3.0 -1   5.31E-21  0 u                      3-  1 =    100.0000 %A     
169  17.295000   8.0  1   2.28E-21  0 u                      8+  1 =    100.0000 %A     
170  17.390001  -1.0  0   4.56E-20  0                            1 =    100.0000 %A     
171  17.430000   9.0 -1   2.07E-21  0 u                      9-  1 =    100.0000 %A     
172  17.541000   6.0  1   5.31E-21  0 u                      6+  1 =    100.0000 %A     
173  17.550001   2.0  1   2.40E-20  0 u                    (2+)  3 ?      0.0000 %P      ?      0.0000 %N      ?      0.0000 %A     
174  17.606001   5.0 -1   3.26E-21  0 u                      5-  1 =    100.0000 %A     
175  17.769001   4.0  1   3.65E-21  0 u                      4+  2 ?      0.0000 %P      ?      0.0000 %A     
176  17.851002   5.0 -1   2.28E-21  0 u                      5-  1 =    100.0000 %A     
177  17.910002   0.0  1             0 u                    (0+)  2 ?      0.0000 %P      ?      0.0000 %N     
178  18.005001   7.0 -1   4.56E-20  0 u                      7-  1 =    100.0000 %A     
179  18.024000   5.0 -1   1.34E-20  0 u                      5-  1 =    100.0000 %A     
180  18.083000   4.0  1   3.26E-21  0 u                      4+  1 =    100.0000 %A     
181  18.125000   7.0 -1   1.57E-20  0 u                      7-  1 =    100.0000 %A     
182  18.286001   6.0  1   2.40E-21  0 u                      6+  1 =    100.0000 %A     
183  18.430000   2.0  1   4.80E-20  1 u                      2+  4 ?      0.0000 %P      ?      0.0000 %N      ?      0.0000 %A      =      0.0030 %IT    
                                         61      6.208  3.000E-05  3.000E-05  0.000E+00
184  18.430000   7.0 -1   2.47E-21  0 u                      7-  1 =    100.0000 %A     
185  18.494001   5.0 -1   3.51E-21  0 u                      5-  1 =    100.0000 %A     
186  18.538000   8.0  1   3.31E-21  0 u                      8+  1 ?      0.0000 %A     
187  18.621000   8.0  1   2.47E-21  0 u                      8+  1 =    100.0000 %A     
188  18.745001   6.0  1   3.26E-21  0 u                      6+  1 ?      0.0000 %A     
189  18.768002   7.0 -1   3.26E-21  0 u                      7-  1 =    100.0000 %A     
190  18.960001   8.0  1   2.28E-21  0 u                      8+  1 =    100.0000 %A     
191  19.051001   5.0 -1   5.07E-21  0 u                      5-  1 =    100.0000 %A     
192  19.150002   6.0  1   2.28E-21  0 u                      6+  1 =    100.0000 %A     
193  19.284000   6.0  1   3.26E-21  0 u                      6+  1 =    100.0000 %A     
194  19.298000   7.0 -1   1.06E-21  0 u                      7-  1 =    100.0000 %A     
195  19.443001   6.0  1   3.51E-21  0 u                      6+  1 =    100.0000 %A     
196  19.536001   6.0  1   1.82E-21  0 u                      6+  1 =    100.0000 %A     
197  19.655001   6.0  1   3.26E-21  0 u                      6+  1 =    100.0000 %A     
198  19.731001   8.0  1   1.38E-21  0 u                      8+  1 =    100.0000 %A     
199  19.845001   6.0  1   1.27E-21  0 u                      6+  1 =    100.0000 %A     
200  19.859001   5.0 -1   2.68E-21  0 u                      5-  1 =    100.0000 %A     
201  19.884001   7.0 -1   3.80E-21  0 u                      7-  1 =    100.0000 %A     
202  19.991001   4.0  1   3.51E-21  0 u                      4+  1 =    100.0000 %A     
203  20.027000   6.0  1   5.70E-21  0 u                      6+  1 =    100.0000 %A     
204  20.106001   7.0 -1   2.40E-21  0 u                      7-  1 =    100.0000 %A     
205  20.150002  -1.0  0             0                            2 ?      0.0000 %N      ?      0.0000 %IT    
206  20.168001   6.0  1   1.57E-21  0 u                      6+  1 =    100.0000 %A     
207  20.296001   7.0 -1   1.79E-21  0 u                      7-  1 =    100.0000 %A     
208  20.341002   5.0 -1   2.40E-21  0 u                      5-  1 =    100.0000 %A     
209  20.344002   7.0 -1   3.38E-21  0 u                      7-  1 =    100.0000 %A     
210  20.419001   6.0  1   2.12E-21  0 u                      6+  1 =    100.0000 %A     
211  20.445002   6.0  1   1.23E-21  0 u                      6+  1 =    100.0000 %A     
212  20.468000   5.0 -1   1.63E-21  0 u                      5-  1 =    100.0000 %A     
213  20.686001   9.0 -1   5.85E-21  0 u                      9-  1 =    100.0000 %A     
214  20.760000   7.0 -1   1.90E-21  0 u                      7-  1 =    100.0000 %A     
215  20.800001   5.0 -1   2.68E-21  0 u                      5-  1 =    100.0000 %A     
216  20.950001   7.0 -1   1.52E-21  0 u                      7-  1 =    100.0000 %A     
217  21.062000   9.0 -1   7.60E-21  0 u                      9-  1 =    100.0000 %A     
218  21.300001   7.0 -1   1.52E-21  0 u                      7-  1 =    100.0000 %A     
219  21.800001   7.0 -1   1.52E-21  0 u                      7-  1 =    100.0000 %A     
220  22.300001   7.0 -1   9.12E-22  0 u                      7-  1 =    100.0000 %A     
221  22.600000  -1.0  0             0                            2 ?      0.0000 %N      ?      0.0000 %IT    
222  22.800001   9.0 -1   9.12E-22  0 u                      9-  1 =    100.0000 %A     
223  22.870001   9.0 -1   2.03E-21  0 u                      9-  1 =    100.0000 %A     
224  23.400002   8.0  1   9.12E-22  0 u                      8+  1 =    100.0000 %A     
225  23.700001   9.0 -1   2.28E-21  0 u                    (9-)  1 =    100.0000 %A     
226  24.210001   8.0  1   1.30E-21  0 u                      8+  1 =    100.0000 %A     
227  24.900002  -1.0  0             0                            2 ?      0.0000 %N      ?      0.0000 %IT    
228  25.100000   8.0  1   2.28E-21  0 u                      8+  1 =    100.0000 %A     
229  25.670002  -1.0  0   1.14E-21  0                            1 =    100.0000 %A     
230  27.100000   9.0 -1   6.52E-22  0 u                    (9-)  1 =    100.0000 %A     
231  27.500002  10.0  1             0 u                     10+  2 ?      0.0000 %N      ?      0.0000 %IT    
232  28.000002   8.0  1   2.85E-22  0 u                      8+  1 =    100.0000 %A     
233  28.200001  -1.0  0   6.52E-22  0                            1 =    100.0000 %A     
 21Ne   21   10   89  193   65   14    6.761110   13.003291
  1   0.000000   1.5  1  -1.00E+00  0 u                    3/2+  0
  2   0.350728   2.5  1   7.17E-12  1 u                    5/2+  0
                                          1      0.351  9.999E-01  1.000E+00  6.620E-05
  3   1.745910   3.5  1   5.30E-14  2 u                    7/2+  0
                                          2      1.396  9.497E-01  9.497E-01  4.397E-06
                                          1      1.746  5.033E-02  5.033E-02  3.568E-06
  4   2.788830   0.5 -1   8.10E-11  2 u                    1/2-  0
                                          2      2.438  8.319E-01  8.319E-01  2.524E-06
                                          1      2.788  1.681E-01  1.681E-01  1.280E-06
  5   2.794140   0.5  1   5.20E-15  2 u                    1/2+  0
                                          2      2.444  0.000E+00  0.000E+00  1.845E-06
                                          1      2.794  1.000E+00  1.000E+00  1.391E-06
  6   2.866800   4.5  1   4.00E-14  2 u                    9/2+  0
                                          3      1.121  6.211E-01  6.211E-01  6.466E-06
                                          2      2.517  3.789E-01  3.789E-01  1.759E-06
  7   3.663670   1.5 -1   6.50E-14  6 u                    3/2-  0
                                          6      0.797  0.000E+00  0.000E+00  5.212E-05
                                          5      0.870  6.250E-02  6.250E-02  7.090E-06
                                          4      0.875  3.693E-01  3.693E-01  1.022E-05
                                          3      1.918  0.000E+00  0.000E+00  4.165E-06
                                          2      3.312  5.682E-01  5.682E-01  8.252E-07
                                          1      3.663  0.000E+00  0.000E+00  7.289E-07
  8   3.735300   2.5  1   1.00E-14  6 u                    5/2+  0
                                          6      0.868  0.000E+00  0.000E+00  1.762E-05
                                          5      0.941  0.000E+00  0.000E+00  1.422E-05
                                          4      0.946  0.000E+00  0.000E+00  1.905E-05
                                          3      1.989  6.969E-02  6.969E-02  2.456E-06
                                          2      3.385  1.199E-01  1.199E-01  1.059E-06
                                          1      3.735  8.104E-01  8.104E-01  9.243E-07
  9   3.884300   2.5 -1   2.70E-14  7 u                    5/2-  0
                                          7      0.221  4.038E-02  4.038E-02  1.873E-04
                                          6      1.018  0.000E+00  0.000E+00  1.605E-05
                                          5      1.090  0.000E+00  0.000E+00  1.372E-05
                                          4      1.095  4.038E-03  4.038E-03  9.736E-06
                                          3      2.138  0.000E+00  0.000E+00  1.456E-06
                                          2      3.534  6.729E-01  6.729E-01  7.639E-07
                                          1      3.885  2.826E-01  2.826E-01  6.800E-07
 10   4.433600   5.5  1   2.30E-14  4 u                   11/2+  0
                                          6      1.566  7.692E-01  7.692E-01  3.620E-06
                                          3      2.687  2.308E-01  2.308E-01  1.581E-06
                                          2      4.083  0.000E+00  0.000E+00  1.348E-06
                                          1      4.433  0.000E+00  0.000E+00  1.185E-06
 11   4.525400   2.5  1   7.00E-15  6 u                    5/2+  0
                                          6      1.658  0.000E+00  0.000E+00  3.940E-06
                                          5      1.731  0.000E+00  0.000E+00  3.622E-06
                                          4      1.736  0.000E+00  0.000E+00  5.068E-06
                                          3      2.779  3.988E-02  3.988E-02  1.402E-06
                                          2      4.175  7.386E-01  7.386E-01  7.938E-07
                                          1      4.525  2.216E-01  2.216E-01  7.118E-07
 12   4.684500   1.5  1   1.10E-14  6 u                    3/2+  0
                                          6      1.817  0.000E+00  0.000E+00  7.230E-06
                                          5      1.890  2.394E-02  2.394E-02  2.663E-06
                                          4      1.895  0.000E+00  0.000E+00  1.832E-06
                                          3      2.938  0.000E+00  0.000E+00  1.374E-06
                                          2      4.333  6.139E-01  6.139E-01  7.547E-07
                                          1      4.684  3.622E-01  3.622E-01  6.796E-07
 13   4.725360   1.5 -1   7.00E-15  6 u                    3/2-  0
                                          6      1.858  0.000E+00  0.000E+00  4.963E-06
                                          5      1.931  1.715E-01  1.715E-01  1.782E-06
                                          4      1.936  0.000E+00  0.000E+00  2.563E-06
                                          3      2.979  0.000E+00  0.000E+00  1.784E-06
                                          2      4.374  8.285E-01  8.285E-01  5.911E-07
                                          1      4.725  0.000E+00  0.000E+00  5.404E-07
 14   5.335701   3.5 -1   7.00E-15  7 u                    7/2-  0
                                          9      1.451  4.027E-02  4.027E-02  4.117E-06
                                          6      2.468  1.028E-01  1.028E-01  1.198E-06
                                          5      2.541  0.000E+00  0.000E+00  2.455E-06
                                          4      2.546  0.000E+00  0.000E+00  3.289E-06
                                          3      3.589  0.000E+00  0.000E+00  7.470E-07
                                          2      4.985  8.569E-01  8.569E-01  5.081E-07
                                          1      5.335  0.000E+00  0.000E+00  7.062E-07
 15   5.430800   2.5  1   8.00E-15  6 c              (5/2+,7/2)  0
                                          6      2.563  9.353E-02  9.353E-02  1.706E-06
                                          5      2.636  0.000E+00  0.000E+00  1.630E-06
                                          4      2.641  0.000E+00  0.000E+00  2.191E-06
                                          3      3.684  1.871E-01  1.871E-01  9.420E-07
                                          2      5.080  7.194E-01  7.194E-01  6.094E-07
                                          1      5.430  0.000E+00  0.000E+00  5.575E-07
 16   5.549000   1.5  1   2.80E-14  6 u                    3/2+  0
                                         11      1.026  1.206E-01  1.206E-01  7.595E-06
                                          8      1.816  2.324E-01  2.324E-01  2.839E-06
                                          5      2.755  1.412E-01  1.412E-01  1.420E-06
                                          4      2.760  1.206E-01  1.206E-01  1.035E-06
                                          2      5.199  9.118E-02  9.118E-02  5.908E-07
                                          1      5.549  2.941E-01  2.941E-01  5.416E-07
 17   5.629000   3.5  1   7.00E-15  6 u                    7/2+  0
                                          9      1.745  0.000E+00  0.000E+00  2.070E-06
                                          8      1.894  9.790E-02  9.790E-02  2.654E-06
                                          6      2.763  0.000E+00  0.000E+00  1.414E-06
                                          3      3.884  1.399E-01  1.399E-01  8.760E-07
                                          2      5.280  6.993E-01  6.993E-01  5.787E-07
                                          1      5.629  6.294E-02  6.294E-02  5.421E-07
 18   5.689770   0.5 -1   6.00E-15  6 u                    1/2-  0
                                         13      0.964  5.851E-02  5.851E-02  8.520E-06
                                          6      2.823  0.000E+00  0.000E+00  3.737E-06
                                          5      2.895  5.319E-01  5.319E-01  9.737E-07
                                          4      2.901  0.000E+00  0.000E+00  1.318E-06
                                          2      5.340  0.000E+00  0.000E+00  7.052E-07
                                          1      5.689  4.096E-01  4.096E-01  4.368E-07
 19   5.774701   2.5 -1   1.20E-14  7 c               (3/2,5/2)  0
                                          8      2.040  0.000E+00  0.000E+00  1.556E-06
                                          6      2.908  0.000E+00  0.000E+00  1.858E-06
                                          5      2.981  0.000E+00  0.000E+00  1.782E-06
                                          4      2.986  0.000E+00  0.000E+00  1.340E-06
                                          3      4.029  0.000E+00  0.000E+00  6.508E-07
                                          2      5.425  1.525E-01  1.525E-01  4.611E-07
                                          1      5.774  8.475E-01  8.475E-01  4.294E-07
 20   5.819000   3.5 -1   4.20E-14  9 u                    7/2-  0
                                         11      1.294  5.161E-02  5.161E-02  3.346E-06
                                          9      1.935  3.226E-01  3.226E-01  2.565E-06
                                          8      2.084  1.226E-01  1.226E-01  1.512E-06
                                          7      2.155  3.871E-02  3.871E-02  2.286E-06
                                          6      2.952  2.419E-01  2.419E-01  9.505E-07
                                          4      3.030  0.000E+00  0.000E+00  2.335E-06
                                          3      4.073  5.161E-02  5.161E-02  6.426E-07
                                          2      5.468  1.710E-01  1.710E-01  4.570E-07
                                          1      5.818  0.000E+00  0.000E+00  6.185E-07
 21   5.822001   1.5  1   2.40E-14  6 u                    3/2+  0
                                          6      2.955  0.000E+00  0.000E+00  2.450E-06
                                          5      3.028  4.792E-01  4.792E-01  1.240E-06
                                          4      3.033  0.000E+00  0.000E+00  9.184E-07
                                          3      4.076  0.000E+00  0.000E+00  8.471E-07
                                          2      5.472  5.208E-01  5.208E-01  5.518E-07
                                          1      5.822  0.000E+00  0.000E+00  5.080E-07
 22   5.992560   1.5 -1   1.30E-14  8 u                    3/2-  0
                                          9      2.109  0.000E+00  0.000E+00  2.118E-06
                                          8      2.258  0.000E+00  0.000E+00  1.350E-06
                                          6      3.126  0.000E+00  0.000E+00  1.678E-06
                                          5      3.199  0.000E+00  0.000E+00  8.595E-07
                                          4      3.204  0.000E+00  0.000E+00  1.144E-06
                                          3      4.247  0.000E+00  0.000E+00  1.005E-06
                                          2      5.641  3.506E-01  3.506E-01  4.410E-07
                                          1      5.992  6.494E-01  6.494E-01  4.116E-07
 23   6.032900   4.5 -1   1.90E-14  9 u                    9/2-  0
                                         14      0.696  1.798E-02  1.798E-02  1.590E-05
                                          9      2.149  1.383E-01  1.383E-01  2.297E-06
                                          8      2.298  0.000E+00  0.000E+00  2.805E-06
                                          6      3.166  3.827E-01  3.827E-01  8.753E-07
                                          5      3.239  0.000E+00  0.000E+00  2.779E-06
                                          4      3.244  0.000E+00  0.000E+00  2.125E-06
                                          3      4.287  4.610E-01  4.610E-01  6.076E-07
                                          2      5.683  0.000E+00  0.000E+00  6.411E-07
                                          1      6.033  0.000E+00  0.000E+00  0.000E+00
 24   6.173800   2.5  1   1.00E-14  6 c              (5/2,7/2)+  0
                                          9      2.290  0.000E+00  0.000E+00  1.325E-06
                                          8      2.439  1.586E-01  1.586E-01  1.698E-06
                                          4      3.385  0.000E+00  0.000E+00  1.444E-06
                                          3      4.428  4.405E-01  4.405E-01  7.330E-07
                                          2      5.824  3.524E-01  3.524E-01  5.078E-07
                                          1      6.174  4.846E-02  4.846E-02  0.000E+00
 25   6.267400   4.5  1   1.40E-14  9 u                    9/2+  0
                                         10      1.835  3.788E-02  3.788E-02  2.792E-06
                                          9      2.384  0.000E+00  0.000E+00  2.625E-06
                                          8      2.533  0.000E+00  0.000E+00  1.739E-06
                                          6      3.401  7.576E-01  7.576E-01  1.052E-06
                                          5      3.474  0.000E+00  0.000E+00  1.860E-06
                                          4      3.479  0.000E+00  0.000E+00  2.395E-06
                                          3      4.522  5.303E-02  5.303E-02  7.125E-07
                                          2      5.918  1.515E-01  1.515E-01  5.064E-07
                                          1      6.267  0.000E+00  0.000E+00  0.000E+00
 26   6.447600   4.5 -1   1.40E-14  2 c             (9/2,13/2+)  0
                                         10      2.015  8.000E-01  8.000E-01  1.748E-06
                                          6      3.581  2.000E-01  2.000E-01  7.490E-07
 27   6.551701   4.5 -1   1.40E-14  9 u                     9/2  0
                                         10      2.119  1.104E-01  1.104E-01  1.475E-06
                                          9      2.668  0.000E+00  0.000E+00  1.599E-06
                                          8      2.817  0.000E+00  0.000E+00  1.961E-06
                                          6      3.685  2.403E-01  2.403E-01  7.237E-07
                                          5      3.758  0.000E+00  0.000E+00  2.046E-06
                                          4      3.763  0.000E+00  0.000E+00  1.599E-06
                                          3      4.806  6.494E-01  6.494E-01  5.300E-07
                                          2      6.202  0.000E+00  0.000E+00  0.000E+00
                                          1      6.552  0.000E+00  0.000E+00  0.000E+00
 28   6.608100   2.5  1   9.00E-15  8 c              (3/2,5/2)+  0
                                          9      2.724  0.000E+00  0.000E+00  1.053E-06
                                          8      2.873  0.000E+00  0.000E+00  1.336E-06
                                          6      3.741  0.000E+00  0.000E+00  9.576E-07
                                          5      3.814  0.000E+00  0.000E+00  9.313E-07
                                          4      3.819  0.000E+00  0.000E+00  1.189E-06
                                          3      4.862  0.000E+00  0.000E+00  6.463E-07
                                          2      6.258  9.524E-01  9.524E-01  0.000E+00
                                          1      6.608  4.762E-02  4.762E-02  0.000E+00
 29   6.640000   4.5  1   1.50E-14  4 u                     9/2  0
                                         17      1.010  1.101E-01  1.101E-01  7.817E-06
                                         10      2.207  1.502E-01  1.502E-01  1.975E-06
                                          6      3.773  4.511E-01  4.511E-01  9.115E-07
                                          3      4.894  2.887E-01  2.887E-01  6.406E-07
 30   6.747000   2.5 -1   1.00E-14  3 g                          0
                                          8      3.012  1.218E-01  1.218E-01  9.264E-07
                                          2      6.397  6.410E-01  6.410E-01  0.000E+00
                                          1      6.747  2.372E-01  2.372E-01  0.000E+00
 31   6.761190   4.5  1             0 n                          0
 32   6.857000   4.5 -1             0 n                          0
 33   6.900500   0.5 -1             0 c              (1/2,3/2)-  0
 34   7.006400   3.5  1   1.20E-14  5 u                    7/2+  0
                                          8      3.271  3.037E-02  3.037E-02  1.111E-06
                                          6      4.138  5.860E-02  5.860E-02  8.034E-07
                                          3      5.259  5.328E-01  5.328E-01  5.818E-07
                                          2      6.656  3.090E-01  3.090E-01  0.000E+00
                                          1      7.006  6.926E-02  6.926E-02  0.000E+00
 35   7.042300   2.5  1   1.30E-14  4 c              (9/2,5/2)+  0
                                         15      1.612  6.947E-02  6.947E-02  3.450E-06
                                          6      4.175  2.422E-01  2.422E-01  8.189E-07
                                          3      5.296  6.373E-01  6.373E-01  5.764E-07
                                          2      6.692  5.099E-02  5.099E-02  0.000E+00
 36   7.109000   3.5  1             0 n                          0
 37   7.154000   1.5 -1             0 n                          0
 38   7.211000   0.5  1   7.40E-14  0 u                    1/2+  0
 39   7.226000   3.5  1             0 n                          0
 40   7.297000   1.5 -1             0 n                          0
 41   7.320000   4.5 -1             0 n                          0
 42   7.360000   4.5  1   7.00E-15  2 c              (7/2,9/2+)  0
                                          6      4.493  2.481E-01  2.481E-01  7.187E-07
                                          3      5.614  7.519E-01  7.519E-01  5.332E-07
 43   7.422300   3.5  1             2 c            (7/2+,11/2-)  0
                                         14      2.082  3.846E-02  3.846E-02  1.511E-06
                                          6      4.555  9.615E-01  9.615E-01  7.055E-07
 44   7.470000   1.5 -1             0 c              (1/2,3/2)-  0
 45   7.556000   1.5 -1             0 n                          0
 46   7.600000   4.5  1             0 n                          0
 47   7.627000   1.5 -1   3.26E-20  0 u                    3/2-  0
 48   7.653000   3.5  1   1.00E-14  4 c             (7/2+,5/2+)  0
                                          6      4.786  8.811E-02  8.811E-02  6.601E-07
                                          3      5.907  4.405E-01  4.405E-01  4.983E-07
                                          2      7.303  2.599E-01  2.599E-01  0.000E+00
                                          1      7.653  2.115E-01  2.115E-01  0.000E+00
 49   7.750000   2.5 -1             0 n                          0
 50   7.815001   1.5 -1             0 n                          0
 51   7.979001   1.5 -1   7.60E-20  0 u                    3/2-  0
 52   7.981000   3.5  1             3 c             (7/2,11/2)+  0
                                         10      3.548  2.500E-01  2.500E-01  1.034E-06
                                          6      5.114  6.579E-01  6.579E-01  6.040E-07
                                          3      6.235  9.211E-02  9.211E-02  0.000E+00
 53   8.008000   0.5 -1   1.43E-20  0 u                    1/2-  0
 54   8.065001   1.5  1   5.70E-20  0 u                    3/2+  0
 55   8.154000   4.5 -1   2.10E-14  3 u                     9/2  0
                                         23      2.124  7.947E-02  7.947E-02  2.095E-06
                                          6      5.287  2.583E-01  2.583E-01  4.749E-07
                                          3      6.408  6.623E-01  6.623E-01  0.000E+00
 56   8.186001   0.5  1             0 n                          0
 57   8.240500   4.5  1   1.00E-14  2 c             (9/2+,11/2)  0
                                         23      2.210  4.792E-01  4.792E-01  1.391E-06
                                          6      5.373  5.208E-01  5.208E-01  5.654E-07
 58   8.287001   1.5  1             0 n                          0
 59   8.303000   1.5 -1   1.69E-20  0 u                    3/2-  0
 60   8.360001   1.5  1   4.56E-20  0 u                    3/2+  0
 61   8.402000   3.5  1             0 n                          0
 62   8.436001   2.5  1             0 n                          0
 63   8.470000   1.5 -1             0 n                          0
 64   8.522000   4.5  1   7.60E-20  0 n                          0
 65   8.591001   1.5  1   1.20E-20  0 u                    3/2+  0
 66   8.664001  -1.0  0             1                            0
                                         23      2.631  1.000E+00  1.000E+00  0.000E+00
 67   8.680000   1.5 -1   8.45E-21  0 u                    3/2-  0
 68   8.782001   1.5 -1   9.13E-21  0 u                    3/2-  0
 69   8.801001  -1.0  0   9.13E-20  0                            0
 70   8.849000  -1.0  0   4.56E-20  0                            0
 71   8.859200  -1.0  0   1.83E-19  0                (3/2,5/2)+  0
 72   8.930000  -1.0  0   9.13E-20  0                            0
 73   8.991000  -1.0  0   1.83E-19  0                            0
 74   9.077001  -1.0  0             0                            0
 75   9.148901   0.5  1   6.00E-20  0 u                    1/2+  0
 76   9.401000  -1.0  0             3              (9/2-,13/2-)  0
                                         43      1.981  2.403E-01  2.403E-01  0.000E+00
                                         23      3.371  6.494E-01  6.494E-01  0.000E+00
                                         10      4.968  1.104E-01  1.104E-01  0.000E+00
 77   9.857000  -1.0  0             2                            0
                                         26      3.409  4.413E-01  4.413E-01  0.000E+00
                                         10      5.424  5.587E-01  5.587E-01  0.000E+00
 78   9.941001  -1.0  0             1                            0
                                         26      3.491  1.000E+00  1.000E+00  0.000E+00
 79   9.963000  -1.0  0             0                (1/2,3/2)-  0
 80  10.631100  -1.0  0   4.56E-19  0               (3/2+,5/2+)  0
 81  10.655901  -1.0  0   7.60E-19  0                            0
 82  10.912901  -1.0  0   4.66E-20  0                (1/2-,3/2)  0
 83  11.280201  -1.0  0   2.44E-20  0                            0
 84  12.315001  -1.0  0   6.52E-20  0                            0
 85  12.451000  -1.0  0   5.70E-20  0                            0
 86  12.946001  -1.0  0   1.38E-20  0                            0
 87  13.801001  -1.0  0   1.90E-20  0               (1/2-,3/2-)  0
 88  16.058001  -1.0  0   8.30E-21  0               (1/2-,3/2-)  0
 89  16.356001  -1.0  0   1.04E-20  0                            0
 22Ne   22   10   79   68   37   14   10.363951   15.265701
  1   0.000000   0.0  1  -1.00E+00  0 u                      0+  0
  2   1.274540   2.0  1   3.63E-12  1 u                      2+  0
                                          1      1.275  1.000E+00  1.000E+00  6.845E-06
  3   3.358200   4.0  1   2.25E-13  1 u                      4+  0
                                          2      2.082  1.000E+00  1.000E+00  2.428E-06
  4   4.456300   2.0  1   3.70E-14  2 u                      2+  0
                                          2      3.182  9.699E-01  9.699E-01  1.216E-06
                                          1      4.456  3.007E-02  3.007E-02  7.475E-07
  5   5.146300   2.0 -1   8.00E-13  2 u                      2-  0
                                          4      0.691  4.709E-01  4.709E-01  1.179E-05
                                          2      3.873  5.291E-01  5.291E-01  7.192E-07
  6   5.329000   1.0  1   1.10E-15  2 u                      1+  0
                                          2      4.051  3.289E-01  3.289E-01  8.545E-07
                                          1      5.325  6.711E-01  6.711E-01  5.722E-07
  7   5.363400   2.0  1   6.90E-14  2 u                      2+  0
                                          2      4.090  1.000E+00  1.000E+00  8.430E-07
                                          1      5.364  0.000E+00  0.000E+00  5.790E-07
  8   5.523700   4.0  1   2.10E-14  2 u                      4+  0
                                          3      2.166  9.842E-01  9.843E-01  2.266E-06
                                          2      4.248  1.575E-02  1.575E-02  7.991E-07
  9   5.641400   3.0  1   7.00E-15  2 u                      3+  0
                                          3      2.284  2.908E-01  2.908E-01  2.067E-06
                                          2      4.366  7.092E-01  7.092E-01  7.690E-07
 10   5.909900   3.0 -1   3.20E-14  3 u                      3-  0
                                          4      1.453  1.008E-01  1.008E-01  2.757E-06
                                          3      2.553  5.882E-02  5.882E-02  1.187E-06
                                          2      4.635  8.403E-01  8.403E-01  5.528E-07
 11   6.119900   2.0  1   1.60E-14  3 u                      2+  0
                                          4      1.664  8.028E-02  8.028E-02  3.912E-06
                                          2      4.845  7.794E-01  7.794E-01  6.656E-07
                                          1      6.119  1.403E-01  1.403E-01  0.000E+00
 12   6.235000   0.0  1   2.35E-13  0 u                      0+  0
 13   6.311100   6.0  1   5.00E-14  1 u                      6+  0
                                          3      2.954  1.000E+00  1.000E+00  1.362E-06
 14   6.345201   4.0  1   1.30E-14  1 u                      4+  0
                                          3      2.988  1.000E+00  1.000E+00  1.338E-06
 15   6.635800   2.0  1   5.00E-14  2 c                  (2,3)+  0
                                          3      3.279  5.714E-01  5.714E-01  1.162E-06
                                          2      5.361  4.286E-01  4.286E-01  5.794E-07
 16   6.691000   1.0 -1   2.40E-13  2 u                      1-  0
                                          2      5.416  1.228E-01  1.228E-01  4.620E-07
                                          1      6.690  8.772E-01  8.772E-01  0.000E+00
 17   6.819400   2.0  1   7.00E-15  2 u                      2+  0
                                          4      2.360  3.902E-01  3.902E-01  1.956E-06
                                          2      5.542  6.098E-01  6.098E-01  5.537E-07
 18   6.853500   1.0  1   2.36E-16  2 u                      1+  0
                                          2      5.579  2.806E-01  2.806E-01  5.487E-07
                                          1      6.853  7.194E-01  7.194E-01  0.000E+00
 19   6.900000   1.0  1   7.60E-14  1 c                  (0,1)+  0
                                          2      5.629  1.000E+00  1.000E+00  5.421E-07
 20   7.051000   1.0 -1   1.04E-13  2 u                      1-  0
                                          2      5.777  9.099E-01  9.099E-01  4.292E-07
                                          1      7.051  9.008E-02  9.008E-02  0.000E+00
 21   7.341100   0.0  1   7.00E-15  3 u                      0+  0
                                         10      1.431  2.308E-01  2.308E-01  9.244E-06
                                          8      1.818  0.000E+00  0.000E+00  8.311E-06
                                          3      3.984  7.692E-01  7.692E-01  1.438E-06
 22   7.343700   4.0  1   3.50E-14  2 c                  (3,4)+  0
                                          6      2.006  8.333E-01  8.333E-01  5.453E-06
                                          4      2.885  1.667E-01  1.667E-01  1.413E-06
 23   7.405900   3.0 -1   3.20E-14  2 u                      3-  0
                                          5      2.258  4.286E-01  4.286E-01  2.108E-06
                                          2      6.131  5.714E-01  5.714E-01  0.000E+00
 24   7.423000   3.0  1   4.70E-14  1 c                  (3,5)+  0
                                          8      1.900  1.000E+00  1.000E+00  3.037E-06
 25   7.469000   5.0 -1   5.50E-14  0 c                1- TO 5-  0
 26   7.489000   1.0 -1             3 u                      1-  0
                                          7      2.124  2.102E-01  2.102E-01  1.470E-06
                                          2      6.213  2.216E-01  2.216E-01  0.000E+00
                                          1      7.488  5.682E-01  5.682E-01  0.000E+00
 27   7.643100   2.0  1   8.00E-16  0 u                      2+  0
 28   7.664001   2.0 -1             3 u                      2-  0
                                          4      3.197  1.387E-01  1.387E-01  8.601E-07
                                          2      6.388  7.299E-01  7.299E-01  0.000E+00
                                          1      7.663  1.314E-01  1.314E-01  0.000E+00
 29   7.722001   3.0 -1             4 u                      3-  0
                                         11      1.606  9.896E-02  9.896E-02  2.351E-06
                                          4      3.264  5.208E-01  5.208E-01  8.384E-07
                                          3      4.363  2.292E-01  2.292E-01  5.928E-07
                                          2      6.445  1.510E-01  1.510E-01  0.000E+00
 30   7.921000   2.0  1             1 u                      2+  0
                                          2      6.648  1.000E+00  1.000E+00  0.000E+00
 31   8.076900   4.0  1             2 u                      4+  0
                                          3      4.723  4.083E-01  4.083E-01  6.895E-07
                                          2      6.805  5.917E-01  5.917E-01  0.000E+00
 32   8.134300   2.0  1             1 u                      2+  0
                                          2      6.859  1.000E+00  1.000E+00  0.000E+00
 33   8.162201   3.0 -1             2 u                       3  0
                                          3      4.804  9.991E-02  9.991E-02  5.302E-07
                                          2      6.886  9.001E-01  9.001E-01  0.000E+00
 34   8.375901   3.0 -1             2 u                      3-  0
                                          3      5.014  9.001E-01  9.001E-01  5.047E-07
                                          2      7.101  9.991E-02  9.991E-02  0.000E+00
 35   8.489600   2.0  1             2 u                      2+  0
                                         14      2.146  5.988E-01  5.988E-01  2.302E-06
                                          3      5.133  4.012E-01  4.012E-01  6.149E-07
 36   8.561400   2.0  1             1 c                  (1,2)+  0
                                          1      8.561  1.000E+00  1.000E+00  0.000E+00
 37   8.596001   2.0  1             0 u                      2+  0
 38   8.741000   3.0 -1             2 u                      3-  0
                                          4      4.280  4.709E-01  4.709E-01  6.063E-07
                                          3      5.379  5.291E-01  5.291E-01  4.657E-07
 39   8.855300   4.0  1             1 u                      4+  0
                                         13      2.544  1.000E+00  1.000E+00  1.727E-06
 40   8.900300  -1.0  0             0                            0
 41   8.976001  -1.0  0             0                 (0 TO 3-)  0
 42   9.045000  -1.0  0             0                   (2+,3-)  0
 43   9.097000  -1.0  0             1                 (1 TO 3)-  0
                                          4      4.640  1.000E+00  1.000E+00  0.000E+00
 44   9.178000   1.0  1   8.30E-17  1 u                      1+  0
                                          1      9.176  1.000E+00  1.000E+00  0.000E+00
 45   9.178100  -1.0  0             0                    (3,4)+  0
 46   9.229000  -1.0  0             0                    (1,2)+  0
 47   9.250000  -1.0  0             1                  (1 TO 4)  0
                                         11      3.135  1.000E+00  1.000E+00  0.000E+00
 48   9.324000  -1.0  0             0                (1- TO 5-)  0
 49   9.508000  -1.0  0             0                            0
 50   9.541000  -1.0  0             0                 (1 TO 3)-  0
 51   9.652000   5.0  0             0 u                       5  0
 52   9.725000  -1.0  0             0                            0
 53   9.842000  -1.0  0             0                            0
 54  10.066001  -1.0  0             0                            0
 55  10.137000   2.0  1             0 u                      2+  0
 56  10.208900   1.0 -1   4.00E-17  0 u                      1-  0
 57  10.280800  -1.0  0   3.26E-19  0                (0+,1-,2+)  0
 58  10.295300  -1.0  0   4.56E-19  0                (0+,1-,2+)  0
 59  10.384001  -1.0  0             0                            0
 60  10.423000  -1.0  0             0                     (6,8)  0
 61  10.469001  -1.0  0             0                 (2 TO 4)-  0
 62  10.493300  -1.0  0             0                 (1 TO 3)+  0
 63  10.618000  -1.0  0   9.13E-20  0                            0
 64  10.696000  -1.0  0   1.14E-19  0                            0
 65  10.706000  -1.0  0   4.56E-20  0                            0
 66  10.751000   5.0 -1   9.13E-20  0 u                      5-  0
 67  10.858001  -1.0  0   6.52E-20  0                            0
 68  10.922001   1.0 -1   1.83E-20  0 u                      1-  0
 69  11.032001   8.0  1   4.56E-20  0 u                      8+  0
 70  11.130000  -1.0  0   9.13E-20  0                            0
 71  11.195001  -1.0  0   9.13E-20  0                            0
 72  11.271001  -1.0  0   9.13E-20  0                            0
 73  11.433001  -1.0  0   9.50E-21  0                            0
 74  11.466001   1.0 -1   1.52E-19  0 u                      1-  0
 75  11.520000   7.0 -1             0 u                      7-  0
 76  14.070001  -1.0  0             0                            0
 77  15.400001  -1.0  0             0                            0
 78  15.610001  -1.0  0             0                            0
 79  16.060001  -1.0  0             0                            0
 23Ne   23   10   35   31   35    5    5.200620   15.236001
  1   0.000000   2.5  1   3.72E+01  0 u                    5/2+  1 =    100.0000 %B-    
  2   1.017000   0.5  1   1.78E-10  1 u                    1/2+  0
                                          1      1.017  1.000E+00  1.000E+00  1.167E-05
  3   1.701510   3.5  1   7.00E-14  2 u                     7/2  0
                                          2      0.685  0.000E+00  0.000E+00  1.027E-04
                                          1      1.701  1.000E+00  1.000E+00  3.156E-06
  4   1.822500   1.5  1   7.00E-14  2 u                    3/2+  0
                                          2      0.806  0.000E+00  0.000E+00  1.196E-05
                                          1      1.822  1.000E+00  1.000E+00  2.823E-06
  5   2.315100   2.5  1   7.00E-14  4 u                    5/2+  0
                                          4      0.493  4.190E-01  4.190E-01  3.205E-05
                                          3      0.614  3.013E-02  3.013E-02  2.044E-05
                                          2      1.298  8.004E-02  8.004E-02  6.572E-06
                                          1      2.315  4.708E-01  4.708E-01  1.837E-06
  6   2.517000   3.5  1   7.00E-14  2 c              (5/2,7/2)+  0
                                          3      0.816  8.000E-01  8.000E-01  1.168E-05
                                          1      2.517  2.000E-01  2.000E-01  1.621E-06
  7   3.220660   1.5 -1   7.00E-14  3 u                    3/2-  0
                                          4      1.398  2.973E-02  2.973E-02  2.937E-06
                                          2      2.204  7.825E-01  7.825E-01  1.397E-06
                                          1      3.220  1.878E-01  1.878E-01  8.524E-07
  8   3.431800   1.5  1   7.00E-14  4 u                    3/2+  0
                                          5      1.117  4.005E-02  4.005E-02  6.511E-06
                                          4      1.609  8.245E-02  8.245E-02  3.460E-06
                                          2      2.415  2.886E-01  2.886E-01  1.724E-06
                                          1      3.432  5.889E-01  5.889E-01  1.039E-06
  9   3.458200   2.5  1   7.00E-14  2 c           (1/2 TO 5/2+)  0
                                          4      1.636  5.494E-01  5.495E-01  3.368E-06
                                          2      2.441  4.505E-01  4.505E-01  1.848E-06
 10   3.830900   2.5  1   7.00E-14  3 c          (3/2,5/2,7/2)+  0
                                          3      2.129  9.099E-01  9.099E-01  2.087E-06
                                          2      2.814  0.000E+00  0.000E+00  1.469E-06
                                          1      3.831  9.008E-02  9.008E-02  8.928E-07
 11   3.836400   0.5 -1   7.00E-14  2 u                    1/2-  0
                                          4      2.014  4.413E-01  4.413E-01  1.584E-06
                                          2      2.819  5.587E-01  5.587E-01  1.007E-06
 12   3.843300   1.5 -1   7.00E-14  1 g                          0
                                          6      1.326  1.000E+00  1.000E+00  8.876E-06
 13   3.988200   2.5  1   7.00E-14  2 c             3/2+,(5/2+)  0
                                          5      1.673  4.186E-01  4.186E-01  3.245E-06
                                          1      3.988  5.814E-01  5.814E-01  8.449E-07
 14   4.010000   0.5 -1   7.00E-14  1 g                          0
                                          1      4.010  1.000E+00  1.000E+00  1.100E-06
 15   4.270000   2.5  1             0 n                          0
 16   4.436000   3.5  1             2 c          (3/2,5/2,7/2)+  0
                                          6      1.919  6.211E-01  6.211E-01  2.600E-06
                                          3      2.734  3.789E-01  3.789E-01  1.436E-06
 17   4.764000   1.5  1             0 n                          0
 18   4.867000   1.5  1             0 n                          0
 19   4.940000   1.5  1             0 n                          0
 20   4.995000   2.5  1             0 n                          0
 21   5.029000   1.5  1             0 n                          0
 22   5.185000   1.5  1             0 n                          0
 23   5.220000   2.5 -1             0 c              (5/2,7/2)-  0
 24   5.265000   0.5  1             0 n                          0
 25   5.340000   1.5  1             0 n                          0
 26   5.454000   1.5 -1             0 c              (1/2,3/2)-  0
 27   5.491000   2.5  1   9.13E-21  0 n                          0
 28   5.522000   0.5  1             0 n                          0
 29   5.560000   0.5 -1             0 n                          0
 30   5.606000   1.5 -1             0 n                          0
 31   5.646000   2.5  1             0 n                          0
 32   5.726000   2.5 -1             0 n                          0
 33   5.740000   1.5  1             0 u                    3/2+  0
 34   5.785000   0.5  1             0 n                          0
 35   5.840000   1.5 -1             0 n                          0
 24Ne   24   10    9   10    1    5    8.865001   16.570002
  1   0.000000   0.0  1   2.03E+02  0                        0+  1 =    100.0000 %B-    
  2   1.981600   2.0  1   6.60E-13  1                        2+  0
                                          1      1.982  1.000E+00  1.000E+00  2.810E-06
  3   3.867000   2.0  1   7.00E-14  2                        2+  0
                                          2      1.885  9.001E-01  9.001E-01  3.081E-06
                                          1      3.867  9.991E-02  9.991E-02  9.131E-07
  4   3.962000   4.0  0   2.00E-08  2                         4  0
                                          2      1.980  1.000E+00  1.000E+00  0.000E+00
                                          1      3.962  0.000E+00  0.000E+00  0.000E+00
  5   4.764000   0.0  1   1.60E-12  2                        0+  0
                                          2      2.782  1.000E+00  1.000E+00  1.496E-06
                                          1      4.763  0.000E+00  0.000E+00  0.000E+00
  6   4.886000  -1.0  0             1                            0
                                          2      2.904  1.000E+00  1.000E+00  0.000E+00
  7   5.576000   2.0  0   2.00E-08  2                         2  0
                                          2      3.594  1.000E+00  1.000E+00  0.000E+00
                                          1      5.575  0.000E+00  0.000E+00  0.000E+00
  8   5.641000  -1.0  0             0                            0
  9   6.030000  -1.0  0             0                            0
 25Ne   25   10    8    5    1    1    4.180000   16.890001
  1   0.000000   1.5  1   6.02E-01  0                    (3/2)+  1 =    100.0000 %B-    
  2   1.702800  -1.0  0             1                            0
                                          1      1.703  1.000E+00  1.000E+00  0.000E+00
  3   2.030000  -1.0  0             0                            0
  4   3.316400  -1.0  0             1                            0
                                          2      1.613  1.000E+00  1.000E+00  0.000E+00
  5   3.891200  -1.0  0             2                            0
                                          4      0.575  5.682E-01  5.682E-01  0.000E+00
                                          2      2.189  4.318E-01  4.318E-01  0.000E+00
  6   4.092700  -1.0  0             1                            0
                                          4      0.776  1.000E+00  1.000E+00  0.000E+00
  7   4.700000  -1.0  0             0                            0
  8   6.280000  -1.0  0             0                            0
 26Ne   26   10    3    2    1    3    5.580000   18.130001
  1   0.000000   0.0  1   1.97E-01  0                        0+  2 =    100.0000 %B-     =      0.1300 %B-N   
  2   2.018200   2.0  1             1                        2+  0
                                          1      2.018  1.000E+00  1.000E+00  2.568E-06
  3   3.691200   0.0  1             1                        0+  0
                                          2      1.673  1.000E+00  1.000E+00  3.871E-06
 27Ne   27   10    1    0    1    1    1.410000   18.480001
  1   0.000000   1.5  1   3.20E-02  0                    (3/2+)  0
 28Ne   28   10    2    1    1    1    3.890000   21.100000
  1   0.000000   0.0  1   1.90E-02  0                        0+  2 =    100.0000 %B-     =     16.0000 %B-N   
  2   1.320000  -1.0  0   2.60E-12  1                            0
                                          1      1.320  1.000E+00  1.000E+00  0.000E+00
 29Ne   29   10    1    0    1    1    1.330000   22.500002
  1   0.000000   1.5  1   1.56E-02  0                    (3/2+)  2 =    100.0000 %B-     =     27.0000 %B-N   
 30Ne   30   10    1    0    1    1    3.860000   25.350000
  1   0.000000   0.0  1   5.80E-03  0                        0+  2 =    100.0000 %B-     LT    26.0000 %B-N   
 31Ne   31   10    1    0    1    1   -0.500000    0.000000
  1   0.000000  -1.0  0   3.40E-03  0                            1 =    100.0000 %B-    
 32Ne   32   10    1    0    1    1    1.700000    0.000000
  1   0.000000   0.0  1   3.50E-03  0                        0+  1 =    100.0000 %B-    
