241Es  241   99    3    0    1    0    8.407000    1.417000
  1   0.000000   1.5 -1   1.00E+01  0                    (3/2-)  2 =      0.0000 %A             0.0000 %EC+%B+                                                                                                                                                                                  0.000000       
  2   0.160000  -1.0  0  -1.00E+00  0   X                        0                                                                                                                                                                                                                              0.160000       
  3   0.201000  -1.0  0  -1.00E+00  0   X                        0                                                                                                                                                                                                                              0.160000       
242Es  242   99    2    0    1    0    7.133000    1.815000
  1   0.000000  -1.0  0   1.78E+01  0                            3 =     57.0000 %A      =      0.6000 %B+SF   =     43.0000 %EC+%B+                                                                                                                                                            0.000000       
  2   0.300000  -1.0  0  -1.00E+00  0   Y                        0                                                                                                                                                                                                                              0.300000       
243Es  243   99    2    1    1    0    8.124000    1.928000
  1   0.000000   3.5  1   2.16E+01  0                    (7/2+)  3 =     61.0000 %A      =     39.0000 %EC+%B+ <      1.0000 %SF                                                                                                                                                                0.000000       
  2   0.210000  -1.0  0  -1.00E+00  1                            0                                                                                                                                                                                                                              0.000000       
                                          1      0.210  1.000E+00  1.000E+00  0.000E+00
244Es  244   99    3    0    1    0    6.793000    2.254000
  1   0.000000  -1.0  0   3.70E+01  0                            3 =      5.0000 %A      =      0.0100 %B+SF   =      0.0000 %EC+%B+                                                                                                                                                            0.000000       
  2   0.200000  -1.0  0  -1.00E+00  0                            0                                                                                                                                                                                                                              0.000000       
  3   0.240000  -1.0  0  -1.00E+00  0                            0                                                                                                                                                                                                                              0.000000       
245Es  245   99    4    2    1    0    7.730000    2.401000
  1   0.000000   1.5 -1   6.60E+01  0                    (3/2-)  2 =     40.0000 %A             0.0000 %EC+%B+                                                                                                                                                                                  0.000000       
  2   0.000100   3.5  1  -1.00E+00  0   X                  7/2+  0                                                                                                                                                                                                                              0.000100       
  3   0.052900  -1.0  0  -1.00E+00  0   X                        0                                                                                                                                                                                                                              0.000100       
  4   0.253300   3.5 -1  -1.00E+00  2   X                  7/2-  0                                                                                                                                                                                                                              0.000100       
                                          3      0.200  1.579E-01  1.579E-01  0.000E+00
                                          2      0.253  7.893E-01  8.421E-01  6.700E-02
246Es  246   99    1    0    1    1    6.537000    2.774000
  1   0.000000   4.0 -1   4.50E+02  0   X                   4-#  2 =      9.9000 %A      =     90.1000 %EC+%B+                                                                                                                                                                                  0.000000       
247Es  247   99    2    0    1    0    7.395000    2.802440
  1   0.000000   3.5  1   2.73E+02  0                    (7/2+)  3 ~      7.0000 %A      ~     93.0000 %EC+%B+ ~      0.0001 %SF                                                                                                                                                                0.000000       
  2   0.400000  -1.0  0  -1.00E+00  0                            0                                                                                                                                                                                                                              0.000000       
248Es  248   99    1    0    1    0    6.349000    3.092000
  1   0.000000  -1.0  0   1.62E+03  0                   2-#;0+#  3 ~      0.2500 %A      =      0.0000 %B+SF   ~    100.0000 %EC+%B+                                                                                                                                                            0.000000       
249Es  249   99    2    1    1    1    7.196000    3.352000
  1   0.000000   3.5  1   6.13E+03  0                      7/2+  2 =      0.5700 %A      ~    100.0000 %EC+%B+                                                                                                                                                                                  0.000000       
  2   0.353200  -1.0  0  -1.00E+00  1               (7/2-,9/2-)  0                                                                                                                                                                                                                              0.000000       
                                          1      0.353  9.677E-01  1.000E+00  3.340E-02
250Es  250   99    2    0    1    0    6.021000    3.788000
  1   0.000000   6.0  1   3.10E+04  0                      (6+)  2        0.0000 %A      >     97.0000 %EC+%B+                                                                                                                                                                                  0.000000       
  2   0.200000   1.0 -1   7.99E+03  0   X                  1(-)  1 <=   100.0000 %EC                                                                                                                                                                                                            0.200000       
251Es  251   99   24   38    1    0    6.785000    3.947380
  1   0.000000   1.5 -1   1.19E+05  0                    (3/2-)  2 =      0.5000 %A             0.0000 %EC                                                                                                                                                                                      0.000000  0    
  2   0.008400   3.5  1  -1.00E+00  1                    (7/2+)  0                                                                                                                                                                                                                              0.000000  1    
                                          1      0.008  2.000E-09  1.000E+00  5.000E+08
  3   0.031700   2.5 -1  -1.00E+00  0                      5/2-  0                                                                                                                                                                                                                              0.000000  0    
  4   0.055800   4.5  1  -1.00E+00  1                    (9/2+)  0                                                                                                                                                                                                                              0.000000  1    
                                          2      0.047  9.259E-03  1.000E+00  1.070E+02
  5   0.076200   3.5 -1  -1.00E+00  0                      7/2-  0                                                                                                                                                                                                                              0.000000  0    
  6   0.114100   5.5  1  -1.00E+00  0                   (11/2+)  0                                                                                                                                                                                                                              0.000000  1    
  7   0.182500   6.5  1  -1.00E+00  0                   (13/2+)  0                                                                                                                                                                                                                              0.000000  1    
  8   0.263000   7.5  1  -1.00E+00  0                   (15/2+)  0                                                                                                                                                                                                                              0.000000  1    
  9   0.411000   0.5 -1  -1.00E+00  0                    (1/2-)  0                                                                                                                                                                                                                              0.000000  2    
 10   0.452000   2.5 -1  -1.00E+00  0                    (5/2-)  0                                                                                                                                                                                                                              0.000000  2    
 11   0.461500   3.5 -1  -1.00E+00  4                      7/2-  0                                                                                                                                                                                                                              0.000000  3    
                                          5      0.385  1.076E-02  2.085E-02  9.380E-01
                                          4      0.406  3.483E-01  3.755E-01  7.800E-02
                                          3      0.430  2.920E-02  4.526E-02  5.500E-01
                                          2      0.453  5.123E-01  5.584E-01  9.000E-02
 12   0.515500  -1.0  0  -1.00E+00  0                            0                                                                                                                                                                                                                              0.000000       
 13   0.523900   4.5 -1  -1.00E+00  0                    (9/2-)  0                                                                                                                                                                                                                              0.000000  3    
 14   0.548000  -1.0  0  -1.00E+00  0               (7/2-,9/2-)  0                                                                                                                                                                                                                              0.000000  2    
 15   0.661000   0.5  1  -1.00E+00  0                    (1/2+)  0                                                                                                                                                                                                                              0.000000  4    
 16   0.778000   4.5  1  -1.00E+00  3                    (9/2+)  0                                                                                                                                                                                                                              0.000000  5    
                                          6      0.664  3.010E-02  3.372E-02  1.200E-01
                                          4      0.722  1.470E-01  1.661E-01  1.300E-01
                                          2      0.770  7.001E-01  8.001E-01  1.429E-01
 17   0.889100   5.5  1  -1.00E+00  4                   (11/2+)  0                                                                                                                                                                                                                              0.000000  6    
                                          7      0.706  8.129E-03  9.592E-03  1.800E-01
                                          6      0.775  2.831E-02  3.057E-02  8.000E-02
                                          4      0.833  2.105E-01  2.189E-01  4.000E-02
                                          2      0.881  7.258E-01  7.409E-01  2.090E-02
 18   0.942000   6.5  1  -1.00E+00  0                   (13/2+)  0                                                                                                                                                                                                                              0.000000  5    
 19   0.957500   6.5  1  -1.00E+00  4                   (13/2+)  0                                                                                                                                                                                                                              0.000000  6    
                                          8      0.695  4.814E-02  5.344E-02  1.100E-01
                                          7      0.775  1.284E-01  1.386E-01  8.000E-02
                                          6      0.843  3.691E-01  3.975E-01  7.700E-02
                                          4      0.902  4.012E-01  4.104E-01  2.300E-02
 20   1.239000   5.5  1  -1.00E+00  7                   (11/2+)  0                                                                                                                                                                                                                              0.000000       
                                         19      0.281  2.912E-02  8.678E-02  1.980E+00
                                         17      0.350  3.386E-01  7.527E-01  1.223E+00
                                         16      0.461  3.725E-02  5.863E-02  5.740E-01
                                          7      1.056  2.370E-03  2.460E-03  3.800E-02
                                          6      1.125  1.117E-02  1.153E-02  3.200E-02
                                          4      1.183  2.980E-02  3.063E-02  2.800E-02
                                          2      1.231  5.655E-02  5.725E-02  1.250E-02
 21   1.264900   5.5  1  -1.00E+00  6                   (11/2+)  0                                                                                                                                                                                                                              0.000000       
                                         19      0.307  3.732E-02  9.144E-02  1.450E+00
                                         17      0.376  3.848E-01  7.715E-01  1.005E+00
                                         16      0.487  1.154E-02  1.478E-02  2.800E-01
                                          6      1.151  1.578E-02  1.625E-02  3.000E-02
                                          4      1.209  3.655E-02  3.754E-02  2.700E-02
                                          2      1.257  6.772E-02  6.853E-02  1.200E-02
 22   1.301400  -1.0  0  -1.00E+00  2           (7/2+,9/2,11/2)  0                                                                                                                                                                                                                              0.000000       
                                          4      1.246  1.379E-01  1.379E-01  0.000E+00
                                          2      1.293  8.621E-01  8.621E-01  0.000E+00
 23   1.307200  -1.0  0  -1.00E+00  3          (7/2+,9/2,11/2+)  0                                                                                                                                                                                                                              0.000000       
                                          6      1.193  1.265E-01  1.265E-01  0.000E+00
                                          4      1.251  2.711E-01  2.711E-01  0.000E+00
                                          2      1.299  6.024E-01  6.024E-01  0.000E+00
 24   1.357000  -1.0  0  -1.00E+00  3          (7/2+,9/2,11/2+)  0                                                                                                                                                                                                                              0.000000       
                                          6      1.243  2.833E-01  2.833E-01  0.000E+00
                                          4      1.301  5.382E-01  5.382E-01  0.000E+00
                                          2      1.349  1.785E-01  1.785E-01  0.000E+00
252Es  252   99    8    4    1    0    5.289620    4.130050
  1   0.000000   4.0  1   4.08E+07  0                      (4+)  2 =     78.0000 %A      =     22.0000 %EC                                                                                                                                                                                      0.000000       
  2   0.092000  -1.0  0  -1.00E+00  0                            0                                                                                                                                                                                                                              0.000000       
  3   0.157000  -1.0  0  -1.00E+00  0                            0                                                                                                                                                                                                                              0.000000       
  4   0.234000  -1.0  0  -1.00E+00  0                            0                                                                                                                                                                                                                              0.000000       
  5   0.309000  -1.0  0  -1.00E+00  0                            0                                                                                                                                                                                                                              0.000000       
  6   0.430000  -1.0  0  -1.00E+00  1                            0                                                                                                                                                                                                                              0.000000       
                                          5      0.123  1.000E+00  1.000E+00  0.000E+00
  7   0.536000   1.0 -1  -1.00E+00  2                      (1-)  0                                                                                                                                                                                                                              0.000000       
                                          6      0.099  0.000E+00  0.000E+00  0.000E+00
                                          3      0.379  0.000E+00  0.000E+00  0.000E+00
  8   0.600000  -1.0  0  -1.00E+00  1                            0                                                                                                                                                                                                                              0.000000       
                                          3      0.445  1.000E+00  1.000E+00  0.000E+00
253Es  253   99    8    5    1    1    6.351920    4.309570
  1   0.000000   3.5  1   1.77E+06  0                      7/2+  2 =    100.0000 %A      =      0.0000 %SF                                                                                                                                                                                      0.000000  0    
  2   0.046300   4.5  1  -1.00E+00  1                    (9/2+)  0                                                                                                                                                                                                                              0.000000  0    
                                          1      0.046  1.996E-03  1.000E+00  5.000E+02
  3   0.080000   5.5  1  -1.00E+00  0                   (11/2+)  0                                                                                                                                                                                                                              0.000000  0    
  4   0.106000  -1.0  0  -1.00E+00  0                            0                                                                                                                                                                                                                              0.000000       
  5   0.139000   2.5 -1  -1.00E+00  0                    (5/2-)  0                                                                                                                                                                                                                              0.000000  1    
  6   0.181300   3.5 -1  -1.00E+00  1                    (7/2-)  0                                                                                                                                                                                                                              0.000000  1    
                                          1      0.181  7.143E-01  1.000E+00  4.000E-01
  7   0.371400   3.5 -1  -1.00E+00  2                    (7/2-)  0                                                                                                                                                                                                                              0.000000  2    
                                          2      0.325  1.632E-01  1.763E-01  8.000E-02
                                          1      0.371  7.771E-01  8.237E-01  6.000E-02
  8   0.435000   4.5 -1  -1.00E+00  1                    (9/2-)  0                                                                                                                                                                                                                              0.000000  2    
                                          2      0.389  9.506E-01  1.000E+00  5.200E-02
254Es  254   99   10   12    1    0    5.093810    4.599100
  1   0.000000   7.0  1   2.38E+07  0                      (7+)  2 ~    100.0000 %A      =      0.0300 %EC                                                                                                                                                                                      0.000000  0    
  2   0.080100   8.0  1  -1.00E+00  1                      (8+)  1 0.0032     0.0032 %A                                                                                                                                                                                                         0.000000  0    
                                          1      0.080  2.439E-02  1.000E+00  4.000E+01
  3   0.084200   2.0  1   1.41E+05  0                        2+  5 =     98.0000 %B-     <      3.0000 %IT     =      0.3200 %A      =      0.0760 %EC     <      0.0450 %SF                                                                                                                    0.000000       
  4   0.171100   9.0  1  -1.00E+00  2                      (9+)  0                                                                                                                                                                                                                              0.000000  0    
                                          2      0.091  2.230E-02  5.798E-01  2.500E+01
                                          1      0.171  8.576E-02  4.202E-01  3.900E+00
  5   0.214700  -1.0  0  -1.00E+00  0                            0                                                                                                                                                                                                                              0.000000       
  6   0.289900  -1.0  0  -1.00E+00  0                            0                                                                                                                                                                                                                              0.000000       
  7   0.376800  -1.0  0  -1.00E+00  3                            0                                                                                                                                                                                                                              0.000000       
                                          4      0.206  1.438E-01  1.438E-01  0.000E+00
                                          2      0.297  6.536E-01  6.536E-01  0.000E+00
                                          1      0.377  2.026E-01  2.026E-01  0.000E+00
  8   0.402000  -1.0  0  -1.00E+00  0                            0                                                                                                                                                                                                                              0.000000       
  9   0.447900   8.0 -1  -1.00E+00  4                      (8-)  0                                                                                                                                                                                                                              0.000000       
                                          7      0.071  4.567E-02  4.567E-02  0.000E+00
                                          4      0.277  1.153E-01  1.303E-01  1.300E-01
                                          2      0.368  5.709E-01  6.052E-01  6.000E-02
                                          1      0.448  2.112E-01  2.188E-01  3.600E-02
 10   0.469200  -1.0  0  -1.00E+00  2                            0                                                                                                                                                                                                                              0.000000       
                                          4      0.298  3.197E-01  3.197E-01  0.000E+00
                                          2      0.389  6.803E-01  6.803E-01  0.000E+00
255Es  255   99    1    0    1    0    5.972890    4.540420
  1   0.000000   3.5  1   3.44E+06  0                    (7/2+)  3 =      8.0000 %A      =     92.0000 %B-     =      0.0041 %SF                                                                                                                                                                0.000000       
256Es  256   99    2    0    1    0    4.975000    4.912000
  1   0.000000  -1.0  0   1.52E+03  0                   (1+;0-)  1 =    100.0000 %B-                                                                                                                                                                                                            0.000000       
  2   0.100000   8.0  1   2.74E+04  0   X                  (8+)  1 =    100.0000 %B-                                                                                                                                                                                                            0.100000       
257Es  257   99    1    0    1    1    5.855000    4.926000
  1   0.000000   3.5  1   6.65E+05  0                     7/2+#  2 =      0.0004 %A      =    100.0000 %B-                                                                                                                                                                                      0.000000       
