245Md  245  101    2    0    1    0    0.000000    0.982000
  1   0.000000   3.5 -1   4.00E-01  0                    (7/2-)  2 =      0.0000 %A             0.0000 %EC+%B+                                                                                                                                                                                  0.000000       
  2   0.100000   0.5 -1   9.00E-04  0                    (1/2-)  2 ?      0.0000 %A      ?      0.0000 %SF                                                                                                                                                                                      0.000000       
246Md  246  101    2    0    1    0    7.229000    1.361000
  1   0.000000  -1.0  0   9.20E-01  0   X                        1 =    100.0000 %A                                                                                                                                                                                                             0.000000       
  2   0.060000  -1.0  0   4.40E+00  0   Y                        2 >     77.0000 %EC     <     23.0000 %A                                                                                                                                                                                       0.060000       
247Md  247  101    1    0    1    0    8.249000    1.540000
  1   0.000000   3.5 -1   1.19E+00  0                    (7/2-)  2 ~    100.0000 %A      <      0.1000 %SF                                                                                                                                                                                      0.000000       
248Md  248  101    1    0    1    0    6.860000    1.814000
  1   0.000000  -1.0  0   7.00E+00  0                            2 =     20.0000 %A      =     80.0000 %EC+%B+                                                                                                                                                                                  0.000000       
249Md  249  101    3    0    1    0    7.987000    1.954000
  1   0.000000   3.5 -1   2.34E+01  0                    (7/2-)  2 >     60.0000 %A             0.0000 %EC+%B+                                                                                                                                                                                  0.000000       
  2   0.000100   0.5 -1   1.90E+00  0   X                (1/2-)  0                                                                                                                                                                                                                              0.000100       
  3   0.000200  -1.0  0  -1.00E+00  0   Y                        0                                                                                                                                                                                                                              0.000200       
250Md  250  101    3    0    1    0    6.673000    2.178000
  1   0.000000  -1.0  0   5.20E+01  0                            3 =      7.0000 %A      =      0.0200 %B+SF   =     93.0000 %EC+%B+                                                                                                                                                            0.000000       
  2   0.250000  -1.0  0  -1.00E+00  0                            0                                                                                                                                                                                                                              0.000000       
  3   0.310000  -1.0  0  -1.00E+00  0                            0                                                                                                                                                                                                                              0.000000       
251Md  251  101   14   11    1    0    7.736000    2.395510
  1   0.000000   3.5 -1   2.53E+02  0                    (7/2-)  2 =     10.0000 %A             0.0000 %EC+%B+                                                                                                                                                                                  0.000000       
  2   0.055000   0.5 -1  -1.00E+00  0                    (1/2-)  0                                                                                                                                                                                                                              0.000000  0    
  3   0.095000   2.5 -1  -1.00E+00  1                    (5/2-)  0                                                                                                                                                                                                                              0.000000  0    
                                          2      0.040  9.090E-05  1.000E+00  1.100E+04
  4   0.135000   5.5 -1  -1.00E+00  0                   (11/2-)  0                                                                                                                                                                                                                              0.000000       
  5   0.188000   4.5 -1  -1.00E+00  1                    (9/2-)  0                                                                                                                                                                                                                              0.000000  0    
                                          3      0.093  1.099E-02  1.000E+00  9.000E+01
  6   0.335000   6.5 -1  -1.00E+00  1                   (13/2-)  0                                                                                                                                                                                                                              0.000000  0    
                                          5      0.147  1.000E-01  1.000E+00  9.000E+00
  7   0.530400   8.5 -1  -1.00E+00  1                   (17/2-)  0                                                                                                                                                                                                                              0.000000  0    
                                          6      0.195  2.778E-01  1.000E+00  2.600E+00
  8   0.775300  10.5 -1  -1.00E+00  1                   (21/2-)  0                                                                                                                                                                                                                              0.000000  0    
                                          7      0.245  4.762E-01  1.000E+00  1.100E+00
  9   1.067000  12.5 -1  -1.00E+00  1                   (25/2-)  0                                                                                                                                                                                                                              0.000000  0    
                                          8      0.292  6.369E-01  1.000E+00  5.700E-01
 10   1.403100  14.5 -1  -1.00E+00  1                   (29/2-)  0                                                                                                                                                                                                                              0.000000  0    
                                          9      0.336  7.407E-01  1.000E+00  3.500E-01
 11   1.779900  16.5 -1  -1.00E+00  1                   (33/2-)  0                                                                                                                                                                                                                              0.000000  0    
                                         10      0.377  8.065E-01  1.000E+00  2.400E-01
 12   2.195000  18.5 -1  -1.00E+00  1                   (37/2-)  0                                                                                                                                                                                                                              0.000000  0    
                                         11      0.415  8.475E-01  1.000E+00  1.800E-01
 13   2.644800  20.5 -1  -1.00E+00  1                   (41/2-)  0                                                                                                                                                                                                                              0.000000  0    
                                         12      0.450  8.772E-01  1.000E+00  1.400E-01
 14   3.127800  22.5 -1  -1.00E+00  1                   (45/2-)  0                                                                                                                                                                                                                              0.000000  0    
                                         13      0.483  8.929E-01  1.000E+00  1.200E-01
252Md  252  101    7    0    1    0    6.528000    2.732000
  1   0.000000  -1.0  0   1.38E+02  0                            2        0.0000 %A      >     50.0000 %EC+%B+                                                                                                                                                                                  0.000000       
  2   0.056000  -1.0  0  -1.00E+00  0                            0                                                                                                                                                                                                                              0.000000       
  3   0.165000  -1.0  0  -1.00E+00  0                            0                                                                                                                                                                                                                              0.000000       
  4   0.211000  -1.0  0  -1.00E+00  0                            0                                                                                                                                                                                                                              0.000000       
  5   0.253000  -1.0  0  -1.00E+00  0                            0                                                                                                                                                                                                                              0.000000       
  6   0.294000  -1.0  0  -1.00E+00  0                            0                                                                                                                                                                                                                              0.000000       
  7   0.366000  -1.0  0  -1.00E+00  0                            0                                                                                                                                                                                                                              0.000000       
253Md  253  101    3    0    1    0    7.407000    2.932000
  1   0.000000   3.5 -1   7.20E+02  0                    (7/2-)  2 =      0.6000 %A      ~    100.0000 %EC+%B+                                                                                                                                                                                  0.000000       
  2   0.060000  -1.0  0  -1.00E+00  0                            0                                                                                                                                                                                                                              0.000000       
  3   1.000000  -1.0  0  -1.00E+00  0                            0                                                                                                                                                                                                                              0.000000       
254Md  254  101    6    0    1    1    5.791000    3.184000
  1   0.000000   0.0 -1   6.00E+02  0   X                   0-#  2        0.0000 %A      ~    100.0000 %EC+%B+                                                                                                                                                                                  0.000000       
  2   0.050000  -1.0  0   1.68E+03  0   Y                        1 <=   100.0000 %EC                                                                                                                                                                                                            0.050000       
  3   0.083000  -1.0  0  -1.00E+00  0                            0                                                                                                                                                                                                                              0.000000       
  4   0.114000  -1.0  0  -1.00E+00  0                            0                                                                                                                                                                                                                              0.000000       
  5   0.144000  -1.0  0  -1.00E+00  0                            0                                                                                                                                                                                                                              0.000000       
  6   0.175000  -1.0  0  -1.00E+00  0                            0                                                                                                                                                                                                                              0.000000       
255Md  255  101    2    0    1    0    6.681000    3.348980
  1   0.000000   3.5 -1   1.62E+03  0                    (7/2-)  3 =      8.0000 %A      =     92.0000 %EC+%B+ <      0.1500 %SF                                                                                                                                                                0.000000       
  2   0.012000   0.5 -1  -1.00E+00  0                    (1/2-)  0                                                                                                                                                                                                                              0.000000       
256Md  256  101    2    0    1    1    5.459000    3.633000
  1   0.000000   7.0 -1   1.80E+03  0                       7-#  3        0.0000 %A             0.0000 %EC+%B+        0.0000 %SF                                                                                                                                                                0.000000       
  2   0.145000  -1.0  0  -1.00E+00  0                            0                                                                                                                                                                                                                              0.000000       
257Md  257  101    1    0    1    0    6.531000    3.779180
  1   0.000000   3.5 -1   1.99E+04  0                    (7/2-)  3 =     15.0000 %A      =     85.0000 %EC     <      4.0000 %SF                                                                                                                                                                0.000000       
258Md  258  101    2    0    1    1    5.380130    4.191360
  1   0.000000   8.0 -1   4.45E+06  0                       8-#  3 ~    100.0000 %A      <      0.0015 %B-     <      0.0015 %EC+%B+                                                                                                                                                            0.000000       
  2   0.200000  -1.0  0   3.42E+03  0   X                        3 >=    70.0000 %EC     <=    30.0000 %SF+B-  0.30     0.3000 %B-                                                                                                                                                              0.200000       
259Md  259  101    2    0    1    1    6.134000    4.090000
  1   0.000000   3.5 -1   5.76E+03  0                     7/2-#  2 <      1.3000 %A      =      0.0000 %SF                                                                                                                                                                                      0.000000       
  2   0.000100  -1.0  0  -1.00E+00  0   X                        0                                                                                                                                                                                                                              0.000100       
260Md  260  101    1    0    1    0    5.145000    4.442000
  1   0.000000  -1.0  0   2.40E+06  0                            4 <      5.0000 %A      <      3.5000 %B-     <      5.0000 %EC     =      0.0000 %SF                                                                                                                                          0.000000       
