250No  250  102    1    0    1    1    8.379001    3.106000
  1   0.000000   0.0  1   2.50E-04  0                        0+  3 =      0.0010 %EC+%B+ =      0.1000 %A      LE   100.0000 %SF    
251No  251  102    1    0    1    1    6.700000    3.100000
  1   0.000000   3.5  1   8.00E-01  0                    (7/2+)  3 ?      0.0000 %EC+%B+ LE   100.0000 %A      ?      0.0000 %SF    
252No  252  102    1    0    1    1    8.066000    3.519000
  1   0.000000   0.0  1   2.27E+00  0                        0+  3 =     23.0000 %EC+%B+ =     58.0000 %A      =     19.0000 %SF    
253No  253  102    2    0    1    1    6.500000    3.550000
  1   0.000000   4.5 -1   9.72E+01  0                    (9/2-)  2 ?      0.0000 %EC+%B+ LE   100.0000 %A     
  2   0.054000   5.5 -1             0                   (11/2-)  0
254No  254  102   11   10    1    1    7.790000    3.870000
  1   0.000000   0.0  1   5.10E+01  0                        0+  3 =     10.0000 %EC     =     90.0000 %A      =      0.1700 %SF    
  2   0.044200   2.0  1             1                      (2+)  0
                                          1      0.044  0.000E+00  0.000E+00  1.431E+03
  3   0.146200   4.0  1             1                      (4+)  0
                                          2      0.102  0.000E+00  0.000E+00  2.718E+01
  4   0.305100   6.0  1             1                      (6+)  0
                                          3      0.159  0.000E+00  0.000E+00  3.793E+00
  5   0.519200   8.0  1             1                      (8+)  0
                                          4      0.214  0.000E+00  0.000E+00  1.149E+00
  6   0.786400  10.0  1             1                     (10+)  0
                                          5      0.267  0.000E+00  0.000E+00  5.164E-01
  7   1.104600  12.0  1             1                     (12+)  0
                                          6      0.318  0.000E+00  0.000E+00  2.917E-01
  8   1.471100  14.0  1             1                     (14+)  0
                                          7      0.367  0.000E+00  0.000E+00  1.912E-01
  9   1.885100  16.0  1             1                     (16+)  0
                                          8      0.414  0.000E+00  0.000E+00  1.363E-01
 10   2.341000  18.0  1             1                     (18+)  0
                                          9      0.456  0.000E+00  0.000E+00  1.059E-01
 11   2.839000  20.0  1             1                     (20+)  0
                                         10      0.498  0.000E+00  0.000E+00  8.509E-02
255No  255  102    1    0    1    1    5.944000    4.020000
  1   0.000000   0.5  1   1.86E+02  0                    (1/2+)  2 =     39.0000 %EC+%B+ =     61.0000 %A     
256No  256  102    1    0    1    1    7.099000    4.308000
  1   0.000000   0.0  1   2.91E+00  0                        0+  2 =     99.5000 %A      =      0.5300 %SF    
257No  257  102    1    0    1    1    5.670000    4.680000
  1   0.000000   3.5  1   2.50E+01  0                    (7/2+)  1 LE   100.0000 %A     
258No  258  102    1    0    1    1    6.820000    4.810000
  1   0.000000   0.0  1   1.20E-03  0                        0+  1 LE   100.0000 %SF    
259No  259  102    1    0    1    1    5.440000    4.870000
  1   0.000000  -1.0  0   3.48E+03  0                            3 =     25.0000 %EC+%B+ =     75.0000 %A      <     10.0000 %SF    
260No  260  102    1    0    1    1    6.570000    5.302000
  1   0.000000   0.0  1   1.06E-01  0                        0+  1 =    100.0000 %SF    
262No  262  102    1    0    1    1    6.420000    0.000000
  1   0.000000   0.0  1   5.00E-03  0                        0+  1 =    100.0000 %SF    
