252Lr  252  103    4    0    1    0    7.061000    1.401000
  1   0.000000  -1.0  0   3.69E-01  0                            3 =      0.0000 %A      =     71.0000 %EC+%B+ <      1.0000 %SF                                                                                                                                                                0.000000       
  2   0.046000  -1.0  0  -1.00E+00  0                            0                                                                                                                                                                                                                              0.000000       
  3   0.108000  -1.0  0  -1.00E+00  0                            0                                                                                                                                                                                                                              0.000000       
  4   0.233000  -1.0  0  -1.00E+00  0                            0                                                                                                                                                                                                                              0.000000       
253Lr  253  103    3    0    1    0    8.233000    1.584000
  1   0.000000   3.5 -1   6.32E-01  0                    (7/2-)  3 =     90.0000 %A      =      1.0000 %EC+%B+ =      2.6000 %SF                                                                                                                                                                0.000000       
  2   0.000100   0.5 -1   1.49E+00  0   Y                (1/2-)  2 =     92.0000 %A      =      8.0000 %SF                                                                                                                                                                                      0.000100       
  3   0.107000   4.5 -1  -1.00E+00  0                    (9/2-)  0                                                                                                                                                                                                                              0.000000       
254Lr  254  103    6    0    1    0    6.775000    1.776000
  1   0.000000  -1.0  0   1.71E+01  0                            3 =     72.0000 %A      =     28.0000 %EC+%B+        0.0000 %SF                                                                                                                                                                0.000000       
  2   0.100000  -1.0  0  -1.00E+00  0                            0                                                                                                                                                                                                                              0.000000       
  3   0.205000  -1.0  0  -1.00E+00  0                            0                                                                                                                                                                                                                              0.000000       
  4   0.240000  -1.0  0  -1.00E+00  0                            0                                                                                                                                                                                                                              0.000000       
  5   0.325000  -1.0  0  -1.00E+00  0                            0                                                                                                                                                                                                                              0.000000       
  6   0.396000  -1.0  0  -1.00E+00  0                            0                                                                                                                                                                                                                              0.000000       
255Lr  255  103   10    8    1    0    7.997000    2.066320
  1   0.000000   0.5 -1   3.11E+01  0                    (1/2-)  3 =      0.0000 %A      =     26.0000 %EC+%B+ <      1.0000 %SF                                                                                                                                                                0.000000       
  2   0.038000   3.5 -1   2.54E+00  0                    [7/2-]  2 ~     60.0000 %IT     ~     40.0000 %A                                                                                                                                                                                       0.000000  0    
  3   0.196600   2.5 -1  -1.00E+00  1                      5/2-  0                                                                                                                                                                                                                              0.000000  2    
                                          1      0.197  2.500E-01  1.000E+00  3.000E+00
  4   0.443800   4.5 -1  -1.00E+00  1                      9/2-  0                                                                                                                                                                                                                              0.000000  2    
                                          3      0.247  4.545E-01  1.000E+00  1.200E+00
  5   0.466000   7.5 -1  -1.00E+00  1                   (15/2-)  0                                                                                                                                                                                                                              0.000000  0    
                                          3      0.239  1.000E+00  1.000E+00  0.000E+00
  6   0.740000   6.5 -1  -1.00E+00  1                   (13/2-)  0                                                                                                                                                                                                                              0.000000  2    
                                          4      0.296  6.173E-01  1.000E+00  6.200E-01
  7   1.082900   8.5 -1  -1.00E+00  1                   (17/2-)  0                                                                                                                                                                                                                              0.000000  2    
                                          6      0.343  7.246E-01  1.000E+00  3.800E-01
  8   1.469900  10.5 -1  -1.00E+00  1                   (21/2-)  0                                                                                                                                                                                                                              0.000000  2    
                                          7      0.387  7.937E-01  1.000E+00  2.600E-01
  9   1.476400  13.5 -1  -1.00E+00  1                   (27/2-)  0                                                                                                                                                                                                                              0.000000  0    
                                          7      0.384  1.000E+00  1.000E+00  0.000E+00
 10   1.899900  12.5 -1  -1.00E+00  1                   (25/2-)  0                                                                                                                                                                                                                              0.000000  2    
                                          8      0.430  8.403E-01  1.000E+00  1.900E-01
256Lr  256  103    4    0    1    0    6.272020    2.349610
  1   0.000000  -1.0  0   2.70E+01  0                            3 =     85.0000 %A      =     15.0000 %EC+%B+ <      0.0300 %SF                                                                                                                                                                0.000000       
  2   0.108000  -1.0  0  -1.00E+00  0                            0                                                                                                                                                                                                                              0.000000       
  3   0.154000  -1.0  0  -1.00E+00  0                            0                                                                                                                                                                                                                              0.000000       
  4   0.188000  -1.0  0  -1.00E+00  0                            0                                                                                                                                                                                                                              0.000000       
257Lr  257  103    2    0    1    0    7.211000    2.506000
  1   0.000000   0.5 -1   6.00E+00  0                    (1/2-)  3 ~    100.0000 %A      =      0.0100 %EC+%B+ =      0.0010 %SF                                                                                                                                                                0.000000       
  2   0.150000  -1.0  0  -1.00E+00  0                            0                                                                                                                                                                                                                              0.000000       
258Lr  258  103    4    0    1    0    5.895000    2.756000
  1   0.000000  -1.0  0   4.10E+00  0                            2 >     95.0000 %A      <      5.0000 %EC+%B+                                                                                                                                                                                  0.000000       
  2   0.240000  -1.0  0  -1.00E+00  0   X                        0                                                                                                                                                                                                                              0.240000       
  3   0.382000  -1.0  0  -1.00E+00  0   X                        0                                                                                                                                                                                                                              0.240000       
  4   0.463000  -1.0  0  -1.00E+00  0   X                        0                                                                                                                                                                                                                              0.240000       
259Lr  259  103    2    0    1    1    7.002000    2.915000
  1   0.000000   0.5 -1   6.20E+00  0                     1/2-#  3 =     78.0000 %A      =      0.6000 %EC+%B+ =     22.0000 %SF                                                                                                                                                                0.000000       
  2   0.350000  -1.0  0  -1.00E+00  0   X                        0                                                                                                                                                                                                                              0.350000       
260Lr  260  103    1    0    1    0    5.647000    3.123000
  1   0.000000  -1.0  0   1.80E+02  0                            2 =     80.0000 %A      =     20.0000 %EC+%B+                                                                                                                                                                                  0.000000       
261Lr  261  103    1    0    1    0    6.787000    3.339000
  1   0.000000  -1.0  0   2.34E+03  0                            2        0.0000 %A      =      0.0000 %SF                                                                                                                                                                                      0.000000       
262Lr  262  103    1    0    1    0    5.530000    3.641000
  1   0.000000  -1.0  0   1.44E+04  0                            3        0.0000 %A      =      0.0000 %EC+%B+ <     10.0000 %SF                                                                                                                                                                0.000000       
