253Rf  253  104    1    0    1    0    0.000000    2.470000
  1   0.000000   3.5  1   1.30E-02  0                 (7/2)(+#)  2        0.0000 %A      =      0.0000 %SF                                                                                                                                                                                      0.000000       
254Rf  254  104    1    0    1    1    8.430000    2.667000
  1   0.000000   0.0  1   2.30E-05  0                        0+  2 <      1.5000 %A      =      0.0000 %SF                                                                                                                                                                                      0.000000       
255Rf  255  104    4    0    1    0    6.939000    2.831000
  1   0.000000   4.5 -1   1.66E+00  0                    (9/2-)  3 =      0.0000 %A      <      1.0000 %EC+%B+ =     52.0000 %SF                                                                                                                                                                0.000000       
  2   0.063000  -1.0  0  -1.00E+00  0                            0                                                                                                                                                                                                                              0.000000       
  3   0.121000  -1.0  0  -1.00E+00  0                            0                                                                                                                                                                                                                              0.000000       
  4   0.656000  -1.0  0  -1.00E+00  0                            0                                                                                                                                                                                                                              0.000000       
256Rf  256  104    2    0    1    1    8.179000    3.013590
  1   0.000000   0.0  1   6.64E-03  0                        0+  2 =      0.3200 %A      =      0.0000 %SF                                                                                                                                                                                      0.000000       
  2   0.051000   2.0  1  -1.00E+00  0                      (2+)  0                                                                                                                                                                                                                              0.000000       
257Rf  257  104   11   15    1    0    6.426390    3.167960
  1   0.000000   0.5  1   4.82E+00  0                    (1/2+)  3 =      0.0000 %A      =     19.4000 %EC+%B+ =      1.3000 %SF                                                                                                                                                                0.000000       
  2   0.050000   2.5  1  -1.00E+00  0                    [5/2+]  0                                                                                                                                                                                                                              0.000000       
  3   0.075000   5.5 -1   4.10E+00  0                   (11/2-)  3 =     88.0000 %A      =     11.0000 %EC     <=     1.4000 %SF                                                                                                                                                                0.000000  0    
  4   0.148000   6.5 -1  -1.00E+00  1                   (13/2-)  0                                                                                                                                                                                                                              0.000000  0    
                                          3      0.073  1.000E+00  1.000E+00  0.000E+00
  5   0.157000   1.5  1  -1.00E+00  2                    (3/2+)  0                                                                                                                                                                                                                              0.000000       
                                          2      0.107  0.000E+00  0.000E+00  0.000E+00
                                          1      0.157  0.000E+00  0.000E+00  0.000E+00
  6   0.234000   7.5 -1  -1.00E+00  2                   (15/2-)  0                                                                                                                                                                                                                              0.000000  0    
                                          4      0.086  0.000E+00  0.000E+00  0.000E+00
                                          3      0.159  0.000E+00  0.000E+00  0.000E+00
  7   0.334000   8.5 -1  -1.00E+00  2                   (17/2-)  0                                                                                                                                                                                                                              0.000000  0    
                                          6      0.100  0.000E+00  0.000E+00  0.000E+00
                                          4      0.186  0.000E+00  0.000E+00  0.000E+00
  8   0.446000   9.5 -1  -1.00E+00  2                   (19/2-)  0                                                                                                                                                                                                                              0.000000  0    
                                          7      0.112  0.000E+00  0.000E+00  0.000E+00
                                          6      0.212  0.000E+00  0.000E+00  0.000E+00
  9   0.572000  10.5 -1  -1.00E+00  2                   (21/2-)  0                                                                                                                                                                                                                              0.000000  0    
                                          8      0.126  0.000E+00  0.000E+00  0.000E+00
                                          7      0.238  0.000E+00  0.000E+00  0.000E+00
 10   0.711000  11.5 -1  -1.00E+00  2                   (23/2-)  0                                                                                                                                                                                                                              0.000000  0    
                                          9      0.139  0.000E+00  0.000E+00  0.000E+00
                                          8      0.265  0.000E+00  0.000E+00  0.000E+00
 11   1.157000  -1.0  0   1.40E-04  2               (21/2,23/2)  0                                                                                                                                                                                                                              0.000000       
                                         10      0.446  0.000E+00  0.000E+00  0.000E+00
                                          9      0.585  0.000E+00  0.000E+00  0.000E+00
258Rf  258  104    1    0    1    1    7.596670    3.554000
  1   0.000000   0.0  1   1.38E-02  0                        0+  2 =     13.0000 %A      =     87.0000 %SF                                                                                                                                                                                      0.000000       
259Rf  259  104    3    0    1    1    6.051000    3.711000
  1   0.000000   3.5  1   2.63E+00  0                     7/2+#  3 =     92.0000 %A      =      0.3000 %EC+%B+ =      8.0000 %SF                                                                                                                                                                0.000000       
  2   0.000100  -1.0  0  -1.00E+00  0   X                        0                                                                                                                                                                                                                              0.000100       
  3   0.203100  -1.0  0  -1.00E+00  0   X                        0                                                                                                                                                                                                                              0.000100       
260Rf  260  104    1    0    1    1    7.285000    3.993000
  1   0.000000   0.0  1   2.10E-02  0                        0+  3 =      2.0000 %A      =      0.0100 %EC     =      0.0000 %SF                                                                                                                                                                0.000000       
261Rf  261  104    2    0    1    1    5.898000    4.244000
  1   0.000000   1.5  1   2.20E+00  0                     3/2+#  2 =     27.0000 %A      =     73.0000 %SF                                                                                                                                                                                      0.000000       
  2   0.070000  -1.0  0   7.80E+01  0                            1 <     11.0000 %SF                                                                                                                                                                                                            0.000000       
262Rf  262  104    2    0    1    1    6.999000    4.457000
  1   0.000000   0.0  1   2.50E-01  0                        0+  1 ~    100.0000 %SF                                                                                                                                                                                                            0.000000       
  2   0.254000  -1.0  0  -1.00E+00  0                            0                                                                                                                                                                                                                              0.000000       
263Rf  263  104    1    0    1    1    5.677000    4.604000
  1   0.000000   1.5  1   6.60E+02  0                     3/2+#  2 =     30.0000 %A      =      0.0000 %SF                                                                                                                                                                                      0.000000       
265Rf  265  104    1    0    1    1    5.458000    4.976000
  1   0.000000   1.5  1   3.96E+02  0   X                 3/2+#  2        0.0000 %A      ~    100.0000 %SF                                                                                                                                                                                      0.000000       
267Rf  267  104    1    0    1    0    4.703000    5.466000
  1   0.000000  -1.0  0   9.00E+03  0   X                        1 =    100.0000 %SF                                                                                                                                                                                                            0.000000       
