255Db  255  105    1    0    1    0    0.000000    0.754000
  1   0.000000  -1.0  0   1.70E+00  0                            2        0.0000 %A      ~     20.0000 %SF                                                                                                                                                                                      0.000000       
256Db  256  105    1    0    1    0    7.305000    1.121000
  1   0.000000  -1.0  0   1.90E+00  0                            3 =     67.0000 %A      =     33.0000 %EC+%B+ =      0.0000 %SF                                                                                                                                                                0.000000       
257Db  257  105    5    4    1    0    8.362000    1.303000
  1   0.000000   4.5  1   2.30E+00  0                    (9/2+)  3 >     94.0000 %A      =      1.0000 %EC+%B+ <      6.0000 %SF                                                                                                                                                                0.000000       
  2   0.250000   3.5 -1  -1.00E+00  0                    (7/2-)  0                                                                                                                                                                                                                              0.000000       
  3   0.370000   0.5 -1   6.70E-01  0                    (1/2-)  2 >=    87.0000 %A      <=    13.0000 %SF                                                                                                                                                                                      0.000000       
  4   0.470000   1.5 -1  -1.00E+00  1                    [3/2-]  0                                                                                                                                                                                                                              0.000000       
                                          3      0.100  1.000E+00  1.000E+00  0.000E+00
  5   0.600000   2.5 -1  -1.00E+00  3                    (5/2-)  0                                                                                                                                                                                                                              0.000000       
                                          4      0.160  0.000E+00  0.000E+00  0.000E+00
                                          3      0.230  0.000E+00  0.000E+00  0.000E+00
                                          2      0.350  0.000E+00  0.000E+00  0.000E+00
258Db  258  105    5    0    1    0    6.481000    1.358000
  1   0.000000  -1.0  0   4.50E+00  0                            3 =     63.0000 %A      =     37.0000 %EC+%B+ <      1.0000 %SF                                                                                                                                                                0.000000       
  2   0.000100  -1.0  0  -1.00E+00  0   Z                        0                                                                                                                                                                                                                              0.000100       
  3   0.150100  -1.0  0   2.00E+01  0   Y                        1 ~    100.0000 %EC                                                                                                                                                                                                            0.150100       
  4   0.317100  -1.0  0  -1.00E+00  0   Z                        0                                                                                                                                                                                                                              0.000100       
  5   0.386100  -1.0  0  -1.00E+00  0   Z                        0                                                                                                                                                                                                                              0.000100       
259Db  259  105    1    0    1    0    7.879000    1.640220
  1   0.000000  -1.0  0   5.10E-01  0                            1 =    100.0000 %A                                                                                                                                                                                                             0.000000       
260Db  260  105    3    0    1    0    6.390000    1.978000
  1   0.000000  -1.0  0   1.52E+00  0                            3 >     90.4000 %A      <      2.5000 %EC+%B+ <      9.6000 %SF                                                                                                                                                                0.000000       
  2   0.200000  -1.0  0  -1.00E+00  0                            0                                                                                                                                                                                                                              0.000000       
  3   0.346000  -1.0  0  -1.00E+00  0                            0                                                                                                                                                                                                                              0.000000       
261Db  261  105    1    0    1    0    7.494000    2.188000
  1   0.000000  -1.0  0   4.50E+00  0                            2 =      0.0000 %A      =     73.0000 %SF                                                                                                                                                                                      0.000000       
262Db  262  105    2    0    1    0    6.064000    2.354000
  1   0.000000  -1.0  0   3.50E+01  0                            3 ~     67.0000 %A      =      3.0000 %EC+%B+ ~     30.0000 %SF                                                                                                                                                                0.000000       
  2   0.050000  -1.0  0  -1.00E+00  0   X                        0                                                                                                                                                                                                                              0.050000       
263Db  263  105    1    0    1    0    7.216000    2.571000
  1   0.000000  -1.0  0   2.90E+01  0                            3 =      0.0000 %A      =      6.9000 %EC+%B+ =     56.0000 %SF                                                                                                                                                                0.000000       
265Db  265  105    1    0    1    0    6.947000    2.879000
  1   0.000000  -1.0  0   9.00E+02  0                            1        0.0000 %A                                                                                                                                                                                                             0.000000       
266Db  266  105    1    0    1    0    5.820000    3.241000
  1   0.000000  -1.0  0   4.80E+03  0   X                        3        0.0000 %A             0.0000 %EC+%B+        0.0000 %SF                                                                                                                                                                0.000000       
267Db  267  105    1    0    1    0    6.734000    3.290000
  1   0.000000  -1.0  0   1.66E+04  0   X                        1 =    100.0000 %SF                                                                                                                                                                                                            0.000000       
268Db  268  105    1    0    1    0    5.085000    3.672000
  1   0.000000  -1.0  0   1.11E+05  0   X                        2        0.0000 %EC+%B+ ~    100.0000 %SF                                                                                                                                                                                      0.000000       
270Db  270  105    1    0    1    0    4.863000    0.000000
  1   0.000000  -1.0  0   3.24E+05  0   X                        1 =    100.0000 %SF                                                                                                                                                                                                            0.000000       
