258Sg  258  106    1    0    1    1    0.000000    2.254000
  1   0.000000   0.0  1   2.70E-03  0                        0+  2 <     20.0000 %A      =      0.0000 %SF                                                                                                                                                                                      0.000000       
259Sg  259  106    1    0    1    1    6.755000    2.528000
  1   0.000000   0.5  1   2.80E-01  0                     1/2+#  2 =     90.0000 %A      <     20.0000 %SF                                                                                                                                                                                      0.000000       
260Sg  260  106    1    0    1    1    8.082000    2.731880
  1   0.000000   0.0  1   4.95E-03  0                        0+  2 =     40.0000 %A      =     60.0000 %SF                                                                                                                                                                                      0.000000       
261Sg  261  106    7    0    1    0    6.613200    2.955000
  1   0.000000   1.5  1   1.83E-01  0                    (3/2+)  3 =     98.1000 %A      =      1.3000 %EC+%B+ =      0.6000 %SF                                                                                                                                                                0.000000       
  2   0.056000  -1.0  0  -1.00E+00  0                            0                                                                                                                                                                                                                              0.000000       
  3   0.127000  -1.0  0  -1.00E+00  0                            0                                                                                                                                                                                                                              0.000000       
  4   0.156000  -1.0  0  -1.00E+00  0                            0                                                                                                                                                                                                                              0.000000       
  5   0.185000  -1.0  0  -1.00E+00  0                            0                                                                                                                                                                                                                              0.000000       
  6   0.212000  -1.0  0  -1.00E+00  0                            0                                                                                                                                                                                                                              0.000000       
  7   0.396000  -1.0  0  -1.00E+00  0                            0                                                                                                                                                                                                                              0.000000       
262Sg  262  106    1    0    1    1    7.710630    3.172000
  1   0.000000   0.0  1   1.09E-02  0                        0+  2        0.0000 %A      ~    100.0000 %SF                                                                                                                                                                                      0.000000       
263Sg  263  106    3    0    1    1    6.248000    3.356000
  1   0.000000   3.5  1   9.40E-01  0                     7/2+#  2 =     87.0000 %A      =     13.0000 %SF                                                                                                                                                                                      0.000000       
  2   0.000100  -1.0  0  -1.00E+00  0   X                        0                                                                                                                                                                                                                              0.000100       
  3   0.130100  -1.0  0  -1.00E+00  0   X                        0                                                                                                                                                                                                                              0.000100       
264Sg  264  106    1    0    1    1    7.478000    3.617000
  1   0.000000   0.0  1   4.70E-02  0                        0+  2        0.0000 %A      ~    100.0000 %SF                                                                                                                                                                                      0.000000       
265Sg  265  106    3    0    1    1    6.058000    3.854000
  1   0.000000   4.5  1   9.20E+00  0                     9/2+#  2 >     50.0000 %A             0.0000 %SF                                                                                                                                                                                      0.000000       
  2   0.070000  -1.0  0   1.62E+01  0                            2 >=    65.0000 %A      <=    35.0000 %SF                                                                                                                                                                                      0.000000       
  3   0.300000  -1.0  0  -1.00E+00  0                            0                                                                                                                                                                                                                              0.000000       
266Sg  266  106    1    0    1    1    7.250000    4.157000
  1   0.000000   0.0  1   4.60E-01  0                        0+  1 =    100.0000 %SF                                                                                                                                                                                                            0.000000       
267Sg  267  106    1    0    1    0    5.852000    4.189000
  1   0.000000  -1.0  0   1.08E+02  0                            2 =     17.0000 %A      =     83.0000 %SF                                                                                                                                                                                      0.000000       
269Sg  269  106    1    0    1    0    5.058000    4.536000
  1   0.000000  -1.0  0   4.80E+02  0                            2 ~    100.0000 %A             0.0000 %SF                                                                                                                                                                                      0.000000       
270Sg  270  106    1    0    1    1    6.395000    4.946000
  1   0.000000   0.0  1   1.80E+02  0                        0+  2        0.0000 %A             0.0000 %SF                                                                                                                                                                                      0.000000       
271Sg  271  106    1    0    1    0    4.805000    4.888000
  1   0.000000  -1.0  0   1.86E+02  0   X                        2 =     70.0000 %A      =     30.0000 %SF                                                                                                                                                                                      0.000000       
