272Rg  272  111    1    0    1    0    0.000000    0.464000
  1   0.000000  -1.0  0   4.50E-03  0   X               5+#;6+#  1 =    100.0000 %A                                                                                                                                                                                                             0.000000       
274Rg  274  111    1    0    1    0    6.091000    1.055000
  1   0.000000  -1.0  0   2.90E-02  0   X                        1 ~    100.0000 %A                                                                                                                                                                                                             0.000000       
277Rg  277  111    1    0    1    0    7.387000    1.659000
  1   0.000000  -1.0  0   1.00E-02  0                            2        0.0000 %A             0.0000 %SF                                                                                                                                                                                      0.000000       
278Rg  278  111    1    0    1    0    5.813000    2.092000
  1   0.000000  -1.0  0   8.00E-03  0   X                        1 =    100.0000 %A                                                                                                                                                                                                             0.000000       
279Rg  279  111    1    0    1    0    6.927000    1.996000
  1   0.000000  -1.0  0   6.40E-01  0   X                        1 =    100.0000 %A                                                                                                                                                                                                             0.000000       
280Rg  280  111    1    0    1    0    5.820000    2.593000
  1   0.000000  -1.0  0   3.80E+00  0   X                        1 =    100.0000 %A                                                                                                                                                                                                             0.000000       
281Rg  281  111    1    0    1    0    6.934000    2.586000
  1   0.000000  -1.0  0   3.70E+01  0   X                        1 =    100.0000 %SF                                                                                                                                                                                                            0.000000       
282Rg  282  111    1    0    1    0    5.501000    2.996000
  1   0.000000  -1.0  0   1.90E+00  0   X                        1 =    100.0000 %A                                                                                                                                                                                                             0.000000       
