277Cn  277  112    1    0    1    1    5.993000    2.346000
  1   0.000000   1.5  1   9.90E-04  0                     3/2+#  1 =    100.0000 %A                                                                                                                                                                                                             0.000000       
278Cn  278  112    1    0    1    1    7.592000    2.551000
  1   0.000000   0.0  1   2.00E-03  0                        0+  2        0.0000 %A             0.0000 %SF                                                                                                                                                                                      0.000000       
281Cn  281  112    1    0    1    1    5.651000    2.997000
  1   0.000000   1.5  1   3.70E-01  0                     3/2+#  2 ~    100.0000 %A             0.0000 %SF                                                                                                                                                                                      0.000000       
282Cn  282  112    1    0    1    1    7.372000    3.436000
  1   0.000000   0.0  1   9.00E-04  0   X                    0+  1 =    100.0000 %SF                                                                                                                                                                                                            0.000000       
283Cn  283  112    1    0    1    0    5.488000    3.423000
  1   0.000000  -1.0  0   4.10E+00  0   X                        2 =      0.0000 %A      <     10.0000 %SF                                                                                                                                                                                      0.000000       
284Cn  284  112    1    0    1    1    7.246000    3.924000
  1   0.000000   0.0  1   1.04E-01  0   X                    0+  1 =    100.0000 %SF                                                                                                                                                                                                            0.000000       
285Cn  285  112    1    0    1    1    5.313000    0.000000
  1   0.000000   2.5  1   3.20E+01  0   X                 5/2+#  1 =    100.0000 %A                                                                                                                                                                                                             0.000000       
