287115  287  115    1    0    1    1    0.000000    1.263000
  1   0.000000  -1.0  0  1.200E-01  0   X                        1 =  1.0000E+02 %A                                                                                                                                                                                                             0.000000       
288115  288  115    1    0    1    1    6.175000    1.740000
  1   0.000000  -1.0  0  1.900E-01  0   X                        1 =  1.0000E+02 %A                                                                                                                                                                                                             0.000000       
289115  289  115    1    0    1    1    7.245000    1.649000
  1   0.000000  -1.0  0  3.400E-01  0   X                        1 =  1.0000E+02 %A                                                                                                                                                                                                             0.000000       
290115  290  115    1    0    1    1    5.884000    2.113000
  1   0.000000  -1.0  0  6.000E-02  0   X                        1 =  1.0000E+02 %A                                                                                                                                                                                                             0.000000       
291115  291  115    1    0    1    1    7.051000    0.000000
  1   0.000000  -1.0  0  1.000E+00  0                            2 ?  0.0000E+00 %A      ?  0.0000E+00 %SF                                                                                                                                                                                      0.000000       
