  4Li    4    3    4    0    1    4    0.000000    3.100000
  1   0.000000   2.0 -1             0                        2-  1 =    100.0000 %P     
  2   0.320000   1.0 -1   6.21E-23  0                        1-  1 =    100.0000 %P     
  3   2.080000   0.0 -1   4.88E-23  0                        0-  1 =    100.0000 %P     
  4   2.850000   1.0 -1   3.38E-23  0                        1-  1 =    100.0000 %P     
  5Li    5    3    1    0    1    1   21.710001   -1.966000
  1   0.000000   1.5 -1   3.71E-22  0                      3/2-  1 ?      0.0000 %P     
  6Li    6    3   14    4    1   13    5.665000    4.593000
  1   0.000000   1.0  1  -1.00E+00  0                        1+  0
  2   2.186000   3.0  1   1.90E-20  1                        3+  2 ?      0.0000 %A      ?      0.0000 %IT    
                                          1      2.186  0.000E+00  0.000E+00  5.974E-08
  3   3.562880   0.0  1   5.56E-17  1                        0+  1 ?      0.0000 %IT    
                                          1      3.562  0.000E+00  0.000E+00  2.650E-08
  4   4.312000   2.0  1   3.51E-22  1                        2+  2 ?      0.0000 %A      ?      0.0000 %IT    
                                          1      4.310  0.000E+00  0.000E+00  2.058E-08
  5   5.366000   2.0  1   8.43E-22  1                        2+  4 ?      0.0000 %P      ?      0.0000 %N      ?      0.0000 %A      ?      0.0000 %IT    
                                          1      5.363  0.000E+00  0.000E+00  1.549E-08
  6   5.650000   1.0  1   3.04E-22  0                        1+  1 ?      0.0000 %A     
  7  15.800001   3.0  1   2.56E-23  0                        3+  1 ?      0.0000 %A     
  8  17.985001   2.0 -1   1.52E-22  0                        2-  1 ?      0.0000 %IT    
  9  21.500002   0.0 -1             0                        0-  0
 10  23.000002   4.0  1   3.80E-23  0                        4+  1 ?      0.0000 %A     
 11  24.779001   3.0 -1   6.76E-23  0                        3-  2 ?      0.0000 %N      ?      0.0000 %IT    
 12  24.890001   4.0 -1   8.58E-23  0                        4-  2 ?      0.0000 %N      ?      0.0000 %IT    
 13  26.590002   2.0 -1   5.26E-23  0                        2-  3 ?      0.0000 %N      ?      0.0000 %A      ?      0.0000 %IT    
 14  31.000002   3.0  1             0                      (3+)  1 ?      0.0000 %A     
  7Li    7    3   10    2    1    8    7.249900    9.975401
  1   0.000000   1.5 -1  -1.00E+00  0                      3/2-  0
  2   0.477612   0.5 -1   7.30E-14  1                      1/2-  0
                                          1      0.478  0.000E+00  0.000E+00  7.892E-07
  3   4.630000   3.5 -1   4.91E-21  1                      7/2-  1 ?      0.0000 %A     
                                          1      4.628  0.000E+00  0.000E+00  1.927E-08
  4   6.680000   2.5 -1   5.19E-22  0                      5/2-  1 ?      0.0000 %A     
  5   7.459500   2.5 -1   5.13E-21  0                      5/2-  2 ?      0.0000 %N      ?      0.0000 %A     
  6   9.670000   3.5 -1   1.14E-21  0                      7/2-  2 ?      0.0000 %N      ?      0.0000 %A     
  7   9.850000   1.5 -1   3.80E-22  0                      3/2-  2 ?      0.0000 %N      ?      0.0000 %A     
  8  11.240001   1.5 -1   1.75E-21  0                      3/2-  2 ?      0.0000 %P      ?      0.0000 %N     
  9  13.700001  -1.0  0   9.12E-22  0                            1 ?      0.0000 %N     
 10  14.700001  -1.0  0   6.52E-22  0                            1 ?      0.0000 %N     
  8Li    8    3   11    2    1    4    2.032820   12.453001
  1   0.000000   2.0  1   8.38E-01  0                        2+  1 =    100.0000 %B-    
  2   0.980800   1.0  1   8.00E-15  1                        1+  1 ?      0.0000 %IT    
                                          1      0.981  0.000E+00  0.000E+00  1.986E-07
  3   2.255000   3.0  1   1.38E-20  1                        3+  2 ?      0.0000 %N      ?      0.0000 %IT    
                                          1      2.255  0.000E+00  0.000E+00  5.024E-08
  4   3.210000   1.0  1   4.56E-22  0                        1+  1 ?      0.0000 %N     
  5   5.400000  -1.0  0   7.02E-22  0                    (0,1)+  1 ?      0.0000 %N     
  6   6.100000   3.0  0   4.56E-22  0                       (3)  1 ?      0.0000 %N     
  7   6.530000   4.0  1   1.30E-20  0                        4+  1 ?      0.0000 %N     
  8   7.100000  -1.0  0   1.14E-21  0                            1 ?      0.0000 %N     
  9   8.000000   1.0  1   4.56E-22  0                      (1+)  0
 10   9.000000  -1.0  0   7.60E-23  0                            0
 11  10.822201   0.0  1   3.80E-20  0                        0+  0
  9Li    9    3    5    0    1    1    4.063600   13.933001
  1   0.000000   1.5 -1   1.78E-01  0                      3/2-  2 =    100.0000 %B-     =     50.8000 %B-N   
  2   2.691000   0.5 -1             0                    (1/2-)  1 ?      0.0000 %IT    
  3   4.310000  -1.0  0   4.56E-21  0                            0
  4   5.380000  -1.0  0   7.60E-22  0                            0
  5   6.430000  -1.0  0   1.14E-20  0                    GE 9/2  0
 10Li   10    3    1    0    1    1   -0.025000   15.058001
  1   0.000000  -1.0  0   3.80E-22  0                            1 ?      0.0000 %N     
 11Li   11    3    1    0    1    1    0.325000   15.303000
  1   0.000000   1.5 -1   8.59E-03  0                      3/2-  1 =    100.0000 %B-    
