263Hs  263  108    1    0    1    1    0.000000    2.000000
  1   0.000000  -1.0  0             0                            1 LE   100.0000 %A     
264Hs  264  108    1    0    1    1    8.352000    2.387000
  1   0.000000   0.0  1   8.00E-04  0                        0+  2 AP    50.0000 %A      AP    50.0000 %SF    
265Hs  265  108    2    0    1    1    6.600000    2.400000
  1   0.000000  -1.0  0   2.00E-03  0                            2 AP   100.0000 %A      LE     1.0000 %SF    
  2   0.300000  -1.0  0   7.50E-04  0                            2 AP   100.0000 %A      LE     1.0000 %SF    
266Hs  266  108    1    0    1    1    8.034000    2.780000
  1   0.000000   0.0  1   2.30E-03  0                        0+  1 LE   100.0000 %A     
267Hs  267  108    1    0    1    1    6.500000    2.900000
  1   0.000000  -1.0  0   2.60E-02  0                            1 =    100.0000 %A     
269Hs  269  108    1    0    1    1    6.200000    3.280000
  1   0.000000  -1.0  0   9.00E+00  0                            1 AP   100.0000 %A     
277Hs  277  108    1    0    1    1    5.130000    4.850000
  1   0.000000  -1.0  0   7.20E+02  0                            2 ?      0.0000 %A      ?      0.0000 %SF    
