237Cf  237   98    1    0    1    1    0.000000    2.900000
  1   0.000000  -1.0  0   2.10E+00  0                            1 SY    10.0000 %SF    
238Cf  238   98    1    0    1    1    8.700001    3.300000
  1   0.000000   0.0  1   2.10E-02  0                        0+  1 AP   100.0000 %SF    
239Cf  239   98    1    0    1    1    7.000000    3.300000
  1   0.000000  -1.0  0   3.90E+01  0                            2 ?      0.0000 %EC     ?      0.0000 %A     
240Cf  240   98    1    0    1    1    8.300000    3.540000
  1   0.000000   0.0  1   6.36E+01  0                        0+  1 AP   100.0000 %A     
241Cf  241   98    2    0    1    1    6.740000    3.590000
  1   0.000000  -1.0  0   2.27E+02  0                            2 AP    75.0000 %EC     AP    25.0000 %A     
  2   0.155000  -1.0  0             0                            0
242Cf  242   98    1    0    1    1    8.100000    4.060000
  1   0.000000   0.0  1   2.22E+02  0                        0+  3 =     20.0000 %EC+%B+ =     80.0000 %A      LE     0.0140 %SF    
243Cf  243   98    3    0    1    1    6.490000    4.080000
  1   0.000000   0.5  1   6.42E+02  0                    (1/2+)  2 AP    86.0000 %EC     AP    14.0000 %A     
  2   0.140000  -1.0  0             0                            0
  3   0.200000  -1.0  0             0                            0
244Cf  244   98    2    0    1    2    7.541000    4.505000
  1   0.000000   0.0  1   1.16E+03  0                        0+  1 LE   100.0000 %A     
  2   0.041000   2.0  1             0                        2+  0
245Cf  245   98    2    0    1    1    6.154000    4.610000
  1   0.000000   2.5  1   2.70E+03  0                    (5/2+)  2 =     64.0000 %EC     =     36.0000 %A     
  2   0.050000   3.5  1             0                    (7/2+)  0
246Cf  246   98    3    0    1    1    7.360000    5.012900
  1   0.000000   0.0  1   1.28E+05  0                        0+  3 <      0.0040 %EC     =    100.0000 %A      =      0.0003 %SF    
  2   0.044000   2.0  1             0                      (2+)  0
  3   2.500000  -1.0  0   4.50E-08  0                            1 LE   100.0000 %SF    
247Cf  247   98   13   18    1    1    6.026000    5.120000
  1   0.000000   3.5  1   1.12E+04  0                    (7/2+)  2 =    100.0000 %EC     =      0.0350 %A     
  2   0.055000   4.5  1             1                    (9/2+)  0
                                          1      0.055  0.000E+00  0.000E+00  1.220E+02
  3   0.122100   5.5  1             2                   (11/2+)  0
                                          2      0.067  1.636E-02  8.344E-01  5.000E+01
                                          1      0.122  1.636E-02  1.656E-01  9.120E+00
  4   0.201000   6.5  1             0                   (13/2+)  0
  5   0.383200   2.5  1             1                    (5/2+)  0
                                          1      0.383  0.000E+00  0.000E+00  9.430E-01
  6   0.427200   3.5  1             2                    (7/2+)  0
                                          5      0.044  0.000E+00  0.000E+00  9.503E+01
                                          2      0.372  0.000E+00  0.000E+00  1.022E+00
  7   0.480400   4.5 -1             3                    (9/2-)  0
                                          3      0.358  1.853E-01  1.912E-01  3.190E-02
                                          2      0.425  5.614E-01  5.740E-01  2.250E-02
                                          1      0.480  2.307E-01  2.348E-01  1.780E-02
  8   0.532000   5.5 -1             4                   (11/2-)  0
                                          7      0.051  0.000E+00  0.000E+00  6.475E+01
                                          4      0.331  2.458E-01  2.550E-01  3.755E-02
                                          3      0.410  3.516E-01  3.601E-01  2.424E-02
                                          2      0.477  3.781E-01  3.849E-01  1.801E-02
  9   0.551000   5.5  1             1                   (11/2+)  0
                                          2      0.496  0.000E+00  0.000E+00  4.670E-01
 10   0.595000   6.5 -1             0                   (13/2-)  0
 11   0.634000   6.5  1             0                   (13/2+)  0
 12   0.678000   3.5 -1             2                    (7/2-)  0
                                          2      0.623  2.107E-01  2.128E-01  1.038E-02
                                          1      0.678  7.802E-01  7.872E-01  8.912E-03
 13   0.738000   4.5 -1             2                    (9/2-)  0
                                          3      0.616  5.502E-01  5.560E-01  1.059E-02
                                          2      0.683  4.401E-01  4.440E-01  8.796E-03
248Cf  248   98   19    3    1    4    6.967000    5.538000
  1   0.000000   0.0  1   2.88E+07  0                        0+  2 =    100.0000 %A      =      0.0029 %SF    
  2   0.041530   2.0  1             1                        2+  0
                                          1      0.042  0.000E+00  0.000E+00  1.480E+03
  3   0.137810   4.0  1             1                        4+  0
                                          2      0.096  0.000E+00  0.000E+00  2.730E+01
  4   0.285000   6.0  1             0                        6+  0
  5   0.592200   2.0 -1             1                      (2)-  0
                                          2      0.551  0.000E+00  0.000E+00  1.370E-02
  6   0.630000   3.0 -1             0                      (3-)  0
  7   0.677000   4.0 -1             0                      (4-)  0
  8   0.735000   5.0 -1             0                      (5-)  0
  9   0.806000   6.0 -1             0                      (6-)  0
 10   0.885000   7.0 -1             0                      (7-)  0
 11   0.979000   8.0 -1             0                      (8-)  0
 12   1.477000   2.0 -1             0                      (2-)  0
 13   1.509000   3.0 -1             0                      (3-)  0
 14   1.557000   4.0 -1             0                      (4-)  0
 15   1.577000   7.0 -1             0                      (7-)  0
 16   1.621000   5.0 -1             0                      (5-)  0
 17   1.663000   8.0 -1             0                      (8-)  0
 18   1.686000   6.0 -1             0                      (6-)  0
 19   1.781000   9.0 -1             0                      (9-)  0
249Cf  249   98   56   50   18    2    5.585000    5.640000
  1   0.000000   4.5 -1   1.11E+10  0 u                    9/2-  2 =    100.0000 %A      =      0.0000 %SF    
  2   0.062480   5.5 -1             1 u                   11/2-  0
                                          1      0.062  0.000E+00  0.000E+00  5.000E+01
  3   0.136200   6.5 -1             2 u                 (13/2-)  0
                                          2      0.074  0.000E+00  0.000E+00  2.248E+01
                                          1      0.136  0.000E+00  0.000E+00  5.684E+00
  4   0.144980   2.5  1   4.50E-05  1 u                    5/2+  0
                                          1      0.145  1.437E-02  1.000E+00  6.860E+01
  5   0.187970   3.5  1             1 u                    7/2+  0
                                          4      0.043  0.000E+00  0.000E+00  1.080E+02
  6   0.220000   7.5 -1             0 u                 (15/2-)  0
  7   0.243130   4.5  1             1 u                    9/2+  0
                                          5      0.055  0.000E+00  0.000E+00  5.270E+01
  8   0.315000   8.5 -1             0 u                 (17/2-)  0
  9   0.315000   5.5  1             0 u                 (11/2+)  0
 10   0.379540   3.5  1             4 u                    7/2+  0
                                          7      0.136  1.412E-03  2.544E-02  1.702E+01
                                          5      0.192  8.824E-03  5.647E-02  5.400E+00
                                          4      0.235  5.647E-03  1.073E-02  9.000E-01
                                          1      0.380  8.824E-01  9.074E-01  2.830E-02
 11   0.384000   6.5  1             0 u                 (13/2+)  0
 12   0.416800   0.5  1             1 u                  (1/2)+  0
                                          4      0.272  7.205E-01  1.000E+00  3.880E-01
 13   0.425000   9.5 -1             0 u                 (19/2-)  0
 14   0.437560   4.5  1             3 u                    9/2+  0
                                         10      0.058  5.081E-03  5.183E-01  1.010E+02
                                          2      0.375  3.821E-01  3.931E-01  2.900E-02
                                          1      0.438  8.673E-02  8.857E-02  2.130E-02
 15   0.440000   1.5  1             0 u                  (3/2+)  0
 16   0.442990   3.5  1             4 u                  (7/2)+  0
                                         10      0.063  1.388E-02  5.331E-01  3.740E+01
                                          5      0.255  2.670E-02  1.044E-01  2.910E+00
                                          4      0.298  1.335E-01  3.551E-01  1.660E+00
                                          1      0.443  7.341E-03  7.494E-03  2.078E-02
 17   0.460000   2.5  1             0 u                  (5/2+)  0
 18   0.500600   4.5  1             0 u                  (9/2+)  0
 19   0.550000  -1.0  0             2           (1/2+,3/2,5/2+)  0
                                         12      0.134  0.000E+00  0.000E+00  0.000E+00
                                          4      0.405  0.000E+00  0.000E+00  0.000E+00
 20   0.606000  -1.0  0             0                            0
 21   0.668000   6.5 -1             0 u                 (13/2-)  0
 22   0.751000   7.5 -1             0 u                 (15/2-)  0
 23   0.813210   2.5 -1             5 u                  (5/2)-  0
                                         16      0.370  1.381E-02  1.422E-02  2.983E-02
                                         10      0.434  6.168E-03  6.302E-03  2.168E-02
                                          5      0.625  1.298E-02  1.312E-02  1.031E-02
                                          4      0.668  2.394E-02  2.416E-02  9.145E-03
                                          1      0.813  9.207E-01  9.422E-01  2.340E-02
 24   0.852190   3.5 -1             5 u                  (7/2)-  0
                                          7      0.609  1.594E-02  1.611E-02  1.081E-02
                                          5      0.664  5.314E-03  5.363E-03  9.252E-03
                                          4      0.707  1.594E-02  1.607E-02  8.271E-03
                                          2      0.790  5.314E-01  5.446E-01  2.480E-02
                                          1      0.852  4.092E-01  4.179E-01  2.130E-02
 25   0.902500   4.5 -1             3 u                  (9/2-)  0
                                          3      0.766  4.348E-01  4.453E-01  2.420E-02
                                          2      0.840  4.221E-01  4.674E-01  1.073E-01
                                          1      0.903  8.020E-02  8.730E-02  8.848E-02
 26   0.920000   5.5  1             0 u                 (11/2+)  0
 27   0.962000   5.5 -1             0 u                 (11/2-)  0
 28   0.992000   6.5  1             0 u                 (13/2+)  0
 29   1.007920   4.5  1             9 u                    9/2+  0
                                         18      0.507  2.262E-02  3.201E-02  4.150E-01
                                         16      0.565  1.185E-01  1.573E-01  3.280E-01
                                         14      0.570  3.044E-02  4.018E-02  3.200E-01
                                         10      0.629  1.185E-01  1.386E-01  1.700E-01
                                          7      0.766  5.758E-02  6.548E-02  1.372E-01
                                          5      0.821  5.758E-03  6.416E-03  1.142E-01
                                          4      0.863  1.028E-02  1.048E-02  1.925E-02
                                          2      0.945  1.357E-01  1.364E-01  4.983E-03
                                          1      1.008  4.113E-01  4.131E-01  4.467E-03
 30   1.031000  -1.0  0             0                            0
 31   1.063000   6.5  1             0 u                 (13/2+)  0
 32   1.078000   7.5  1             0 u                 (15/2+)  0
 33   1.115000  -1.0  0             0                            0
 34   1.145000   7.5  1             0 u                 (15/2+)  0
 35   1.164000  -1.0  0             0                            0
 36   1.178000   8.5  1             0 u                 (17/2+)  0
 37   1.192000  -1.0  0             0                            0
 38   1.199800  -1.0  0             2                (7/2-,9/2)  0
                                          2      1.137  3.865E-01  3.865E-01  0.000E+00
                                          1      1.200  6.135E-01  6.135E-01  0.000E+00
 39   1.218500   3.5 -1             1 u                  (7/2)-  0
                                          1      1.219  0.000E+00  0.000E+00  3.000E-02
 40   1.236000   8.5  1             0 u                 (17/2+)  0
 41   1.238100  -1.0  0             2           (5/2-,7/2,9/2+)  0
                                          4      1.093  5.747E-01  5.747E-01  0.000E+00
                                          1      1.238  4.253E-01  4.253E-01  0.000E+00
 42   1.251000  -1.0  0             0                            0
 43   1.267700   4.5 -1             2 u                  (9/2-)  0
                                          2      1.205  8.013E-01  8.340E-01  4.085E-02
                                          1      1.268  1.603E-01  1.660E-01  3.567E-02
 44   1.304300  -1.0  0             1                            0
                                          1      1.304  0.000E+00  0.000E+00  0.000E+00
 45   1.340000   9.5  1             0 u                 (19/2+)  0
 46   1.415000   3.5  1             0 u                  (7/2+)  0
 47   1.463000   4.5  1             0 u                  (9/2+)  0
 48   1.482000  -1.0  0             0                            0
 49   1.498000  -1.0  0             0                            0
 50   1.530000   5.5  1             0 u                 (11/2+)  0
 51   1.541000  -1.0  0             0                            0
 52   1.603000   6.5  1             0 u                 (13/2+)  0
 53   1.648000  -1.0  0             0                            0
 54   1.674000  -1.0  0             0                            0
 55   1.709000  -1.0  0             0                            0
 56   1.914000  -1.0  0             0                            0
250Cf  250   98   48   72   34   10    6.624600    5.966200
  1   0.000000   0.0  1   4.13E+08  0 u                      0+  2 =     99.9000 %A      =      0.0770 %SF    
  2   0.042721   2.0  1   9.60E-11  1 u                      2+  0
                                          1      0.043  0.000E+00  0.000E+00  1.290E+03
  3   0.141875   4.0  1             1 u                      4+  0
                                          2      0.099  0.000E+00  0.000E+00  2.380E+01
  4   0.296220   6.0  1             1 u                      6+  0
                                          3      0.154  0.000E+00  0.000E+00  3.330E+00
  5   0.500000   8.0  1             0 u                      8+  0
  6   0.871570   2.0 -1             1 u                      2-  0
                                          2      0.829  0.000E+00  0.000E+00  6.570E-03
  7   0.905890   3.0 -1             3 u                      3-  0
                                          6      0.034  1.138E-03  8.431E-01  7.400E+02
                                          3      0.764  6.827E-02  6.879E-02  7.580E-03
                                          2      0.863  8.753E-02  8.806E-02  6.130E-03
  8   0.951980   4.0 -1             3 u                      4-  0
                                          7      0.046  2.882E-03  5.794E-01  2.000E+02
                                          6      0.080  4.392E-03  2.824E-01  6.330E+01
                                          3      0.810  1.373E-01  1.382E-01  6.840E-03
  9   1.008510   5.0 -1             4 u                      5-  0
                                          8      0.057  6.229E-03  5.046E-01  8.000E+01
                                          7      0.103  1.460E-02  3.109E-01  2.030E+01
                                          4      0.712  9.297E-02  9.377E-02  8.590E-03
                                          3      0.867  9.019E-02  9.073E-02  6.080E-03
 10   1.031850   2.0  1   9.40E-13  5 u                      2+  0
                                          7      0.126  7.550E-05  8.180E-05  8.340E-02
                                          6      0.160  3.398E-04  4.030E-04  1.860E-01
                                          3      0.890  1.834E-02  1.870E-02  1.960E-02
                                          2      0.989  5.393E-01  5.479E-01  1.600E-02
                                          1      1.032  4.266E-01  4.329E-01  1.480E-02
 11   1.070000   6.0 -1             0 u                    (6-)  0
 12   1.071370   3.0  1             5 u                      3+  0
                                          8      0.119  1.101E-04  1.207E-04  9.560E-02
                                          7      0.165  2.203E-04  2.584E-04  1.730E-01
                                          6      0.200  1.731E-04  1.926E-04  1.130E-01
                                          3      0.929  1.975E-01  2.010E-01  1.800E-02
                                          2      1.029  7.868E-01  7.984E-01  1.480E-02
 13   1.123000   4.0  1             0 u                    (4+)  0
 14   1.154240   0.0  1             2 u                      0+  0
                                          2      1.112  9.873E-01  1.000E+00  1.290E-02
                                          1      1.154  0.000E+00  0.000E+00  0.000E+00
 15   1.175520   1.0 -1             3 u                      1-  0
                                          6      0.304  3.663E-02  7.325E-02  1.000E+00
                                          2      1.133  3.078E-01  3.090E-01  3.850E-03
                                          1      1.176  6.156E-01  6.178E-01  3.620E-03
 16   1.189390   2.0  1             2 u                      2+  0
                                          3      1.048  1.403E-01  1.424E-01  1.440E-02
                                          2      1.147  7.797E-01  8.576E-01  1.000E-01
 17   1.209970   2.0 -1             1 u                    (2)-  0
                                          2      1.167  0.000E+00  0.000E+00  3.660E-03
 18   1.211000   3.0 -1             2 u                    (3-)  0
                                          3      1.068  0.000E+00  0.000E+00  4.047E-03
                                          2      1.167  0.000E+00  0.000E+00  3.487E-03
 19   1.218200   1.0 -1             1 g                          0
                                          2      1.176  0.000E+00  0.000E+00  3.446E-03
 20   1.244500   2.0  1             3 u                      2+  0
                                          3      1.103  5.323E-02  5.393E-02  1.310E-02
                                          2      1.202  7.393E-01  7.593E-01  2.700E-02
                                          1      1.244  1.848E-01  1.868E-01  1.040E-02
 21   1.247000   3.0 -1             0 u                    (3-)  0
 22   1.255390   4.0 -1             5 u                      4-  0
                                         12      0.184  4.743E-03  5.383E-03  1.350E-01
                                          9      0.247  3.839E-02  1.098E-01  1.860E+00
                                          8      0.303  2.258E-01  4.720E-01  1.090E+00
                                          7      0.349  2.055E-01  2.513E-01  2.230E-01
                                          6      0.384  1.423E-01  1.615E-01  1.350E-01
 23   1.266600   0.0  1             2 u                      0+  0
                                          2      1.224  0.000E+00  0.000E+00  1.080E-02
                                          1      1.267  0.000E+00  0.000E+00  0.000E+00
 24   1.272000   1.0 -1             0 n                          0
 25   1.296600   2.0  1             3 u                      2+  0
                                          3      1.155  7.451E-01  7.540E-01  1.200E-02
                                          2      1.254  1.736E-01  1.753E-01  9.665E-03
                                          1      1.297  7.004E-02  7.071E-02  9.690E-03
 26   1.311000   5.0 -1             1 u                      5-  0
                                         22      0.056  0.000E+00  0.000E+00  1.330E+02
 27   1.313000   5.0 -1             0 u                    (5-)  0
 28   1.335000   3.0 -1             0 u                    (3-)  0
 29   1.377760   6.0 -1             1 u                      6-  0
                                         26      0.067  0.000E+00  0.000E+00  3.700E+01
 30   1.385500   1.0  1             2 c                    1,2+  0
                                          2      1.343  4.730E-01  4.771E-01  8.532E-03
                                          1      1.385  5.086E-01  5.229E-01  2.813E-02
 31   1.396090   5.0 -1             2 u                    (5)-  0
                                         26      0.085  1.121E-02  1.838E-01  1.540E+01
                                         22      0.141  4.917E-02  8.162E-01  1.560E+01
 32   1.411330   2.0  1             2 c                  (1,2+)  0
                                          2      1.369  8.335E-01  8.404E-01  8.243E-03
                                          1      1.412  1.584E-01  1.596E-01  7.793E-03
 33   1.426860   3.0 -1             1 u                    (3-)  0
                                          6      0.555  0.000E+00  0.000E+00  4.690E-02
 34   1.457760   6.0 -1             3 u                    (6)-  0
                                         31      0.062  1.912E-02  8.814E-01  4.510E+01
                                         29      0.080  2.486E-03  4.897E-02  1.870E+01
                                         26      0.147  4.971E-03  6.960E-02  1.300E+01
 35   1.478370   5.0 -1             2 u                    (5)-  0
                                         31      0.082  4.844E-02  8.380E-01  1.630E+01
                                         22      0.223  3.439E-02  1.620E-01  3.710E+00
 36   1.499530   6.0 -1             2 u                    (6)-  0
                                         34      0.042  5.895E-03  8.548E-01  1.440E+02
                                         31      0.103  1.438E-02  1.452E-01  9.100E+00
 37   1.530000   7.0 -1             0 u                    (7-)  0
 38   1.541000   5.0 -1             0 u                    (5-)  0
 39   1.550000   6.0 -1             0 u                    (6-)  0
 40   1.570000  -1.0  0             0                            0
 41   1.575000   7.0 -1             0 u                    (7-)  0
 42   1.600000   6.0 -1             0 u                    (6-)  0
 43   1.626000  -1.0  0             0                            0
 44   1.658000   2.0  1             6 u                      2+  0
                                         12      0.586  5.437E-02  6.741E-02  2.400E-01
                                         10      0.626  2.097E-01  2.600E-01  2.400E-01
                                          6      0.786  4.272E-02  4.302E-02  7.210E-03
                                          3      1.516  1.010E-02  1.017E-02  7.270E-03
                                          2      1.615  3.883E-01  3.903E-01  4.980E-03
                                          1      1.658  2.291E-01  2.291E-01  0.000E+00
 45   1.695150   3.0  1             2 u                    (3+)  0
                                          3      1.553  3.542E-01  3.561E-01  5.329E-03
                                          2      1.652  6.439E-01  6.439E-01  0.000E+00
 46   1.735000  -1.0  0             0                            0
 47   1.915000  -1.0  0             0                            0
 48   2.015000  -1.0  0             0                            0
251Cf  251   98   50   52   17    5    5.109000    6.106000
  1   0.000000   0.5  1   2.83E+10  0 u                    1/2+  2 =    100.0000 %A      ?      0.0000 %SF    
  2   0.024825   1.5  1             1 u                    3/2+  0
                                          1      0.025  0.000E+00  0.000E+00  9.000E+02
  3   0.047828   2.5  1             2 u                    5/2+  0
                                          2      0.023  3.096E-03  5.820E-01  1.870E+02
                                          1      0.048  5.573E-04  4.180E-01  7.490E+02
  4   0.105732   3.5  1             2 u                    7/2+  0
                                          3      0.058  6.369E-03  3.376E-01  5.200E+01
                                          2      0.081  1.062E-02  6.624E-01  6.140E+01
  5   0.106304   3.5  1   3.80E-08  3 u                    7/2+  0
                                          4      0.001  0.000E+00  0.000E+00  0.000E+00
                                          3      0.058  6.987E-03  3.291E-01  4.610E+01
                                          2      0.081  1.109E-02  6.709E-01  5.950E+01
  6   0.146470   4.5  1             1 u                  (9/2+)  0
                                          3      0.099  3.953E-02  1.000E+00  2.430E+01
  7   0.166310   4.5  1             1 u                    9/2+  0
                                          5      0.060  0.000E+00  0.000E+00  4.700E+01
  8   0.177690   1.5  1             3 u                  (3/2+)  0
                                          3      0.130  1.711E-02  9.136E-02  4.340E+00
                                          2      0.153  2.535E-02  3.371E-01  1.230E+01
                                          1      0.178  6.336E-02  5.715E-01  8.020E+00
  9   0.211720   2.5  1             2 u                  (5/2+)  0
                                          3      0.164  6.630E-02  7.359E-01  1.010E+01
                                          2      0.187  3.315E-02  2.641E-01  6.968E+00
 10   0.237760   5.5  1             1 u                 (11/2+)  0
                                          4      0.132  0.000E+00  0.000E+00  6.400E+00
 11   0.239340   5.5  1             2 u                   11/2+  0
                                          7      0.073  3.625E-02  9.244E-01  2.450E+01
                                          5      0.133  1.051E-02  7.559E-02  6.190E+00
 12   0.258440   3.5  1             3 u                  (7/2+)  0
                                          4      0.153  4.102E-02  5.465E-01  1.232E+01
                                          3      0.211  6.123E-02  3.652E-01  4.965E+00
                                          2      0.234  5.327E-02  8.830E-02  6.576E-01
 13   0.295700   6.5  1             1 u                 (13/2+)  0
                                          6      0.149  0.000E+00  0.000E+00  3.847E+00
 14   0.319290   4.5  1             2 u                  (9/2+)  0
                                          6      0.173  8.642E-02  8.352E-01  8.664E+00
                                          4      0.214  2.852E-02  1.648E-01  4.778E+00
 15   0.325340   6.5  1             2 u                 (13/2+)  0
                                         11      0.086  5.724E-02  8.758E-01  1.430E+01
                                          7      0.159  3.148E-02  1.242E-01  2.946E+00
 16   0.370390   5.5 -1   1.30E-06  3 u                 (11/2)-  0
                                         11      0.131  4.222E-01  4.543E-01  7.590E-02
                                          7      0.204  3.631E-01  4.020E-01  1.070E-01
                                          5      0.264  1.520E-02  1.438E-01  8.460E+00
 17   0.392000   5.5  1             0 u                 (11/2+)  0
 18   0.424070   7.5  1             2 u                 (15/2+)  0
                                         15      0.099  7.887E-02  8.360E-01  9.600E+00
                                         11      0.185  6.309E-02  1.640E-01  1.600E+00
 19   0.434300   4.5 -1             3 u                  (9/2-)  0
                                         16      0.064  2.782E-02  9.848E-01  3.440E+01
                                          7      0.268  6.399E-03  6.775E-03  5.878E-02
                                          5      0.328  8.068E-03  8.377E-03  3.827E-02
 20   0.442000  -1.0  0             0                            0
 21   0.514000   5.5 -1             0 u                 (11/2-)  0
 22   0.544050   2.5  1             7 u                  (5/2+)  0
                                         12      0.286  1.739E-02  5.421E-02  2.117E+00
                                          9      0.332  1.472E-01  3.529E-01  1.398E+00
                                          8      0.366  2.230E-01  4.616E-01  1.070E+00
                                          5      0.438  6.020E-02  9.969E-02  6.559E-01
                                          3      0.496  7.581E-03  1.112E-02  4.665E-01
                                          2      0.520  6.689E-03  9.292E-03  3.891E-01
                                          1      0.544  1.070E-02  1.123E-02  4.914E-02
 23   0.569000   7.5  0             0 u                  (15/2)  0
 24   0.590170   3.5  1             6 u                  (7/2+)  0
                                         14      0.271  2.098E-02  7.242E-02  2.452E+00
                                         12      0.332  2.158E-01  5.175E-01  1.398E+00
                                          9      0.378  1.509E-01  2.988E-01  9.800E-01
                                          7      0.424  3.924E-02  6.736E-02  7.167E-01
                                          6      0.444  3.320E-03  5.422E-03  6.332E-01
                                          5      0.484  2.566E-02  3.847E-02  4.994E-01
 25   0.600000   1.5 -1             0 u                  (3/2-)  0
 26   0.626000   3.5 -1             0 u                  (7/2-)  0
 27   0.633000   0.5 -1             0 u                  (1/2-)  0
 28   0.649200   4.5  1             5 u                  (9/2+)  0
                                         14      0.330  1.820E-01  4.406E-01  1.421E+00
                                         12      0.391  1.656E-01  3.138E-01  8.949E-01
                                         11      0.410  4.913E-02  8.768E-02  7.845E-01
                                          6      0.503  1.638E-02  2.334E-02  4.253E-01
                                          4      0.544  1.001E-01  1.346E-01  3.445E-01
 29   0.683000   4.5  1             0 u                  (9/2+)  0
 30   0.691000   5.5 -1             0 u                 (11/2-)  0
 31   0.708000   2.5 -1             0 u                  (5/2-)  0
 32   0.729000  -1.0  0             0                            0
 33   0.758000   5.5  1             0 u                 (11/2+)  0
 34   0.775000  -1.0  0             0                            0
 35   0.858000  -1.0  0             0                            0
 36   0.972000  -1.0  0             0                            0
 37   0.984000  -1.0  0             0                            0
 38   1.015000  -1.0  0             0                            0
 39   1.050000  -1.0  0             0                            0
 40   1.061000  -1.0  0             0                            0
 41   1.088000  -1.0  0             0                            0
 42   1.146000  -1.0  0             0                            0
 43   1.183000  -1.0  0             0                            0
 44   1.222000  -1.0  0             0                            0
 45   1.250000   0.5 -1             0 u                  (1/2-)  0
 46   1.262000   2.5 -1             0 u                  (5/2-)  0
 47   1.304000  -1.0  0             0                            0
 48   1.326000   4.5 -1             0 u                  (9/2-)  0
 49   1.335000   1.5 -1             0 u                  (3/2-)  0
 50   1.374000  -1.0  0             0                            0
252Cf  252   98   10   17    1    3    6.172000    6.482000
  1   0.000000   0.0  1   8.35E+07  0                        0+  2 =     96.9000 %A      =      3.0900 %SF    
  2   0.045720   2.0  1   9.20E-11  1                        2+  0
                                          1      0.046  0.000E+00  0.000E+00  9.310E+02
  3   0.151740   4.0  1             1                        4+  0
                                          2      0.106  0.000E+00  0.000E+00  1.740E+01
  4   0.804800   2.0  1             2                      (2+)  0
                                          2      0.759  5.520E-01  5.656E-01  2.465E-02
                                          1      0.805  4.250E-01  4.344E-01  2.200E-02
  5   0.830800   2.0 -1             1                      (2-)  0
                                          2      0.785  0.000E+00  0.000E+00  6.875E-03
  6   0.845700   3.0  1             2                      (3+)  0
                                          3      0.694  2.305E-01  2.373E-01  2.946E-02
                                          2      0.800  7.461E-01  7.627E-01  2.226E-02
  7   0.867500   3.0 -1             2                      (3-)  0
                                          3      0.716  7.074E-01  7.131E-01  8.091E-03
                                          2      0.822  2.851E-01  2.869E-01  6.348E-03
  8   0.900300   4.0  1             2                      (4+)  0
                                          3      0.749  6.738E-01  6.909E-01  2.534E-02
                                          2      0.855  3.032E-01  3.091E-01  1.961E-02
  9   0.917000   4.0 -1             1                      (4-)  0
                                          3      0.765  0.000E+00  0.000E+00  7.190E-03
 10   0.969800   3.0  1             5                      (3+)  0
                                          7      0.102  7.742E-02  8.841E-02  1.420E-01
                                          5      0.139  5.693E-01  7.150E-01  2.560E-01
                                          4      0.165  5.920E-03  6.447E-02  9.890E+00
                                          3      0.818  3.074E-02  3.140E-02  2.131E-02
                                          2      0.924  9.905E-02  1.007E-01  1.692E-02
253Cf  253   98    6    7    1    1    4.804000    6.520000
  1   0.000000   3.5  1   1.54E+06  0                    (7/2+)  2 =      0.3100 %A      =     99.7000 %B-    
  2   0.061610   4.5  1             1                    (9/2+)  0
                                          1      0.062  1.934E-02  1.000E+00  5.070E+01
  3   0.136620   5.5  1             2                   (11/2+)  0
                                          2      0.075  4.119E-02  9.185E-01  2.130E+01
                                          1      0.137  1.236E-02  8.149E-02  5.595E+00
  4   0.241010   4.5  1             3                    (9/2+)  0
                                          3      0.104  6.099E-03  5.599E-02  8.180E+00
                                          2      0.179  8.605E-02  6.281E-01  6.300E+00
                                          1      0.241  1.089E-01  3.159E-01  1.900E+00
  5   0.321210   5.5  1             1                   (11/2+)  0
                                          4      0.080  0.000E+00  0.000E+00  4.100E+01
  6   0.417000   6.5  1             0                   (13/2+)  0
254Cf  254   98    1    0    1    1    6.032000    6.880000
  1   0.000000   0.0  1   5.23E+06  0                        0+  2 =      0.3100 %A      =     99.7000 %SF    
255Cf  255   98    1    0    1    1    4.600000    6.900000
  1   0.000000   3.5  1   5.10E+03  0                    (7/2+)  1 =    100.0000 %B-    
256Cf  256   98    1    0    1    1    5.835001    0.000000
  1   0.000000   0.0  1   7.38E+02  0                        0+  1 =    100.0000 %SF    
