 1   10  1.000                                                                  
  0.436  0.660    3                                                             
  0.502  0.722    2                                                             
  0.502  0.278    2                                                             
  0.436  0.278    3                                                             
  0.564  0.278    2                                                             
  0.000  0.000    3                                                             
  0.000  1.000    2                                                             
  1.000  1.000    2                                                             
  1.000  0.000    2                                                             
  0.000  0.000    2                                                             
 2   13  1.000                                                                  
  0.373  0.660    3                                                             
  0.436  0.722    2                                                             
  0.564  0.722    2                                                             
  0.627  0.660    2                                                             
  0.627  0.531    2                                                             
  0.373  0.340    2                                                             
  0.373  0.278    2                                                             
  0.627  0.278    2                                                             
  0.000  0.000    3                                                             
  0.000  1.000    2                                                             
  1.000  1.000    2                                                             
  1.000  0.000    2                                                             
  0.000  0.000    2                                                             
 3   14  1.000                                                                  
  0.373  0.722    3                                                             
  0.627  0.722    2                                                             
  0.502  0.531    2                                                             
  0.564  0.531    2                                                             
  0.627  0.469    2                                                             
  0.627  0.340    2                                                             
  0.564  0.278    2                                                             
  0.436  0.278    2                                                             
  0.373  0.340    2                                                             
  0.000  0.000    3                                                             
  0.000  1.000    2                                                             
  1.000  1.000    2                                                             
  1.000  0.000    2                                                             
  0.000  0.000    2                                                             
 4    9  1.000                                                                  
  0.564  0.278    3                                                             
  0.564  0.722    2                                                             
  0.373  0.469    2                                                             
  0.627  0.469    2                                                             
  0.000  0.000    3                                                             
  0.000  1.000    2                                                             
  1.000  1.000    2                                                             
  1.000  0.000    2                                                             
  0.000  0.000    2                                                             
 5   14  1.000                                                                  
  0.373  0.340    3                                                             
  0.436  0.278    2                                                             
  0.564  0.278    2                                                             
  0.627  0.340    2                                                             
  0.627  0.469    2                                                             
  0.564  0.531    2                                                             
  0.373  0.531    2                                                             
  0.373  0.722    2                                                             
  0.627  0.722    2                                                             
  0.000  0.000    3                                                             
  0.000  1.000    2                                                             
  1.000  1.000    2                                                             
  1.000  0.000    2                                                             
  0.000  0.000    2                                                             
 6   17  1.000                                                                  
  0.373  0.469    3                                                             
  0.436  0.531    2                                                             
  0.564  0.531    2                                                             
  0.627  0.469    2                                                             
  0.627  0.340    2                                                             
  0.564  0.278    2                                                             
  0.436  0.278    2                                                             
  0.373  0.340    2                                                             
  0.373  0.660    2                                                             
  0.436  0.722    2                                                             
  0.564  0.722    2                                                             
  0.627  0.674    2                                                             
  0.000  0.000    3                                                             
  0.000  1.000    2                                                             
  1.000  1.000    2                                                             
  1.000  0.000    2                                                             
  0.000  0.000    2                                                             
 7    8  1.000                                                                  
  0.373  0.278    3                                                             
  0.627  0.722    2                                                             
  0.373  0.722    2                                                             
  0.000  0.000    3                                                             
  0.000  1.000    2                                                             
  1.000  1.000    2                                                             
  1.000  0.000    2                                                             
  0.000  0.000    2                                                             
 8   21  1.000                                                                  
  0.436  0.531    3                                                             
  0.373  0.593    2                                                             
  0.373  0.660    2                                                             
  0.436  0.722    2                                                             
  0.564  0.722    2                                                             
  0.627  0.660    2                                                             
  0.627  0.593    2                                                             
  0.564  0.531    2                                                             
  0.627  0.469    2                                                             
  0.627  0.340    2                                                             
  0.564  0.278    2                                                             
  0.436  0.278    2                                                             
  0.373  0.340    2                                                             
  0.373  0.469    2                                                             
  0.436  0.531    2                                                             
  0.564  0.531    2                                                             
  0.000  0.000    3                                                             
  0.000  1.000    2                                                             
  1.000  1.000    2                                                             
  1.000  0.000    2                                                             
  0.000  0.000    2                                                             
 9   17  1.000                                                                  
  0.373  0.340    3                                                             
  0.436  0.278    2                                                             
  0.564  0.278    2                                                             
  0.627  0.340    2                                                             
  0.627  0.660    2                                                             
  0.564  0.722    2                                                             
  0.436  0.722    2                                                             
  0.373  0.660    2                                                             
  0.373  0.531    2                                                             
  0.436  0.469    2                                                             
  0.564  0.469    2                                                             
  0.627  0.531    2                                                             
  0.000  0.000    3                                                             
  0.000  1.000    2                                                             
  1.000  1.000    2                                                             
  1.000  0.000    2                                                             
  0.000  0.000    2                                                             
 A   12  1.000                                                                  
  0.373  0.278    3                                                             
  0.373  0.550    2                                                             
  0.500  0.722    2                                                             
  0.627  0.550    2                                                             
  0.627  0.278    2                                                             
  0.373  0.500    3                                                             
  0.627  0.500    2                                                             
  0.000  0.000    3                                                             
  0.000  1.000    2                                                             
  1.000  1.000    2                                                             
  1.000  0.000    2                                                             
  0.000  0.000    2                                                             
 B   17  1.000                                                                  
  0.373  0.278    3                                                             
  0.373  0.722    2                                                             
  0.564  0.722    2                                                             
  0.627  0.660    2                                                             
  0.627  0.593    2                                                             
  0.564  0.531    2                                                             
  0.373  0.531    2                                                             
  0.564  0.531    3                                                             
  0.627  0.469    2                                                             
  0.627  0.340    2                                                             
  0.564  0.278    2                                                             
  0.373  0.278    2                                                             
  0.000  0.000    3                                                             
  0.000  1.000    2                                                             
  1.000  1.000    2                                                             
  1.000  0.000    2                                                             
  0.000  0.000    2                                                             
 C   15  1.000                                                                  
  0.627  0.375    3                                                             
  0.627  0.340    2                                                             
  0.564  0.278    2                                                             
  0.436  0.278    2                                                             
  0.373  0.340    2                                                             
  0.373  0.660    2                                                             
  0.436  0.722    2                                                             
  0.564  0.722    2                                                             
  0.627  0.660    2                                                             
  0.627  0.625    2                                                             
  0.000  0.000    3                                                             
  0.000  1.000    2                                                             
  1.000  1.000    2                                                             
  1.000  0.000    2                                                             
  0.000  0.000    2                                                             
 E   12  1.000                                                                  
  0.373  0.278    3                                                             
  0.373  0.722    2                                                             
  0.627  0.722    2                                                             
  0.373  0.531    3                                                             
  0.502  0.531    2                                                             
  0.373  0.278    3                                                             
  0.627  0.278    2                                                             
  0.000  0.000    3                                                             
  0.000  1.000    2                                                             
  1.000  1.000    2                                                             
  1.000  0.000    2                                                             
  0.000  0.000    2                                                             
 F   10  1.000                                                                  
  0.373  0.278    3                                                             
  0.373  0.722    2                                                             
  0.627  0.722    2                                                             
  0.373  0.531    3                                                             
  0.502  0.531    2                                                             
  0.000  0.000    3                                                             
  0.000  1.000    2                                                             
  1.000  1.000    2                                                             
  1.000  0.000    2                                                             
  0.000  0.000    2                                                             
 G   18  1.000                                                                  
  0.527  0.469    3                                                             
  0.627  0.469    2                                                             
  0.627  0.407    2                                                             
  0.627  0.407    3                                                             
  0.627  0.340    2                                                             
  0.564  0.278    2                                                             
  0.436  0.278    2                                                             
  0.373  0.340    2                                                             
  0.373  0.660    2                                                             
  0.436  0.722    2                                                             
  0.564  0.722    2                                                             
  0.627  0.660    2                                                             
  0.627  0.593    2                                                             
  0.000  0.000    3                                                             
  0.000  1.000    2                                                             
  1.000  1.000    2                                                             
  1.000  0.000    2                                                             
  0.000  0.000    2                                                             
 H   11  1.000                                                                  
  0.373  0.278    3                                                             
  0.373  0.722    2                                                             
  0.627  0.722    3                                                             
  0.627  0.278    2                                                             
  0.373  0.531    3                                                             
  0.627  0.531    2                                                             
  0.000  0.000    3                                                             
  0.000  1.000    2                                                             
  1.000  1.000    2                                                             
  1.000  0.000    2                                                             
  0.000  0.000    2                                                             
 J   10  1.000                                                                  
  0.373  0.340    3                                                             
  0.436  0.278    2                                                             
  0.564  0.278    2                                                             
  0.627  0.340    2                                                             
  0.627  0.722    2                                                             
  0.000  0.000    3                                                             
  0.000  1.000    2                                                             
  1.000  1.000    2                                                             
  1.000  0.000    2                                                             
  0.000  0.000    2                                                             
 K   11  1.000                                                                  
  0.373  0.278    3                                                             
  0.373  0.722    2                                                             
  0.373  0.469    3                                                             
  0.627  0.722    2                                                             
  0.436  0.531    3                                                             
  0.627  0.278    2                                                             
  0.000  0.000    3                                                             
  0.000  1.000    2                                                             
  1.000  1.000    2                                                             
  1.000  0.000    2                                                             
  0.000  0.000    2                                                             
 L    8  1.000                                                                  
  0.373  0.722    3                                                             
  0.373  0.278    2                                                             
  0.627  0.278    2                                                             
  0.000  0.000    3                                                             
  0.000  1.000    2                                                             
  1.000  1.000    2                                                             
  1.000  0.000    2                                                             
  0.000  0.000    2                                                             
 M   10  1.000                                                                  
  0.373  0.278    3                                                             
  0.373  0.722    2                                                             
  0.502  0.531    2                                                             
  0.627  0.722    2                                                             
  0.627  0.278    2                                                             
  0.000  0.000    3                                                             
  0.000  1.000    2                                                             
  1.000  1.000    2                                                             
  1.000  0.000    2                                                             
  0.000  0.000    2                                                             
 N    9  1.000                                                                  
  0.373  0.278    3                                                             
  0.373  0.722    2                                                             
  0.627  0.278    2                                                             
  0.627  0.722    2                                                             
  0.000  0.000    3                                                             
  0.000  1.000    2                                                             
  1.000  1.000    2                                                             
  1.000  0.000    2                                                             
  0.000  0.000    2                                                             
 P   12  1.000                                                                  
  0.373  0.278    3                                                             
  0.373  0.722    2                                                             
  0.564  0.722    2                                                             
  0.627  0.660    2                                                             
  0.627  0.593    2                                                             
  0.564  0.531    2                                                             
  0.373  0.531    2                                                             
  0.000  0.000    3                                                             
  0.000  1.000    2                                                             
  1.000  1.000    2                                                             
  1.000  0.000    2                                                             
  0.000  0.000    2                                                             
 R   14  1.000                                                                  
  0.373  0.278    3                                                             
  0.373  0.722    2                                                             
  0.564  0.722    2                                                             
  0.627  0.660    2                                                             
  0.627  0.593    2                                                             
  0.564  0.531    2                                                             
  0.373  0.531    2                                                             
  0.502  0.531    3                                                             
  0.627  0.278    2                                                             
  0.000  0.000    3                                                             
  0.000  1.000    2                                                             
  1.000  1.000    2                                                             
  1.000  0.000    2                                                             
  0.000  0.000    2                                                             
 S   17  1.000                                                                  
  0.373  0.340    3                                                             
  0.436  0.278    2                                                             
  0.564  0.278    2                                                             
  0.627  0.340    2                                                             
  0.627  0.469    2                                                             
  0.564  0.531    2                                                             
  0.436  0.531    2                                                             
  0.373  0.593    2                                                             
  0.373  0.660    2                                                             
  0.436  0.722    2                                                             
  0.564  0.722    2                                                             
  0.627  0.660    2                                                             
  0.000  0.000    3                                                             
  0.000  1.000    2                                                             
  1.000  1.000    2                                                             
  1.000  0.000    2                                                             
  0.000  0.000    2                                                             
 T    9  1.000                                                                  
  0.373  0.722    3                                                             
  0.627  0.722    2                                                             
  0.502  0.278    3                                                             
  0.502  0.722    2                                                             
  0.000  0.000    3                                                             
  0.000  1.000    2                                                             
  1.000  1.000    2                                                             
  1.000  0.000    2                                                             
  0.000  0.000    2                                                             
 U   11  1.000                                                                  
  0.373  0.722    3                                                             
  0.373  0.340    2                                                             
  0.436  0.278    2                                                             
  0.564  0.278    2                                                             
  0.627  0.340    2                                                             
  0.627  0.722    2                                                             
  0.000  0.000    3                                                             
  0.000  1.000    2                                                             
  1.000  1.000    2                                                             
  1.000  0.000    2                                                             
  0.000  0.000    2                                                             
 V    8  1.000                                                                  
  0.373  0.722    3                                                             
  0.502  0.278    2                                                             
  0.627  0.722    2                                                             
  0.000  0.000    3                                                             
  0.000  1.000    2                                                             
  1.000  1.000    2                                                             
  1.000  0.000    2                                                             
  0.000  0.000    2                                                             
 W   10  1.000                                                                  
  0.373  0.722    3                                                             
  0.373  0.278    2                                                             
  0.502  0.531    2                                                             
  0.627  0.278    2                                                             
  0.627  0.722    2                                                             
  0.000  0.000    3                                                             
  0.000  1.000    2                                                             
  1.000  1.000    2                                                             
  1.000  0.000    2                                                             
  0.000  0.000    2                                                             
 X    9  1.000                                                                  
  0.373  0.278    3                                                             
  0.627  0.722    2                                                             
  0.373  0.722    3                                                             
  0.627  0.278    2                                                             
  0.000  0.000    3                                                             
  0.000  1.000    2                                                             
  1.000  1.000    2                                                             
  1.000  0.000    2                                                             
  0.000  0.000    2                                                             
 Y   10  1.000                                                                  
  0.502  0.278    3                                                             
  0.502  0.531    2                                                             
  0.373  0.722    2                                                             
  0.502  0.531    3                                                             
  0.627  0.722    2                                                             
  0.000  0.000    3                                                             
  0.000  1.000    2                                                             
  1.000  1.000    2                                                             
  1.000  0.000    2                                                             
  0.000  0.000    2                                                             
 1    1  1.000    SOLID                       SOFTWARE LINE TYPE TABLE          
  1.000  0.000    2                           ========================          
 2    2  1.000    SHORT DASH-SPACE            FOR CURVES EACH LINE TYPE         
  0.060  0.000    2                           IS DESCRIBED IN THIS TABLE        
  0.040  0.000    3                           BE A SERIES OF X LENGTHS          
 3    4  1.000    LONG DASH-SPACE-SHORT DASH  AND PEN POSITIONS (=3 MOVE        
  0.180  0.000    2                           =2 DRAW). THE Y VALUE IS          
  0.040  0.000    3                           NOT USED.                         
  0.060  0.000    2                                                             
  0.040  0.000    3                                                             
 4    2  1.000    LONG DASH-SPACE                                               
  0.180  0.000    2                                                             
  0.040  0.000    3                                                             
 5    6  1.000    LONG DASH-SPACE-SHORT DASH-SPACE-SHORT DASH                   
  0.180  0.000    2                                                             
  0.040  0.000    3                                                             
  0.060  0.000    2                                                             
  0.040  0.000    3                                                             
  0.060  0.000    2                                                             
  0.040  0.000    3                                                             
 6    1  1.000    SOLID                     (LINE TYPES REPEAT)                 
  1.000  0.000    2                                                             
 7    2  1.000    SHORT DASH-SPACE                                              
  0.060  0.000    2                                                             
  0.040  0.000    3                                                             
 8    4  1.000    LONG DASH-SPACE-SHORT DASH                                    
  0.180  0.000    2                                                             
  0.040  0.000    3                                                             
  0.060  0.000    2                                                             
  0.040  0.000    3                                                             
 9    2  1.000    LONG DASH-SPACE                                               
  0.180  0.000    2                                                             
  0.040  0.000    3                                                             
10    6  1.000    LONG DASH-SPACE-SHORT DASH-SPACE-SHORT DASH                   
  0.180  0.000    2                                                             
  0.040  0.000    3                                                             
  0.060  0.000    2                                                             
  0.040  0.000    3                                                             
  0.060  0.000    2                                                             
  0.040  0.000    3                                                             
11    1  1.000    SOLID                                                         
  1.000  0.000    2                                                             
12    2  1.000    SHORT DASH-SPACE                                              
  0.060  0.000    2                                                             
  0.040  0.000    3                                                             
13    4  1.000    LONG DASH-SPACE-SHORT DASH                                    
  0.180  0.000    2                                                             
  0.040  0.000    3                                                             
  0.060  0.000    2                                                             
  0.040  0.000    3                                                             
14    2  1.000    LONG DASH-SPACE                                               
  0.180  0.000    2                                                             
  0.040  0.000    3                                                             
15    6  1.000    LONG DASH-SPACE-SHORT DASH-SPACE-SHORT DASH                   
  0.180  0.000    2                                                             
  0.040  0.000    3                                                             
  0.060  0.000    2                                                             
  0.040  0.000    3                                                             
  0.060  0.000    2                                                             
  0.040  0.000    3                                                             
16    1  1.000    SOLID                                                         
  1.000  0.000    2                                                             
17    2  1.000    SHORT DASH-SPACE                                              
  0.060  0.000    2                                                             
  0.040  0.000    3                                                             
18    4  1.000    LONG DASH-SPACE-SHORT DASH                                    
  0.180  0.000    2                                                             
  0.040  0.000    3                                                             
  0.060  0.000    2                                                             
  0.040  0.000    3                                                             
19    2  1.000    LONG DASH-SPACE                                               
  0.180  0.000    2                                                             
  0.040  0.000    3                                                             
20    6  1.000    LONG DASH-SPACE-SHORT DASH-SPACE-SHORT DASH                   
  0.180  0.000    2                                                             
  0.040  0.000    3                                                             
  0.060  0.000    2                                                             
  0.040  0.000    3                                                             
  0.060  0.000    2                                                             
  0.040  0.000    3                                                             
21    1  1.000    SOLID                                                         
  1.000  0.000    2                                                             
22    2  1.000    SHORT DASH-SPACE                                              
  0.060  0.000    2                                                             
  0.040  0.000    3                                                             
23    4  1.000    LONG DASH-SPACE-SHORT DASH                                    
  0.180  0.000    2                                                             
  0.040  0.000    3                                                             
  0.060  0.000    2                                                             
  0.040  0.000    3                                                             
24    2  1.000    LONG DASH-SPACE                                               
  0.180  0.000    2                                                             
  0.040  0.000    3                                                             
25    6  1.000    LONG DASH-SPACE-SHORT DASH-SPACE-SHORT DASH                   
  0.180  0.000    2                                                             
  0.040  0.000    3                                                             
  0.060  0.000    2                                                             
  0.040  0.000    3                                                             
  0.060  0.000    2                                                             
  0.040  0.000    3                                                             
26    1  1.000    SOLID                                                         
  1.000  0.000    2                                                             
27    2  1.000    SHORT DASH-SPACE                                              
  0.060  0.000    2                                                             
  0.040  0.000    3                                                             
28    4  1.000    LONG DASH-SPACE-SHORT DASH                                    
  0.180  0.000    2                                                             
  0.040  0.000    3                                                             
  0.060  0.000    2                                                             
  0.040  0.000    3                                                             
29    2  1.000    LONG DASH-SPACE                                               
  0.180  0.000    2                                                             
  0.040  0.000    3                                                             
30    6  1.000    LONG DASH-SPACE-SHORT DASH-SPACE-SHORT DASH                   
  0.180  0.000    2                                                             
  0.040  0.000    3                                                             
  0.060  0.000    2                                                             
  0.040  0.000    3                                                             
  0.060  0.000    2                                                             
  0.040  0.000    3                                                             
