 BNL-325 Resonance parameters (Split by isotope - A.Trkov, Nov02)  325 0  0    0
 3.2070E+04 6.9321E+01          1          0          2          13270 1451    1
 0.0000E+00 0.0000E+00          0          0          0          63270 1451    2
 1.0000E+00 0.0000E+00          0          0          0          03270 1451    2
 0.0000E+00 0.0000E+00          0          0          2          03270 1451    3
          RESONANCE PARAMETERS OF NEUTRON CROSS SECTIONS          3270 1451    4
             ACADEMIC PRESS VOL 1A (1981),1B (1984)               3270 1451    5
 0.0000E+00 0.0000E+00          0          0          0          03270 1  0    6
 0.0000E+00 0.0000E+00          0          0          0          03270 0  0    7
 3.2070E+04 6.9321E+01          0          0          1          03270 2151    8
 3.2070E+04 1.0000E+00          0          0          1          03270 2151    9
 1.0000E-05 4.2240E+04          1          2          0          03270 2151   10
 0.0000E+00 6.7000E-01          0          0          1          03270 2151   11
 6.9321E+01 0.0000E+00          0          0        132         223270 2151   12
-3.1900E+02 5.0000E-01 8.3180E+00 8.1530E+00 1.6500E-01 0.0000E+003270 2151   13
 1.1150E+03 5.0000E-01 4.7600E+00 4.6000E+00 1.6000E-01 0.0000E+003270 2151   14
 1.4690E+03 5.0000E-01 8.5000E-01 7.0000E-01 1.5000E-01 0.0000E+003270 2151   15
 1.9350E+03 5.0000E-01 1.9500E-01 3.0000E-02 1.6500E-01 0.0000E+003270 2151   16
 3.1400E+03 5.0000E-01 2.1100E-01 4.6000E-02 1.6500E-01 0.0000E+003270 2151   17
 4.2300E+03 5.0000E-01 2.2000E-01 5.5000E-02 1.6500E-01 0.0000E+003270 2151   18
 4.3780E+03 5.0000E-01 5.5850E+00 5.4000E+00 1.8500E-01 0.0000E+003270 2151   19
 5.5700E+03 5.0000E-01 2.9165E+01 2.9000E+01 1.6500E-01 0.0000E+003270 2151   20
 6.7500E+03 5.0000E-01 1.2165E+01 1.2000E+01 1.6500E-01 0.0000E+003270 2151   21
 8.6350E+03 5.0000E-01 4.5165E+01 4.5000E+01 1.6500E-01 0.0000E+003270 2151   22
 9.8900E+03 5.0000E-01 4.0165E+01 4.0000E+01 1.6500E-01 0.0000E+003270 2151   23
 1.0310E+04 5.0000E-01 6.0165E+01 6.0000E+01 1.6500E-01 0.0000E+003270 2151   24
 1.1040E+04 5.0000E-01 8.4650E+00 8.3000E+00 1.6500E-01 0.0000E+003270 2151   25
 1.1780E+04 5.0000E-01 2.2165E+01 2.2000E+01 1.6500E-01 0.0000E+003270 2151   26
 1.3200E+04 5.0000E-01 8.0165E+01 8.0000E+01 1.6500E-01 0.0000E+003270 2151   27
 1.8440E+04 5.0000E-01 6.6165E+01 6.6000E+01 1.6500E-01 0.0000E+003270 2151   28
 2.3820E+04 5.0000E-01 7.7165E+01 7.7000E+01 1.6500E-01 0.0000E+003270 2151   29
 2.5880E+04 5.0000E-01 1.0016E+02 1.0000E+02 1.6500E-01 0.0000E+003270 2151   30
 2.7600E+04 5.0000E-01 1.5017E+02 1.5000E+02 1.6500E-01 0.0000E+003270 2151   31
 2.8600E+04 5.0000E-01 5.5165E+01 5.5000E+01 1.6500E-01 0.0000E+003270 2151   32
 3.6100E+04 5.0000E-01 1.6117E+02 1.6100E+02 1.6500E-01 0.0000E+003270 2151   33
 3.8400E+04 5.0000E-01 1.6817E+02 1.6800E+02 1.6500E-01 0.0000E+003270 2151   34
 0.0000E+00 0.0000E+00          0          0          0          03270 2  0  137
 0.0000E+00 0.0000E+00          0          0          0          03270 0  0  138
 0.0000E+00 0.0000E+00          0          0          0          0   0 0  0  139
 3.2072E+04 7.1302E+01          1          0          2          13272 1451    1
 0.0000E+00 0.0000E+00          0          0          0          63272 1451    2
 1.0000E+00 0.0000E+00          0          0          0          03272 1451    2
 0.0000E+00 0.0000E+00          0          0          2          03272 1451    3
          RESONANCE PARAMETERS OF NEUTRON CROSS SECTIONS          3272 1451    4
             ACADEMIC PRESS VOL 1A (1981),1B (1984)               3272 1451    5
 0.0000E+00 0.0000E+00          0          0          0          03272 1  0    6
 0.0000E+00 0.0000E+00          0          0          0          03272 0  0    7
 3.2072E+04 7.1302E+01          0          0          1          03272 2151    8
 3.2072E+04 1.0000E+00          0          0          1          03272 2151   35
 1.0000E-05 4.3450E+04          1          2          0          03272 2151   36
 0.0000E+00 6.7000E-01          0          0          1          03272 2151   37
 7.1302E+01 0.0000E+00          0          0        102         173272 2151   38
-5.9500E+02 5.0000E-01 1.2202E+01 1.2040E+01 1.6200E-01 0.0000E+003272 2151   39
 2.5200E+02 5.0000E-01 1.6209E-01 3.4000E-04 1.6175E-01 0.0000E+003272 2151   40
 7.3600E+02 5.0000E-01 1.6425E-01 2.5000E-03 1.6175E-01 0.0000E+003272 2151   41
 2.1800E+03 5.0000E-01 2.0775E-01 4.6000E-02 1.6175E-01 0.0000E+003272 2151   42
 2.6140E+03 5.0000E-01 9.2500E-01 7.9000E-01 1.3500E-01 0.0000E+003272 2151   43
 2.7430E+03 5.0000E-01 6.3000E-01 4.0000E-01 2.3000E-01 0.0000E+003272 2151   44
 3.6500E+03 5.0000E-01 9.5000E-01 8.3000E-01 1.2000E-01 0.0000E+003272 2151   45
 4.5600E+03 5.0000E-01 1.3162E+01 1.3000E+01 1.6175E-01 0.0000E+003272 2151   46
 4.9490E+03 5.0000E-01 2.7162E+01 2.7000E+01 1.6175E-01 0.0000E+003272 2151   47
 8.9800E+03 5.0000E-01 4.1162E+01 4.1000E+01 1.6175E-01 0.0000E+003272 2151   48
 9.6400E+03 5.0000E-01 6.1618E+00 6.0000E+00 1.6175E-01 0.0000E+003272 2151   49
 1.1170E+04 5.0000E-01 2.0162E+01 2.0000E+01 1.6175E-01 0.0000E+003272 2151   50
 1.2070E+04 5.0000E-01 2.3162E+01 2.3000E+01 1.6175E-01 0.0000E+003272 2151   51
 1.9080E+04 5.0000E-01 1.1516E+02 1.1500E+02 1.6175E-01 0.0000E+003272 2151   52
 2.9400E+04 5.0000E-01 3.3362E+01 3.3200E+01 1.6175E-01 0.0000E+003272 2151   53
 3.3200E+04 5.0000E-01 3.6016E+02 3.6000E+02 1.6175E-01 0.0000E+003272 2151   54
 3.9500E+04 5.0000E-01 3.8416E+02 3.8400E+02 1.6175E-01 0.0000E+003272 2151   55
 0.0000E+00 0.0000E+00          0          0          0          03272 2  0  137
 0.0000E+00 0.0000E+00          0          0          0          03272 0  0  138
 0.0000E+00 0.0000E+00          0          0          0          0   0 0  0  139
 3.2073E+04 7.2295E+01          1          0          2          13273 1451    1
 0.0000E+00 0.0000E+00          0          0          0          63273 1451    2
 1.0000E+00 0.0000E+00          0          0          0          03273 1451    2
 0.0000E+00 0.0000E+00          0          0          2          03273 1451    3
          RESONANCE PARAMETERS OF NEUTRON CROSS SECTIONS          3273 1451    4
             ACADEMIC PRESS VOL 1A (1981),1B (1984)               3273 1451    5
 0.0000E+00 0.0000E+00          0          0          0          03273 1  0    6
 0.0000E+00 0.0000E+00          0          0          0          03273 0  0    7
 3.2073E+04 7.2295E+01          0          0          1          03273 2151    8
 3.2073E+04 1.0000E+00          0          0          1          03273 2151   56
 1.0000E-05 9.3830E+03          1          2          0          03273 2151   57
 4.5000E+00 6.7000E-01          0          0          1          03273 2151   58
 7.2295E+01 0.0000E+00          0          0        294         493273 2151   59
-5.2900E+02 4.0000E+00 6.9086E+01 6.8889E+01 1.9700E-01 0.0000E+003273 2151   60
-4.4900E+02 5.0000E+00 4.3733E+01 4.3536E+01 1.9700E-01 0.0000E+003273 2151   61
 1.0200E+02 4.0000E+00 1.6364E+00 1.4444E+00 1.9200E-01 0.0000E+003273 2151   62
 2.0400E+02 5.0000E+00 4.1909E-01 2.0909E-01 2.1000E-01 0.0000E+003273 2151   63
 2.2470E+02 4.0000E+00 6.9800E-01 5.0000E-01 1.9800E-01 0.0000E+003273 2151   64
 3.2060E+02 4.0000E+00 4.4556E-01 2.5556E-01 1.9000E-01 0.0000E+003273 2151   65
 3.3200E+02 5.0000E+00 1.4331E+00 1.2364E+00 1.9671E-01 0.0000E+003273 2151   66
 3.6710E+02 4.0000E+00 1.0000E+00 8.0000E-01 2.0000E-01 0.0000E+003273 2151   67
 4.0820E+02 4.0000E+00 4.7778E-01 2.7778E-01 2.0000E-01 0.0000E+003273 2151   68
 4.9030E+02 5.0000E+00 2.0032E+00 1.8182E+00 1.8500E-01 0.0000E+003273 2151   69
 5.1600E+02 5.0000E+00 2.3126E-01 3.4545E-02 1.9671E-01 0.0000E+003273 2151   70
 5.5700E+02 5.0000E+00 5.4455E-01 3.5455E-01 1.9000E-01 0.0000E+003273 2151   71
 6.6800E+02 5.0000E+00 2.2035E-01 2.3636E-02 1.9671E-01 0.0000E+003273 2151   72
 7.3500E+02 5.0000E+00 2.1217E-01 1.5455E-02 1.9671E-01 0.0000E+003273 2151   73
 7.5200E+02 4.0000E+00 2.1894E-01 2.2222E-02 1.9671E-01 0.0000E+003273 2151   74
 8.0700E+02 5.0000E+00 2.1581E-01 1.9091E-02 1.9671E-01 0.0000E+003273 2151   75
 8.4900E+02 4.0000E+00 3.5227E-01 1.5556E-01 1.9671E-01 0.0000E+003273 2151   76
 9.1900E+02 5.0000E+00 3.3308E-01 1.3636E-01 1.9671E-01 0.0000E+003273 2151   77
 1.0280E+03 4.0000E+00 2.9671E-01 1.0000E-01 1.9671E-01 0.0000E+003273 2151   78
 1.0560E+03 5.0000E+00 4.0581E-01 2.0909E-01 1.9671E-01 0.0000E+003273 2151   79
 1.1450E+03 5.0000E+00 2.1058E+00 1.9091E+00 1.9671E-01 0.0000E+003273 2151   80
 1.2180E+03 4.0000E+00 1.6544E+00 1.4444E+00 2.1000E-01 0.0000E+003273 2151   81
 1.3130E+03 5.0000E+00 1.3918E+00 1.1818E+00 2.1000E-01 0.0000E+003273 2151   82
 1.3530E+03 4.0000E+00 5.1894E-01 3.2222E-01 1.9671E-01 0.0000E+003273 2151   83
 1.5260E+03 5.0000E+00 1.2876E+00 1.0909E+00 1.9671E-01 0.0000E+003273 2151   84
 1.6500E+03 4.0000E+00 2.9745E+00 2.7778E+00 1.9671E-01 0.0000E+003273 2151   85
 1.8020E+03 5.0000E+00 1.6445E+00 1.4545E+00 1.9000E-01 0.0000E+003273 2151   86
 1.9250E+03 4.0000E+00 5.6338E-01 3.6667E-01 1.9671E-01 0.0000E+003273 2151   87
 1.9340E+03 5.0000E+00 6.5126E-01 4.5455E-01 1.9671E-01 0.0000E+003273 2151   88
 1.9500E+03 4.0000E+00 1.0856E+00 8.8889E-01 1.9671E-01 0.0000E+003273 2151   89
 2.0110E+03 5.0000E+00 3.8214E+00 3.6364E+00 1.8500E-01 0.0000E+003273 2151   90
 2.2560E+03 5.0000E+00 1.7422E+00 1.5455E+00 1.9671E-01 0.0000E+003273 2151   91
 2.2860E+03 4.0000E+00 3.7523E+00 3.5556E+00 1.9671E-01 0.0000E+003273 2151   92
 2.4340E+03 5.0000E+00 7.4217E-01 5.4545E-01 1.9671E-01 0.0000E+003273 2151   93
 2.5580E+03 4.0000E+00 2.5300E+00 2.3333E+00 1.9671E-01 0.0000E+003273 2151   94
 2.6760E+03 5.0000E+00 1.3785E+00 1.1818E+00 1.9671E-01 0.0000E+003273 2151   95
 2.9400E+03 4.0000E+00 3.0856E+00 2.8889E+00 1.9671E-01 0.0000E+003273 2151   96
 4.0400E+03 5.0000E+00 7.8331E+00 7.6364E+00 1.9671E-01 0.0000E+003273 2151   97
 4.2380E+03 4.0000E+00 6.8634E+00 6.6667E+00 1.9671E-01 0.0000E+003273 2151   98
 4.4400E+03 5.0000E+00 5.1967E+00 5.0000E+00 1.9671E-01 0.0000E+003273 2151   99
 4.8230E+03 5.0000E+00 1.4694E+00 1.2727E+00 1.9671E-01 0.0000E+003273 2151  100
 5.2000E+03 4.0000E+00 3.5300E+00 3.3333E+00 1.9671E-01 0.0000E+003273 2151  101
 5.3570E+03 5.0000E+00 1.0197E+01 1.0000E+01 1.9671E-01 0.0000E+003273 2151  102
 5.7460E+03 4.0000E+00 6.3078E+00 6.1111E+00 1.9671E-01 0.0000E+003273 2151  103
 6.2000E+03 5.0000E+00 2.6513E+00 2.4545E+00 1.9671E-01 0.0000E+003273 2151  104
 6.3200E+03 4.0000E+00 2.7523E+00 2.5556E+00 1.9671E-01 0.0000E+003273 2151  105
 6.5850E+03 5.0000E+00 1.0197E+01 1.0000E+01 1.9671E-01 0.0000E+003273 2151  106
 7.7700E+03 4.0000E+00 1.8530E+01 1.8333E+01 1.9671E-01 0.0000E+003273 2151  107
 8.5300E+03 5.0000E+00 3.2924E+01 3.2727E+01 1.9671E-01 0.0000E+003273 2151  108
 0.0000E+00 0.0000E+00          0          0          0          03273 2  0  137
 0.0000E+00 0.0000E+00          0          0          0          03273 0  0  138
 0.0000E+00 0.0000E+00          0          0          0          0   0 0  0  139
                                                                     1 0  0    0
 3.207400+4 7.400000+1          1          0          0          04731 1451
 0.0        0.0                 0          0          0          64731 1451
 1.000000+0 2.000000+7          0          0         10          74731 1451
 0.0        0.0                 0          0         18          24731 1451
 zsymam               RES. EVAL                        1999mmdd   4731 1451
**********************                                            4731 1451
 RESONANCE PARAMETERS (S. Mughabghab, BNL, December 2002)         4731 1451
      The resonance parameters of Maletski et al.[1] in the       4731 1451  
the energy region 2.84-61.0 keV were adopted. A bound level       4731 1451  
level is required to fit a thermal capture cross section of       4731 1451  
0.53-+0.05 b [2]and a coherent scattering amplitude of            4731 1451  
7.58-+0.10 F.  A radiative width of 0.160 eV is assumed for       4731 1451  
the negative energy resonance. In these calulation  a potential   4731 1451  
scattering radius of 7.0 F is assumed from the systematics[4].    4731 1451                                                              4731 1451  
REFERENCES                                                        4731 1451  
                                                                  4731 1451  
1. Kh Maletsky et al. Sov. Jour. of Atomic Energy 24,207 (1968).  4731 1451  
2. S. F. Mughabghab in INDC(NDS)-424,2001.                        4731 1451  
3. L. Koester et al. Zeit. Phyz. A327,129 (1987).                 4731 1451  
4. S. F. Mughabghab, Neutron Cross Sections, Vol. 1 Part B        4731 1451  
   Academic Press (New York,1984).                                4731 1451  
**********************                                            4731 1451
                                1        451         11          04731 1451
                                2        151       9999          04731 1451
                                                                  4731 1  099999
                                                                  4731 0  0    0
 3.207400+4 7.400000+1          0          0          1          04731 2151
 3.207400+4 1.000000+0          0          0          1          04731 2151
 1.000000-5 6.105000+3          1          2          0          04731 2151
 0.0        7.000000-1          0          0          2          04731 2151
 7.336430+1 0.0                 0          0         54          94731 2151
-1.037000+3 5.000000-1 2.497016+1 2.497000+1 1.600000-1           4731 2151
 2.846000+3 5.000000-1 8.160000+0 8.000000+0 1.600000-1           4731 2151
 4.990000+3 5.000000-1 9.412000+1 9.400000+1 1.200000-1           4731 2151
 1.203000+4 5.000000-1 2.416000+1 2.400000+1 1.600000-1           4731 2151 
 1.945000+4 5.000000-1 1.201600-1 1.200000+2 1.600000-1           4731 2151 
 2.191000+4 5.000000-1 5.016000+1 5.000000+1 1.600000-1           4731 2151 
 2.510000+4 5.000000-1 4.416000+1 4.400000+1 1.600000-1           4731 2151 
 4.280000+4 5.000000-1 5.001600+2 5.000000+2 1.600000-1           4731 2151 
 6.104000+4 5.000000-1 8.101600+2 8.100000+2 1.600000-1           4731 2151 
 7.336430+1 0.0                 1          0         12          24731 2151
 3.035000+3 5.000000-1 1.230000+0 1.000000+0 2.300000-1           4731 2151
 4.170000+3 1.500000+0 2.320000-1 3.200000-2 2.000000-1           4731 2151
        0.0        0.0          0          0          0          04731 2  099999
        0.0        0.0          0          0          0          04731 0  0    0
 3.2076E+04 7.5267E+01          1          0          2          13276 1451    1
 0.0000E+00 0.0000E+00          0          0          0          63276 1451    2
 1.0000E+00 0.0000E+00          0          0          0          03276 1451    2
 0.0000E+00 0.0000E+00          0          0          2          03276 1451    3
          RESONANCE PARAMETERS OF NEUTRON CROSS SECTIONS          3276 1451    4
             ACADEMIC PRESS VOL 1A (1981),1B (1984)               3276 1451    5
 0.0000E+00 0.0000E+00          0          0          0          03276 1  0    6
 0.0000E+00 0.0000E+00          0          0          0          03276 0  0    7
 3.2076E+04 7.5267E+01          0          0          1          03276 2151    8
 3.2076E+04 1.0000E+00          0          0          1          03276 2151  124
 1.0000E-05 5.3570E+04          1          2          0          03276 2151  125
 0.0000E+00 6.7000E-01          0          0          1          03276 2151  126
 7.5267E+01 0.0000E+00          0          0         54          93276 2151  127
-4.7400E+03 5.0000E-01 3.7772E+02 3.7760E+02 1.1500E-01 0.0000E+003276 2151  128
 5.5000E+02 5.0000E-01 4.6500E-01 3.5000E-01 1.1500E-01 0.0000E+003276 2151  129
 4.7600E+03 5.0000E-01 6.1150E+00 6.0000E+00 1.1500E-01 0.0000E+003276 2151  130
 1.3940E+04 5.0000E-01 2.0115E+01 2.0000E+01 1.1500E-01 0.0000E+003276 2151  131
 1.5050E+04 5.0000E-01 8.4115E+01 8.4000E+01 1.1500E-01 0.0000E+003276 2151  132
 2.1040E+04 5.0000E-01 4.1115E+01 4.1000E+01 1.1500E-01 0.0000E+003276 2151  133
 2.2460E+04 5.0000E-01 1.7511E+02 1.7500E+02 1.1500E-01 0.0000E+003276 2151  134
 2.9600E+04 5.0000E-01 7.6011E+02 7.6000E+02 1.1500E-01 0.0000E+003276 2151  135
 4.8700E+04 5.0000E-01 2.3011E+02 2.3000E+02 1.1500E-01 0.0000E+003276 2151  136
 0.0000E+00 0.0000E+00          0          0          0          03276 2  0  137
 0.0000E+00 0.0000E+00          0          0          0          03276 0  0  138
 0.0000E+00 0.0000E+00          0          0          0          0   0 0  0  139
 0.0000E+00 0.0000E+00          0          0          0          0  -1 0  0  139


