#           Level density parameters for the EGSM model
#  Z  A  Sym Io   Bn       Do            dDo           Esh          +da      a       -da   
#                [MeV]    [keV]         [keV]         [MeV]         [1/MeV] [1/MeV] [1/MeV]
#-----------------------------------------------------------------------------------------------------
   9  20 F   0.5  6.601   0.16000E+03   0.40000E+02   0.14940E+01  0.1275  1.8497  0.0955
  11  24 Na  1.5  6.960   0.95000E+02   0.30000E+02   0.54700E+00  0.1731  1.8766  0.1198
  12  25 Mg  0.0  7.331   0.47000E+03   0.14000E+03  -0.85000E-01  0.1775  1.9644  0.1253
  12  26 Mg  2.5 11.092   0.43000E+02   0.17000E+02   0.67100E+00  0.2830  2.3609  0.1782
  12  27 Mg  0.0  6.444   0.26000E+03   0.50000E+02   0.66700E+00  0.1297  2.5407  0.1025
  13  28 Al  2.5  7.725   0.45000E+02   0.15000E+02  -0.77100E+00  0.1939  2.0857  0.1318
  14  29 Si  0.0  8.473   0.20000E+03   0.60000E+02  -0.24670E+01  0.1741  2.2102  0.1226
  14  30 Si  0.5 10.609   0.35000E+03   0.16000E+03  -0.93000E+00  0.2789  1.7373  0.1605
  15  32 P   0.5  7.935   0.75000E+02   0.20000E+02  -0.15200E+01  0.1433  2.2259  0.1058
  16  33 S   0.0  8.641   0.15000E+03   0.35000E+02  -0.11680E+01  0.1378  2.4564  0.1054
  16  34 S   1.5 11.417   0.27000E+02   0.10000E+02  -0.18800E+00  0.2502  2.6353  0.1635
  16  35 S   0.0  6.985   0.20000E+03   0.70000E+02   0.53400E+00  0.2686  2.7609  0.1799
  17  36 Cl  1.5  8.579   0.23000E+02   0.60000E+01  -0.48400E+00  0.1489  2.5148  0.1107
  17  38 Cl  1.5  6.107   0.15000E+02   0.40000E+01   0.19140E+01  0.2071  3.4728  0.1540
  18  41 Ar  0.0  6.098   0.70200E+02   0.17000E+02   0.40960E+01  0.2084  4.0752  0.1592
  19  40 K   1.5  7.799   0.15000E+02   0.50000E+01   0.12730E+01  0.2342  3.0377  0.1608
  19  42 K   1.5  7.533   0.15000E+02   0.50000E+01   0.32240E+01  0.2496  3.2236  0.1702
  20  41 Ca  0.0  8.362   0.32600E+02   0.43000E+01   0.10270E+01  0.0925  3.6779  0.0795
  20  43 Ca  0.0  7.932   0.20000E+02   0.50000E+01   0.30350E+01  0.2063  4.3162  0.1569
  20  44 Ca  3.5 11.132   0.18000E+01   0.30000E+00   0.31340E+01  0.1276  4.3349  0.1056
  20  45 Ca  0.0  7.415   0.24100E+02   0.32000E+01   0.29300E+01  0.1037  4.3993  0.0885
  21  46 Sc  3.5  8.761   0.13000E+01   0.10000E+00   0.24170E+01  0.0518  4.1288  0.0475
  22  47 Ti  0.0  8.878   0.25000E+02   0.44000E+01   0.17320E+01  0.1275  3.8412  0.1045
  22  48 Ti  2.5 11.626   0.17500E+01   0.25000E+00   0.16040E+01  0.1019  4.2076  0.0867
  22  49 Ti  0.0  8.142   0.18300E+02   0.29000E+01   0.11220E+01  0.1210  4.2912  0.1010
  22  50 Ti  3.5 10.939   0.40000E+01   0.80000E+00   0.35800E+00  0.1449  3.7240  0.1157
  22  51 Ti  0.0  6.372   0.12500E+03   0.70000E+02   0.45200E+00  0.5758  3.5354  0.3029
  23  51 V   6.0 11.050   0.23000E+01   0.60000E+00   0.21200E+00  0.1811  3.4856  0.1365
  23  52 V   3.5  7.311   0.41000E+01   0.60000E+00   0.18300E+00  0.1050  3.7992  0.0884
  24  51 Cr  0.0  9.262   0.13300E+02   0.13000E+01  -0.11800E+00  0.0677  4.0817  0.0598
  24  53 Cr  0.0  7.939   0.43400E+02   0.43700E+01  -0.29900E+00  0.0710  3.7465  0.0628
  24  54 Cr  1.5  9.718   0.78000E+01   0.80000E+00   0.46600E+00  0.0744  4.0143  0.0655
  24  55 Cr  0.0  6.246   0.62000E+02   0.80000E+01   0.11410E+01  0.0996  4.1442  0.0858
  25  56 Mn  2.5  7.271   0.23000E+01   0.40000E+00   0.10900E+00  0.1305  4.3577  0.1080
  26  55 Fe  0.0  9.298   0.18000E+02   0.24000E+01  -0.20400E+01  0.0901  3.8250  0.0764
  26  57 Fe  0.0  7.646   0.25400E+02   0.22000E+01  -0.51400E+00  0.0630  4.2356  0.0566
  26  58 Fe  0.5 10.044   0.65000E+01   0.10000E+01   0.20200E+00  0.1158  4.4862  0.0979
  26  59 Fe  0.0  6.580   0.25400E+02   0.49000E+01   0.95000E+00  0.1586  4.7121  0.1277
  27  60 Co  3.5  7.491   0.12500E+01   0.15000E+00   0.10400E+00  0.0884  4.6346  0.0780
  28  59 Ni  0.0  8.999   0.13400E+02   0.90000E+00  -0.21720E+01  0.0461  4.1501  0.0414
  28  60 Ni  1.5 11.388   0.20000E+01   0.70000E+00  -0.14120E+01  0.2818  4.3044  0.1908
  28  61 Ni  0.0  7.820   0.13800E+02   0.90000E+00  -0.49200E+00  0.0485  4.6803  0.0434
  28  62 Ni  1.5 10.597   0.21000E+01   0.15000E+00  -0.76000E-01  0.0507  4.6484  0.0464
  28  63 Ni  0.0  6.837   0.16000E+02   0.30000E+01   0.78300E+00  0.1548  5.0289  0.1264
  28  65 Ni  0.0  6.098   0.19600E+02   0.30000E+01   0.17360E+01  0.1410  5.2429  0.1163
  29  64 Cu  1.5  7.916   0.95000E+00   0.90000E-01   0.41500E+00  0.0695  5.1063  0.0629
  29  66 Cu  1.5  7.065   0.13000E+01   0.11000E+00   0.14600E+01  0.0645  5.3225  0.0573
  30  65 Zn  0.0  7.979   0.35900E+01   0.16000E+00   0.12690E+01  0.0339  5.7765  0.0333
  30  67 Zn  0.0  7.052   0.46200E+01   0.55000E+00   0.24340E+01  0.1094  6.0878  0.0951
  30  68 Zn  2.5 10.198   0.40000E+00   0.60000E-01   0.24770E+01  0.1226  5.9362  0.1039
  30  69 Zn  0.0  6.482   0.55600E+01   0.43000E+00   0.31040E+01  0.0801  6.3445  0.0716
  30  71 Zn  0.0  5.834   0.72000E+01   0.80000E+00   0.36230E+01  0.1386  6.6660  0.1203
  31  70 Ga  1.5  7.655   0.35000E+00   0.60000E-01   0.28400E+01  0.1415  6.1956  0.1178
  31  72 Ga  1.5  6.521   0.38000E+00   0.60000E-01   0.37890E+01  0.1521  6.7564  0.1266
  32  71 Ge  0.0  7.416   0.89000E+00   0.21000E+00   0.37750E+01  0.2818  7.5863  0.2159
  32  73 Ge  0.0  6.782   0.15000E+01   0.30000E+00   0.41850E+01  0.2585  7.6830  0.2060
  32  74 Ge  4.5 10.196   0.62000E-01   0.15000E-01   0.35800E+01  0.2509  7.3074  0.1910
  32  75 Ge  0.0  6.505   0.30000E+01   0.10000E+01   0.36960E+01  0.4603  7.0668  0.3105
  32  77 Ge  0.0  6.072   0.45000E+01   0.15000E+01   0.28060E+01  0.4728  6.9044  0.3188
  33  76 As  1.5  7.329   0.77000E-01   0.80000E-02   0.40430E+01  0.1014  7.7692  0.0900
  34  75 Se  0.0  8.027   0.34000E+00   0.80000E-01   0.42360E+01  0.2815  8.1736  0.2150
  34  77 Se  0.0  7.418   0.65000E+00   0.10000E+00   0.41500E+01  0.1854  8.0433  0.1559
  34  78 Se  0.5 10.498   0.11000E+00   0.30000E-01   0.35080E+01  0.2791  7.7038  0.2048
  34  79 Se  0.0  6.962   0.20000E+01   0.50000E+00   0.35080E+01  0.3052  7.1087  0.2274
  34  81 Se  0.0  6.701   0.20000E+01   0.80000E+00   0.21510E+01  0.5576  7.1702  0.3482
  34  83 Se  0.0  5.818   0.50000E+01   0.25000E+01   0.85400E+00  0.8152  6.8061  0.4404
  35  80 Br  1.5  7.892   0.47000E-01   0.50000E-02   0.36930E+01  0.0977  7.8223  0.0884
  35  82 Br  1.5  7.593   0.10500E+00   0.15000E-01   0.22790E+01  0.1270  7.2069  0.1088
  36  79 Kr  0.0  8.353   0.25000E+00   0.80000E-01   0.40620E+01  0.3941  8.2370  0.2755
  36  81 Kr  0.0  7.872   0.28000E+00   0.60000E-01   0.36570E+01  0.2634  8.4478  0.2061
  36  84 Kr  4.5 10.520   0.20000E+00   0.10000E+00   0.14000E+01  0.5129  5.9898  0.2916
  36  85 Kr  0.0  7.121   0.10000E+01   0.10000E+00   0.82900E+00  0.1062  7.4209  0.0952
  37  86 Rb  2.5  8.650   0.17000E+00   0.30000E-01   0.16100E+00  0.1371  6.0256  0.1142
  37  88 Rb  1.5  6.082   0.18000E+01   0.30000E+00  -0.39200E+00  0.1353  5.5259  0.1124
  38  85 Sr  0.0  8.530   0.32000E+00   0.12000E+00   0.22030E+01  0.4312  7.6799  0.2811
  38  87 Sr  0.0  8.427   0.26000E+01   0.80000E+00   0.18200E+00  0.2697  5.9107  0.1925
  38  88 Sr  4.5 11.113   0.29000E+00   0.80000E-01  -0.13690E+01  0.2216  5.3518  0.1655
  38  89 Sr  0.0  6.358   0.23700E+02   0.29000E+01  -0.87400E+00  0.0973  4.9732  0.0826
  39  90 Y   0.5  6.857   0.37000E+01   0.40000E+00  -0.11630E+01  0.0791  5.2158  0.0702
  40  91 Zr  0.0  7.194   0.60000E+01   0.14000E+01  -0.10460E+01  0.2019  5.6974  0.1560
  40  92 Zr  2.5  8.635   0.55000E+00   0.10000E+00   0.11500E+00  0.1638  6.1849  0.1335
  40  93 Zr  0.0  6.733   0.35000E+01   0.80000E+00   0.53400E+00  0.2465  6.5052  0.1884
  40  94 Zr  2.5  8.220   0.16000E+00   0.15000E-01   0.14120E+01  0.1088  7.7603  0.0969
  40  95 Zr  0.0  6.463   0.32000E+01   0.80000E+00   0.14470E+01  0.3105  6.8901  0.2304
  40  97 Zr  0.0  5.579   0.13000E+02   0.30000E+01   0.23310E+01  0.3103  6.2586  0.2345
  41  94 Nb  4.5  7.227   0.80000E-01   0.10000E-01   0.69200E+00  0.1119  6.9868  0.0978
  42  93 Mo  0.0  8.070   0.27000E+01   0.50000E+00  -0.15260E+01  0.1495  5.9402  0.1225
  42  95 Mo  0.0  7.369   0.13200E+01   0.18000E+00   0.26600E+00  0.1349  6.9887  0.1150
  42  96 Mo  2.5  9.154   0.10500E+00   0.10000E-01   0.11260E+01  0.0930  7.4182  0.0831
  42  97 Mo  0.0  6.821   0.10500E+01   0.20000E+00   0.17340E+01  0.2436  7.8397  0.1947
  42  98 Mo  2.5  8.642   0.75000E-01   0.20000E-01   0.24250E+01  0.3531  8.3248  0.2615
  42  99 Mo  0.0  5.925   0.10000E+01   0.20000E+00   0.32890E+01  0.3287  9.4132  0.2630
  43 100 Tc  4.5  6.764   0.12000E-01   0.13000E-02   0.29900E+01  0.1398  9.6139  0.1245
  44 100 Ru  2.5  9.673   0.25000E-01   0.40000E-02   0.13830E+01  0.1735  8.4366  0.1449
  44 102 Ru  2.5  9.219   0.18000E-01   0.30000E-02   0.26060E+01  0.2135  9.3706  0.1756
  44 103 Ru  0.0  6.232   0.55000E+00   0.15000E+00   0.34380E+01  0.4694  9.8437  0.3457
  44 105 Ru  0.0  5.910   0.30000E+00   0.75000E-01   0.40150E+01  0.4769 11.5730  0.3639
  45 104 Rh  0.5  6.999   0.32000E-01   0.40000E-02   0.29230E+01  0.1595  9.8587  0.1397
  46 105 Pd  0.0  7.094   0.24000E+00   0.30000E-01   0.20810E+01  0.1718  9.4273  0.1490
  46 106 Pd  2.5  9.562   0.10300E-01   0.50000E-03   0.22860E+01  0.0575  9.5929  0.0520
  46 107 Pd  0.0  6.538   0.14400E+00   0.32000E-01   0.30740E+01  0.3805 11.2515  0.3000
  46 108 Pd  2.5  9.221   0.11000E-01   0.90000E-03   0.30050E+01  0.1047 10.0175  0.0940
  46 109 Pd  0.0  6.153   0.18200E+00   0.33000E-01   0.35940E+01  0.3245 11.8120  0.2670
  46 111 Pd  0.0  5.750   0.28000E+00   0.50000E-01   0.37900E+01  0.3401 12.2269  0.2790
  47 108 Ag  0.5  7.270   0.22400E-01   0.50000E-02   0.24700E+01  0.2968  9.9558  0.2319
  47 110 Ag  0.5  6.809   0.15100E-01   0.14000E-02   0.32000E+01  0.1293 11.1983  0.1168
  48 107 Cd  0.0  7.925   0.13500E+00   0.35000E-01   0.51700E+00  0.3311  8.9232  0.2474
  48 109 Cd  0.0  7.323   0.12000E+00   0.30000E-01   0.15930E+01  0.3720  9.9524  0.2829
  48 111 Cd  0.0  6.975   0.15500E+00   0.20000E-01   0.22660E+01  0.1894 10.2672  0.1649
  48 112 Cd  0.5  9.398   0.20000E-01   0.40000E-02   0.22320E+01  0.2713 10.2643  0.2181
  48 113 Cd  0.0  6.540   0.19000E+00   0.25000E-01   0.26910E+01  0.2088 10.8109  0.1816
  48 114 Cd  0.5  9.042   0.24800E-01   0.26000E-02   0.24390E+01  0.1424 10.4827  0.1252
  48 115 Cd  0.0  6.141   0.23500E+00   0.35000E-01   0.27540E+01  0.2566 11.3833  0.2172
  48 117 Cd  0.0  5.777   0.39000E+00   0.90000E-01   0.24680E+01  0.4308 11.2700  0.3341
  49 114 In  4.5  7.274   0.13000E-01   0.30000E-02   0.20740E+01  0.2888  8.9465  0.2229
  49 116 In  4.5  6.784   0.95000E-02   0.50000E-03   0.22930E+01  0.0668  9.9036  0.0635
  50 113 Sn  0.0  7.742   0.15700E+00   0.52000E-01   0.79100E+00  0.4647  9.0313  0.3182
  50 115 Sn  0.0  7.546   0.28600E+00   0.10600E+00   0.90100E+00  0.5281  8.5922  0.3461
  50 117 Sn  0.0  6.944   0.38000E+00   0.13000E+00   0.12050E+01  0.5338  9.0075  0.3625
  50 118 Sn  0.5  9.326   0.55000E-01   0.50000E-02   0.88200E+00  0.1040  8.9988  0.0919
  50 119 Sn  0.0  6.485   0.48000E+00   0.90000E-01   0.11080E+01  0.2825  9.3091  0.2283
  50 120 Sn  0.5  9.107   0.90000E-01   0.20000E-01   0.46700E+00  0.2682  8.6190  0.2088
  50 121 Sn  0.0  6.171   0.16400E+01   0.20000E+00   0.49700E+00  0.1663  8.0219  0.1429
  50 125 Sn  0.0  5.733   0.50000E+01   0.12000E+01  -0.21070E+01  0.3090  6.7486  0.2318
  51 122 Sb  2.5  6.807   0.13000E-01   0.20000E-02   0.12610E+01  0.2039  9.8451  0.1702
  51 124 Sb  3.5  6.468   0.24000E-01   0.30000E-02   0.23400E+00  0.1565  9.0603  0.1363
  52 123 Te  0.0  6.929   0.13200E+00   0.15000E-01   0.16350E+01  0.1692 10.5868  0.1487
  52 124 Te  0.5  9.425   0.17000E-01   0.30000E-02   0.88900E+00  0.2302 10.2451  0.1909
  52 125 Te  0.0  6.576   0.19000E+00   0.20000E-01   0.77100E+00  0.1590 10.4474  0.1409
  52 126 Te  0.5  9.113   0.38000E-01   0.50000E-02  -0.16800E+00  0.1609  9.4803  0.1397
  52 127 Te  0.0  6.291   0.55000E+00   0.10000E+00  -0.48400E+00  0.2702  9.1389  0.2196
  52 129 Te  0.0  6.083   0.14600E+01   0.30000E+00  -0.21440E+01  0.2776  7.8238  0.2189
  52 131 Te  0.0  5.929   0.10400E+01   0.10000E+00  -0.41840E+01  0.1218  8.0184  0.1063
  53 128 I   2.5  6.826   0.15400E-01   0.50000E-03   0.10900E+00  0.0386  9.4873  0.0366
  53 130 I   3.5  6.500   0.13600E-01   0.30000E-03  -0.12770E+01  0.0258  9.4737  0.0255
  54 129 Xe  0.0  6.907   0.25000E+00   0.10000E+00   0.49700E+00  0.6774  9.4886  0.4297
  54 130 Xe  0.5  9.256   0.38000E-01   0.50000E-02  -0.37200E+00  0.1544  9.3062  0.1349
  54 131 Xe  0.0  6.605   0.23000E+00   0.60000E-01  -0.76700E+00  0.4096  9.8210  0.3076
  54 132 Xe  1.5  8.935   0.49000E-01   0.15000E-01  -0.17920E+01  0.3749  8.3790  0.2640
  54 133 Xe  0.0  6.439   0.75000E+00   0.23600E+00  -0.24700E+01  0.4526  8.1858  0.3155
  54 135 Xe  0.0  6.383   0.16000E+01   0.60000E+00  -0.46700E+01  0.4741  7.0817  0.3029
  54 137 Xe  0.0  4.026   0.13000E+02   0.60000E+01  -0.47590E+01  0.9177  7.1161  0.5295
  55 134 Cs  3.5  6.891   0.21000E-01   0.20000E-02  -0.15460E+01  0.1039  8.5863  0.0928
  55 135 Cs  4.0  8.762   0.16000E-01   0.30000E-02  -0.25810E+01  0.1803  8.0115  0.1463
  55 136 Cs  3.5  6.828   0.51000E-01   0.16000E-01  -0.36690E+01  0.3362  7.5238  0.2341
  56 131 Ba  0.0  7.493   0.58000E-01   0.10000E-01   0.13290E+01  0.2547 10.7630  0.2115
  56 133 Ba  0.0  7.189   0.11000E+00   0.35000E-01   0.33500E+00  0.5101 10.1638  0.3594
  56 135 Ba  0.0  6.972   0.37100E+00   0.36000E-01  -0.10620E+01  0.1226  8.7041  0.1084
  56 136 Ba  1.5  9.107   0.40000E-01   0.60000E-02  -0.20480E+01  0.1616  8.4136  0.1374
  56 137 Ba  0.0  6.906   0.12100E+01   0.11900E+00  -0.29350E+01  0.1006  7.2003  0.0889
  56 138 Ba  1.5  8.611   0.26000E+00   0.50000E-01  -0.38760E+01  0.1757  6.8533  0.1414
  56 139 Ba  0.0  4.723   0.18700E+02   0.29000E+01  -0.30170E+01  0.2077  6.1433  0.1704
  57 139 La  5.0  8.778   0.32000E-01   0.60000E-02  -0.29010E+01  0.1646  7.2798  0.1333
  57 140 La  3.5  5.161   0.22000E+00   0.40000E-01  -0.21450E+01  0.2366  7.5852  0.1909
  58 137 Ce  0.0  7.481   0.50000E-01   0.20000E-01   0.40000E-01  0.6881 10.7994  0.4403
  58 141 Ce  0.0  5.428   0.31000E+01   0.50000E+00  -0.17470E+01  0.2382  7.8418  0.1972
  58 142 Ce  3.5  7.169   0.65000E-01   0.20000E-01  -0.10350E+01  0.5148  9.3800  0.3643
  58 143 Ce  0.0  5.144   0.11000E+01   0.50000E+00  -0.35900E+00  1.0103 10.2177  0.6008
  59 142 Pr  2.5  5.842   0.11000E+00   0.20000E-01  -0.10420E+01  0.2352  8.1852  0.1898
  60 143 Nd  0.0  6.123   0.86000E+00   0.80000E-01  -0.94800E+00  0.1313  8.7696  0.1166
  60 144 Nd  3.5  7.816   0.35000E-01   0.50000E-02  -0.24700E+00  0.2030  9.4432  0.1731
  60 145 Nd  0.0  5.756   0.45000E+00   0.50000E-01   0.46400E+00  0.1878 10.6668  0.1640
  60 146 Nd  3.5  7.565   0.17000E-01   0.30000E-02   0.97800E+00  0.2929 11.1095  0.2413
  60 147 Nd  0.0  5.291   0.29000E+00   0.50000E-01   0.17350E+01  0.3513 12.9386  0.2891
  60 148 Nd  2.5  7.333   0.35000E-02   0.17000E-02   0.20590E+01  1.1975 14.9780  0.6961
  60 151 Nd  0.0  5.334   0.16500E+00   0.15000E-01   0.24630E+01  0.1849 14.1938  0.1675
  61 148 Pm  3.5  5.897   0.52000E-02   0.12000E-02   0.21760E+01  0.4139 12.6498  0.3244
  62 145 Sm  0.0  6.757   0.67000E+00   0.60000E-01  -0.58700E+00  0.1143  8.3557  0.1016
  62 148 Sm  3.5  8.142   0.51000E-02   0.50000E-03   0.14770E+01  0.1535 11.9742  0.1376
  62 149 Sm  0.0  5.871   0.10000E+00   0.20000E-01   0.22860E+01  0.4011 13.5440  0.3231
  62 150 Sm  3.5  7.985   0.21000E-02   0.30000E-03   0.25730E+01  0.2517 13.9635  0.2182
  62 151 Sm  0.0  5.596   0.46000E-01   0.80000E-02   0.32440E+01  0.3879 16.2234  0.3212
  62 152 Sm  2.5  8.258   0.10400E-02   0.15000E-03   0.28430E+01  0.2583 15.0310  0.2222
  62 153 Sm  0.0  5.867   0.48000E-01   0.50000E-02   0.28470E+01  0.2082 15.1288  0.1865
  62 155 Sm  0.0  5.807   0.11400E+00   0.15000E-01   0.20140E+01  0.2533 13.4120  0.2198
  63 152 Eu  2.5  6.306   0.73000E-03   0.70000E-04   0.35590E+01  0.1702 15.8741  0.1592
  63 153 Eu  3.0  8.550   0.35000E-03   0.50000E-04   0.31660E+01  0.2270 13.9844  0.1920
  63 154 Eu  2.5  6.442   0.11000E-02   0.20000E-03   0.29050E+01  0.3262 14.6862  0.2687
  63 155 Eu  3.0  8.151   0.92000E-03   0.12000E-03   0.25070E+01  0.2007 13.1478  0.1787
  63 156 Eu  2.5  6.337   0.43000E-02   0.15000E-02   0.19620E+01  0.6549 12.5309  0.4477
  64 153 Gd  0.0  6.247   0.14000E-01   0.30000E-02   0.34000E+01  0.4616 16.5625  0.3685
  64 155 Gd  0.0  6.435   0.14500E-01   0.15000E-02   0.30090E+01  0.2006 15.8040  0.1783
  64 156 Gd  1.5  8.536   0.17000E-02   0.20000E-03   0.25200E+01  0.1952 14.1774  0.1758
  64 157 Gd  0.0  6.360   0.30000E-01   0.60000E-02   0.22490E+01  0.3934 14.4433  0.3180
  64 158 Gd  1.5  7.937   0.49000E-02   0.50000E-03   0.19600E+01  0.1719 13.6087  0.1560
  64 159 Gd  0.0  5.943   0.82000E-01   0.60000E-02   0.17280E+01  0.1345 13.5776  0.1243
  64 161 Gd  0.0  5.635   0.20000E+00   0.20000E-01   0.12500E+01  0.1865 12.6367  0.1665
  65 160 Tb  1.5  6.375   0.42000E-02   0.30000E-03   0.17470E+01  0.1140 13.0959  0.1048
  66 157 Dy  0.0  6.969   0.28000E-02   0.30000E-03   0.30700E+01  0.2080 17.3387  0.1830
  66 159 Dy  0.0  6.831   0.22000E-01   0.11000E-01   0.25040E+01  1.1698 13.9283  0.6662
  66 161 Dy  0.0  6.454   0.27000E-01   0.50000E-02   0.20030E+01  0.3568 14.3392  0.2926
  66 162 Dy  2.5  8.196   0.24000E-02   0.20000E-03   0.16460E+01  0.1372 13.4627  0.1239
  66 163 Dy  0.0  6.271   0.62000E-01   0.50000E-02   0.12970E+01  0.1416 13.1434  0.1301
  66 164 Dy  2.5  7.658   0.68000E-02   0.60000E-03   0.11000E+01  0.1467 12.7805  0.1340
  66 165 Dy  0.0  5.715   0.15000E+00   0.10000E-01   0.94300E+00  0.1214 12.8681  0.1116
  67 166 Ho  3.5  6.244   0.42000E-02   0.50000E-03   0.81900E+00  0.1906 12.1227  0.1665
  68 163 Er  0.0  6.902   0.80000E-02   0.20000E-02   0.24410E+01  0.5032 15.4805  0.3824
  68 165 Er  0.0  6.649   0.21000E-01   0.40000E-02   0.18520E+01  0.3610 14.2702  0.2946
  68 167 Er  0.0  6.436   0.38000E-01   0.30000E-02   0.10920E+01  0.1383 13.5397  0.1268
  68 168 Er  3.5  7.771   0.42000E-02   0.30000E-03   0.96800E+00  0.1177 12.8208  0.1067
  68 169 Er  0.0  6.003   0.10000E+00   0.10000E-01   0.73500E+00  0.1805 12.8235  0.1605
  68 171 Er  0.0  5.682   0.14700E+00   0.20000E-01   0.50300E+00  0.2577 12.8809  0.2236
  69 170 Tm  0.5  6.593   0.85000E-02   0.70000E-03   0.66600E+00  0.1269 12.4839  0.1152
  69 171 Tm  1.0  7.486   0.39000E-02   0.10000E-02   0.73900E+00  0.4479 13.1157  0.3422
  70 169 Yb  0.0  6.867   0.80000E-02   0.30000E-02   0.16670E+01  0.8159 15.3476  0.5426
  70 170 Yb  3.5  8.470   0.16000E-02   0.40000E-03   0.13960E+01  0.4357 13.0359  0.3342
  70 171 Yb  0.0  6.614   0.33000E-01   0.60000E-02   0.11080E+01  0.3323 13.3991  0.2737
  70 172 Yb  0.5  8.020   0.58000E-02   0.50000E-03   0.91600E+00  0.1457 13.9595  0.1329
  70 173 Yb  0.0  6.367   0.70000E-01   0.30000E-02   0.52200E+00  0.0699 12.5519  0.0695
  70 174 Yb  2.5  7.464   0.78000E-02   0.90000E-03   0.52700E+00  0.1975 12.8126  0.1757
  70 175 Yb  0.0  5.822   0.16200E+00   0.18000E-01   0.33400E+00  0.2020 12.3501  0.1782
  70 177 Yb  0.0  5.567   0.18500E+00   0.20000E-01   0.31600E+00  0.2041 12.7579  0.1807
  71 176 Lu  3.5  6.288   0.30000E-02   0.40000E-03   0.47400E+00  0.2178 12.5605  0.1899
  71 177 Lu  7.0  7.072   0.27500E-02   0.85000E-03   0.78900E+00  0.5802 12.3870  0.4125
  72 175 Hf  0.0  6.709   0.18000E-01   0.50000E-02   0.13110E+01  0.5536 14.2833  0.4108
  72 177 Hf  0.0  6.377   0.30000E-01   0.70000E-02   0.93400E+00  0.4608 14.1116  0.3591
  72 178 Hf  3.5  7.626   0.24000E-02   0.30000E-03   0.95700E+00  0.2237 14.0542  0.1967
  72 179 Hf  0.0  6.099   0.57000E-01   0.60000E-02   0.68500E+00  0.1936 13.6224  0.1733
  72 180 Hf  4.5  7.388   0.46000E-02   0.30000E-03   0.60200E+00  0.1114 13.0942  0.1040
  72 181 Hf  0.0  5.695   0.94000E-01   0.15000E-01   0.40500E+00  0.3155 13.6993  0.2666
  73 181 Ta  1.0  7.577   0.12000E-02   0.20000E-03   0.52500E+00  0.2909 14.7530  0.2436
  73 182 Ta  3.5  6.063   0.42000E-02   0.30000E-03   0.22500E+00  0.1146 12.4806  0.1057
  73 183 Ta  3.0  6.934   0.35000E-02   0.70000E-03   0.52000E+00  0.3558 13.0980  0.2873
  74 181 W   0.0  6.681   0.20000E-01   0.70000E-02   0.65300E+00  0.7272 14.0097  0.4971
  74 183 W   0.0  6.191   0.60000E-01   0.60000E-02   0.24300E+00  0.1785 13.1992  0.1608
  74 184 W   0.5  7.411   0.12000E-01   0.10000E-02   0.31300E+00  0.1483 13.9821  0.1345
  74 185 W   0.0  5.753   0.70000E-01   0.70000E-02   0.25400E+00  0.1919 14.0649  0.1725
  74 187 W   0.0  5.467   0.85000E-01   0.80000E-02   0.12100E+00  0.1882 14.4885  0.1694
  75 186 Re  2.5  6.180   0.31000E-02   0.30000E-03   0.41000E-01  0.1598 13.1571  0.1440
  75 188 Re  2.5  5.871   0.41000E-02   0.30000E-03  -0.15500E+00  0.1223 13.3309  0.1127
  76 187 Os  0.0  6.293   0.29000E-01   0.30000E-02   0.17800E+00  0.1893 14.2117  0.1694
  76 188 Os  0.5  7.989   0.40000E-02   0.60000E-03  -0.15800E+00  0.2617 14.3401  0.2250
  76 189 Os  0.0  5.920   0.47000E-01   0.60000E-02  -0.19400E+00  0.2457 14.2164  0.2142
  76 190 Os  1.5  7.791   0.34000E-02   0.40000E-03  -0.66200E+00  0.2024 13.7752  0.1780
  76 191 Os  0.0  5.758   0.70000E-01   0.10000E-01  -0.84800E+00  0.2756 13.7146  0.2351
  76 193 Os  0.0  5.585   0.11500E+00   0.10000E-01  -0.17200E+01  0.1594 12.9836  0.1437
  77 192 Ir  1.5  6.198   0.25000E-02   0.50000E-03  -0.97500E+00  0.3545 13.8798  0.2886
  77 193 Ir  4.0  7.771   0.70000E-03   0.20000E-03  -0.14790E+01  0.4919 13.0721  0.3619
  77 194 Ir  1.5  6.067   0.70000E-02   0.20000E-02  -0.20310E+01  0.5096 12.2714  0.3752
  78 193 Pt  0.0  6.255   0.22000E-01   0.80000E-02  -0.11920E+01  0.7871 14.4610  0.5325
  78 195 Pt  0.0  6.104   0.20000E+00   0.80000E-01  -0.24140E+01  0.7887 10.8283  0.5048
  78 196 Pt  0.5  7.922   0.18000E-01   0.30000E-02  -0.31560E+01  0.2604 11.4448  0.2167
  78 197 Pt  0.0  5.846   0.35000E+00   0.10000E+00  -0.35460E+01  0.5094 10.1591  0.3693
  78 199 Pt  0.0  5.556   0.34000E+00   0.90000E-01  -0.46380E+01  0.4770 10.4293  0.3545
  79 198 Au  1.5  6.512   0.16500E-01   0.90000E-03  -0.43920E+01  0.0694  9.9321  0.0648
  80 199 Hg  0.0  6.664   0.10000E+00   0.20000E-01  -0.49720E+01  0.3030 10.2360  0.2437
  80 200 Hg  0.5  8.028   0.80000E-01   0.30000E-01  -0.56530E+01  0.5442  8.8670  0.3533
  80 201 Hg  0.0  6.230   0.65000E+00   0.15000E+00  -0.62420E+01  0.3143  8.1642  0.2409
  80 202 Hg  1.5  7.754   0.70000E-01   0.30000E-01  -0.69530E+01  0.6203  8.3045  0.3729
  81 204 Tl  0.5  6.656   0.28000E+00   0.50000E-01  -0.83840E+01  0.1590  7.1004  0.1316
  81 206 Tl  0.5  6.503   0.55000E+01   0.15000E+01  -0.10155E+02  0.1917  5.0256  0.1431
  82 205 Pb  0.0  6.731   0.20000E+01   0.50000E+00  -0.84600E+01  0.2316  6.4240  0.1732
  82 207 Pb  0.0  6.737   0.32000E+02   0.60000E+01  -0.10547E+02  0.1204  4.5101  0.0982
  82 208 Pb  0.5  7.368   0.38000E+02   0.80000E+01  -0.10998E+02  0.1331  4.0522  0.1066
  82 209 Pb  0.0  3.936   0.40000E+03   0.20000E+03  -0.96870E+01  0.4219  3.4232  0.2233
  83 210 Bi  4.5  4.604   0.40000E+01   0.70000E+00  -0.86070E+01  0.1287  4.6678  0.1043
  90 229 Th  0.0  5.254   0.50000E-02   0.30000E-02   0.23790E+01  2.3354 23.1515  1.1598
  90 230 Th  2.5  6.794   0.62000E-03   0.12000E-03   0.23200E+01  0.4709 20.3680  0.3825
  91 232 Pa  1.5  5.553   0.45000E-03   0.50000E-04   0.20910E+01  0.2508 20.4965  0.2183
  91 233 Pa  2.0  6.526   0.48000E-03   0.12000E-03   0.22660E+01  0.5853 19.3192  0.4481
  91 234 Pa  1.5  5.219   0.60000E-03   0.10000E-03   0.21630E+01  0.4076 21.2674  0.3369
  92 233 U   0.0  5.760   0.46000E-02   0.70000E-03   0.16990E+01  0.3692 20.5979  0.3143
  92 234 U   2.5  6.843   0.55000E-03   0.50000E-04   0.17440E+01  0.2055 20.1925  0.1847
  92 235 U   0.0  5.298   0.12000E-01   0.80000E-03   0.17680E+01  0.1605 20.4983  0.1514
  92 236 U   3.5  6.544   0.43000E-03   0.20000E-04   0.18550E+01  0.1078 21.4868  0.1066
  92 237 U   0.0  5.126   0.15000E-01   0.10000E-02   0.18060E+01  0.1653 20.8246  0.1555
  92 238 U   0.5  6.153   0.35000E-02   0.80000E-03   0.20350E+01  0.6209 21.5899  0.4857
  93 237 Np  6.0  6.573   0.60000E-03   0.60000E-04   0.16340E+01  0.2012 17.0239  0.1836
  93 238 Np  2.5  5.488   0.57000E-03   0.30000E-04   0.14280E+01  0.1105 19.2585  0.1081
  93 239 Np  2.0  6.217   0.41000E-03   0.10000E-03   0.17970E+01  0.6003 20.6210  0.4644
  94 239 Pu  0.0  5.647   0.90000E-02   0.10000E-02   0.11030E+01  0.2565 19.3252  0.2301
  94 240 Pu  0.5  6.533   0.22000E-02   0.50000E-04   0.13540E+01  0.0484 20.6272  0.0511
  94 241 Pu  0.0  5.241   0.12400E-01   0.70000E-03   0.13530E+01  0.1354 20.4985  0.1292
  94 242 Pu  2.5  6.309   0.73000E-03   0.80000E-04   0.15790E+01  0.2747 21.8558  0.2449
  94 243 Pu  0.0  5.034   0.13500E-01   0.15000E-02   0.15460E+01  0.2888 21.4345  0.2567
  95 242 Am  2.5  5.537   0.58000E-03   0.40000E-04   0.95100E+00  0.1443 19.0163  0.1388
  95 243 Am  5.0  6.367   0.26000E-03   0.60000E-04   0.13230E+01  0.5460 19.5675  0.4233
  95 244 Am  2.5  5.363   0.73000E-03   0.60000E-04   0.11600E+01  0.1779 19.2683  0.1675
  96 243 Cm  0.0  5.693   0.14000E-01   0.30000E-02   0.73000E+00  0.5075 18.0507  0.4052
  96 244 Cm  2.5  6.800   0.69000E-03   0.60000E-04   0.86400E+00  0.1904 19.7229  0.1804
  96 245 Cm  0.0  5.520   0.11800E-01   0.12000E-02   0.74300E+00  0.2356 19.1058  0.2122
  96 246 Cm  0.5  6.457   0.13000E-02   0.20000E-03   0.97200E+00  0.3887 22.0619  0.3258
  96 247 Cm  0.0  5.156   0.30000E-01   0.50000E-02   0.97900E+00  0.4151 18.6821  0.3480
  96 248 Cm  4.5  6.213   0.14000E-02   0.30000E-03   0.12120E+01  0.5516 19.7988  0.4421
  97 250 Bk  3.5  4.968   0.11000E-02   0.10000E-03   0.10430E+01  0.2083 19.5618  0.1925
  98 250 Cf  4.5  6.624   0.70000E-03   0.10000E-03   0.38600E+00  0.3307 19.3971  0.2891
  98 251 Cf  0.0  5.109   0.12000E-01   0.20000E-02   0.59700E+00  0.4353 20.8414  0.3677
