90 221 5 2 4.83 0.62 7.62 0.28 7.57 0.39 2.26 0.56 6.85 0.18
90 222 5 2 4.54 0.66 7.16 0.28 7.58 0.41 1.96 0.56 6.32 0.23
90 223 5 2 4.10 0.63 6.66 0.24 7.06 0.37 1.64 0.55 5.83 0.22
90 227 5 2 3.82 0.60 6.48 0.27 6.67 0.16 1.92 0.32 5.41 0.15
90 228 5 2 4.02 0.62 6.55 0.32 6.25 0.11 2.10 0.39 5.52 0.18
90 229 5 2 4.27 0.61 6.49 0.51 5.65 0.17 1.79 0.50 5.13 0.27
90 230 5 2 4.23 0.54 7.00 0.52 5.51 0.10 1.85 0.46 5.27 0.23
90 231 5 2 4.27 0.61 6.49 0.51 5.65 0.17 1.79 0.50 5.13 0.27
90 232 5 2 4.86 0.59 6.88 0.45 5.72 0.13 1.68 0.53 5.38 0.13
90 233 5 2 5.02 0.61 7.06 0.53 5.51 0.23 1.74 0.47 5.13 0.26
90 234 5 2 5.21 0.64 7.00 0.46 5.81 0.20 1.55 0.54 5.17 0.22
91 230 5 2 3.67 0.58 5.73 0.33 5.32 0.27 1.62 0.49 3.97 0.16
91 231 5 2 4.26 0.61 5.97 0.48 4.00 0.09 1.70 0.47 3.86 0.05
91 232 5 2 4.25 0.64 6.03 0.45 4.44 0.04 1.56 0.52 3.66 0.10
91 233 3 1 4.73 0.65 6.28 0.37 1.41 0.54
91 234 5 2 4.25 0.64 6.03 0.45 4.44 0.04 1.56 0.52 3.66 0.10
92 231 5 2 3.69 0.55 5.13 0.28 2.58 0.30 1.62 0.45 2.15 0.13
92 232 5 2 4.34 0.62 5.52 0.33 2.60 0.23 1.84 0.47 2.48 0.06
92 233 3 1 3.93 0.64 5.11 0.49 1.23 0.47
92 234 5 2 5.04 0.66 5.97 0.45 2.27 0.28 1.72 0.52 2.13 0.17
92 235 3 1 5.39 0.68 6.27 0.48 1.97 0.48
92 236 3 1 5.52 0.63 6.03 0.40 1.64 0.52
92 237 5 2 5.55 0.61 6.41 0.45 4.22 0.19 1.64 0.51 3.72 0.22
92 238 5 2 5.93 0.69 6.48 0.46 3.81 0.14 1.72 0.52 3.61 0.18
92 239 5 2 5.99 0.65 6.54 0.40 3.67 0.09 1.80 0.51 3.32 0.16
92 240 5 2 6.29 0.70 6.95 0.52 3.96 0.20 1.95 0.52 3.36 0.17
93 233 3 1 4.26 0.62 6.45 0.42 2.14 0.54
93 234 3 1 4.09 0.63 4.71 0.46 0.99 0.52
93 235 3 1 5.17 0.65 5.39 0.50 1.57 0.55
93 236 3 1 5.39 0.67 5.54 0.50 1.74 0.47
93 237 3 1 5.70 0.67 5.66 0.46 1.44 0.55
93 238 3 1 5.75 0.67 5.74 0.43 1.40 0.51
94 235 3 1 4.36 0.61 4.36 0.45 1.17 0.49
94 236 3 1 5.15 0.62 4.67 0.47 1.36 0.53
94 237 3 1 5.54 0.66 5.07 0.42 1.63 0.50
94 238 3 1 5.96 0.67 5.24 0.39 1.59 0.52
94 239 3 1 5.96 0.67 5.33 0.42 1.41 0.51
94 240 3 1 6.49 0.70 5.61 0.37 1.69 0.54
94 241 3 1 6.56 0.72 5.83 0.43 1.83 0.54
94 242 3 1 6.81 0.70 6.02 0.45 1.84 0.53
94 243 3 1 6.47 0.72 5.80 0.46 1.53 0.54
94 244 5 2 6.85 0.72 6.25 0.47 1.59 0.17 1.96 0.52 1.35 0.13
94 245 5 2 6.62 0.63 6.21 0.43 1.40 0.15 1.79 0.52 1.11 0.20
94 246 5 2 6.94 0.66 6.43 0.47 1.67 0.27 2.16 0.49 1.09 0.18
95 239 3 1 6.10 0.65 4.49 0.35 1.28 0.56
95 240 3 1 6.00 0.59 4.56 0.43 1.12 0.53
95 241 3 1 6.49 0.69 4.86 0.43 1.33 0.54
95 242 3 1 6.56 0.71 5.15 0.44 1.39 0.55
95 243 3 1 6.89 0.74 5.33 0.43 1.63 0.53
95 244 3 1 6.70 0.67 5.21 0.45 1.33 0.55
95 245 3 1 7.01 0.70 5.54 0.43 1.60 0.53
95 246 3 1 6.70 0.69 5.28 0.42 1.32 0.54
95 247 5 2 7.22 0.65 5.71 0.41 0.17 0.16 1.82 0.48 0.04 0.15
96 241 5 2 6.04 0.67 4.07 0.41 0.41 0.21 0.95 0.52 1.75 0.17
96 242 3 1 6.75 0.66 4.50 0.40 1.32 0.56
96 243 3 1 6.83 0.68 4.70 0.33 1.27 0.56
96 244 3 1 7.13 0.74 4.83 0.39 1.48 0.55
96 245 3 1 6.74 0.68 4.74 0.42 1.26 0.54
96 246 3 1 7.31 0.74 5.23 0.43 1.52 0.56
96 247 3 1 7.06 0.69 5.10 0.38 1.36 0.55
96 248 3 1 7.25 0.70 5.25 0.45 1.59 0.54
96 249 3 1 6.99 0.66 5.09 0.38 1.45 0.51
96 250 5 2 7.07 0.70 5.04 0.45 1.43 0.18 1.45 0.52 1.50 0.13
97 244 3 1 6.83 0.71 3.79 0.30 0.82 0.55
97 245 3 1 7.29 0.71 4.29 0.34 1.22 0.54
97 246 3 1 7.18 0.75 4.17 0.45 0.92 0.56
97 247 3 1 7.49 0.77 4.40 0.40 1.25 0.54
97 248 3 1 7.46 0.71 4.48 0.36 1.19 0.56
97 249 3 1 7.64 0.74 4.61 0.38 1.35 0.54
97 250 3 1 7.20 0.68 4.39 0.38 1.11 0.51
98 250 3 1 7.64 0.75 4.15 0.44 1.00 0.53
98 251 3 1 7.31 0.72 4.08 0.43 0.79 0.53
98 252 3 1 7.57 0.74 3.67 0.34 0.89 0.56
98 253 4 1 7.55 0.72 3.51 0.40 0.65 0.53
98 255 5 2 7.01 0.70 2.22 0.34 2.10 0.36 0.28 0.44 1.69 0.05
