   3006  13    .00    .00 .0000E+00  .000E+00
   3008  10    .00    .00 .0000E+00  .000E+00
   4008  22    .00    .00 .0000E+00  .000E+00
   4009  29    .00    .00 .0000E+00  .000E+00
   4010  11    .00    .00 .0000E+00  .000E+00
   4011  12    .00    .00 .0000E+00  .000E+00
   5009  15    .00    .00 .0000E+00  .000E+00
   5010  25    .00    .00 .0000E+00  .000E+00
   5011  23    .00    .00 .0000E+00  .000E+00
   5012  11    .00    .00 .0000E+00  .000E+00
   5013  11    .00    .00 .0000E+00  .000E+00
   6011  17    .00    .00 .0000E+00  .000E+00
   6012  10    .00    .00 .0000E+00  .000E+00
   6013  30    .00    .00 .0000E+00  .000E+00
   6014  23    .00    .00 .0000E+00  .000E+00
   6015  21    .00    .00 .0000E+00  .000E+00
   7012  10    .00    .00 .0000E+00  .000E+00
   7013  24    .00    .00 .0000E+00  .000E+00
   7014  30    .00    .00 .0000E+00  .000E+00
   7015  30    .00    .00 .0000E+00  .000E+00
   7016  30    .00    .00 .0000E+00  .000E+00
   7017  13    .00    .00 .0000E+00  .000E+00
   8014  15    .00    .00 .0000E+00  .000E+00
   8015  30    .00    .00 .0000E+00  .000E+00
   8016  30    .00    .00 .0000E+00  .000E+00
   8017  30    .00    .00 .0000E+00  .000E+00
   8018  30    .00    .00 .0000E+00  .000E+00
   8019  22    .00    .00 .0000E+00  .000E+00
   8020  11    .00    .00 .0000E+00  .000E+00
   9016  25    .00    .00 .0000E+00  .000E+00
   9017  30    .00    .00 .0000E+00  .000E+00
   9018  30    .00    .00 .0000E+00  .000E+00
   9019  30    .00    .00 .0000E+00  .000E+00
   9020  30   3.22   1.83 .6601E+01  .160E+06
   9021  28    .00    .00 .0000E+00  .000E+00
   9022  13    .00    .00 .0000E+00  .000E+00
  10018  10    .00    .00 .0000E+00  .000E+00
  10019  30    .00    .00 .0000E+00  .000E+00
  10020  30    .00    .00 .0000E+00  .000E+00
  10021  30    .00    .00 .0000E+00  .000E+00
  10022  30    .00    .00 .0000E+00  .000E+00
  10023  22    .00    .00 .0000E+00  .000E+00
  11020  16    .00    .00 .0000E+00  .000E+00
  11021  12    .00    .00 .0000E+00  .000E+00
  11022  30    .00    .00 .0000E+00  .000E+00
  11023  30    .00    .00 .0000E+00  .000E+00
  11024  30   3.49   1.83 .6959E+01  .950E+05
  11025  30    .00    .00 .0000E+00  .000E+00
  11026  22    .00    .00 .0000E+00  .000E+00
  12022  15    .00    .00 .0000E+00  .000E+00
  12023  30    .00    .00 .0000E+00  .000E+00
  12024  30    .00    .00 .0000E+00  .000E+00
  12025  30   3.67   1.98 .7331E+01  .470E+06
  12026  30   4.16   2.18 .1109E+02  .550E+05
  12027  30    .00    .00 .0000E+00  .000E+00
  12028  14    .00    .00 .0000E+00  .000E+00
  12029  11    .00    .00 .0000E+00  .000E+00
  12030  12    .00    .00 .0000E+00  .000E+00
  13024  14    .00    .00 .0000E+00  .000E+00
  13025  15    .00    .00 .0000E+00  .000E+00
  13026  30    .00    .00 .0000E+00  .000E+00
  13027  30    .00    .00 .0000E+00  .000E+00
  13028  30   3.83   1.98 .7725E+01  .550E+05
  13029  30    .00    .00 .0000E+00  .000E+00
  13030  11    .00    .00 .0000E+00  .000E+00
  13031  10    .00    .00 .0000E+00  .000E+00
  14025  10    .00    .00 .0000E+00  .000E+00
  14026  10    .00    .00 .0000E+00  .000E+00
  14027  30    .00    .00 .0000E+00  .000E+00
  14028  30    .00    .00 .0000E+00  .000E+00
  14029  30   4.09   2.30 .8474E+01  .200E+06
  14030  30    .00    .00 .0000E+00  .000E+00
  14031  30    .00    .00 .0000E+00  .000E+00
  14032  17    .00    .00 .0000E+00  .000E+00
  15028  19    .00    .00 .0000E+00  .000E+00
  15029  30    .00    .00 .0000E+00  .000E+00
  15030  30    .00    .00 .0000E+00  .000E+00
  15031  30    .00    .00 .0000E+00  .000E+00
  15032  30   3.99   2.25 .7937E+01  .750E+05
  15033  30    .00    .00 .0000E+00  .000E+00
  15034  10    .00    .00 .0000E+00  .000E+00
  15035  10    .00    .00 .0000E+00  .000E+00
  16031  26    .00    .00 .0000E+00  .000E+00
  16032  30    .00    .00 .0000E+00  .000E+00
  16033  30   4.42   1.95 .8642E+01  .150E+06
  16034  30   4.57   4.01 .1142E+02  .270E+05
  16035  10   5.04   2.78 .6986E+01  .200E+06
  16036  15    .00    .00 .0000E+00  .000E+00
  16037  13    .00    .00 .0000E+00  .000E+00
  16038  12    .00    .00 .0000E+00  .000E+00
  17032  15    .00    .00 .0000E+00  .000E+00
  17033  30    .00    .00 .0000E+00  .000E+00
  17034  30    .00    .00 .0000E+00  .000E+00
  17035  30    .00    .00 .0000E+00  .000E+00
  17036  30   4.82   2.84 .8580E+01  .130E+05
  17037  30    .00    .00 .0000E+00  .000E+00
  17038  30   5.70   3.22 .6108E+01  .210E+05
  17039  14    .00    .00 .0000E+00  .000E+00
  17040  10    .00    .00 .0000E+00  .000E+00
  18034  13    .00    .00 .0000E+00  .000E+00
  18035  23    .00    .00 .0000E+00  .000E+00
  18036  30    .00    .00 .0000E+00  .000E+00
  18037  30    .00    .00 .0000E+00  .000E+00
  18038  30    .00    .00 .0000E+00  .000E+00
  18039  27    .00    .00 .0000E+00  .000E+00
  18040  30    .00    .00 .0000E+00  .000E+00
  18041  26   6.71   3.75 .6099E+01  .950E+05
  18042  15    .00    .00 .0000E+00  .000E+00
  19036  10    .00    .00 .0000E+00  .000E+00
  19037  30    .00    .00 .0000E+00  .000E+00
  19038  30    .00    .00 .0000E+00  .000E+00
  19039  30    .00    .00 .0000E+00  .000E+00
  19040  30   6.20   3.86 .7800E+01  .430E+04
  19041  30   6.56   3.94 .1010E+02  .250E+04
  19042  30   6.34   3.88 .7534E+01  .480E+04
  19043  22    .00    .00 .0000E+00  .000E+00
  19044  13    .00    .00 .0000E+00  .000E+00
  19045  21    .00    .00 .0000E+00  .000E+00
  19046  10    .00    .00 .0000E+00  .000E+00
  19047  14    .00    .00 .0000E+00  .000E+00
  20038  15    .00    .00 .0000E+00  .000E+00
  20039  16    .00    .00 .0000E+00  .000E+00
  20040  30    .00    .00 .0000E+00  .000E+00
  20041  30   5.85   3.49 .8363E+01  .450E+05
  20042  30    .00    .00 .0000E+00  .000E+00
  20043  30   6.63   4.04 .7933E+01  .280E+05
  20044  30   6.81   4.07 .1113E+02  .260E+04
  20045  30   6.92   4.11 .7415E+01  .330E+05
  20046  30    .00    .00 .0000E+00  .000E+00
  20047  30    .00    .00 .0000E+00  .000E+00
  20048  30    .00    .00 .0000E+00  .000E+00
  20049  11   6.79   3.28 .5147E+01  .260E+06
  20050  10    .00    .00 .0000E+00  .000E+00
  20051  16    .00    .00 .0000E+00  .000E+00
  21041  10    .00    .00 .0000E+00  .000E+00
  21042  30    .00    .00 .0000E+00  .000E+00
  21043  30    .00    .00 .0000E+00  .000E+00
  21044  10    .00    .00 .0000E+00  .000E+00
  21045  30    .00    .00 .0000E+00  .000E+00
  21046  30   6.86   4.12 .8761E+01  .130E+04
  21047  30    .00    .00 .0000E+00  .000E+00
  21048  30    .00    .00 .0000E+00  .000E+00
  21049  30    .00    .00 .0000E+00  .000E+00
  21050  30    .00    .00 .0000E+00  .000E+00
  21051  15    .00    .00 .0000E+00  .000E+00
  22042  15    .00    .00 .0000E+00  .000E+00
  22043  11    .00    .00 .0000E+00  .000E+00
  22044  13    .00    .00 .0000E+00  .000E+00
  22045  28    .00    .00 .0000E+00  .000E+00
  22046  30    .00    .00 .0000E+00  .000E+00
  22047  30   6.63   4.07 .8878E+01  .169E+05
  22048  30   6.86   4.30 .1163E+02  .160E+04
  22049  30   7.03   4.23 .8143E+01  .200E+05
  22050  30   6.62   3.79 .1094E+02  .360E+04
  22051  15   7.21   3.91 .6372E+01  .710E+05
  22052  20    .00    .00 .0000E+00  .000E+00
  23046  10    .00    .00 .0000E+00  .000E+00
  23047  30    .00    .00 .0000E+00  .000E+00
  23048  10    .00    .00 .0000E+00  .000E+00
  23049  30    .00    .00 .0000E+00  .000E+00
  23050  30    .00    .00 .0000E+00  .000E+00
  23051  30   7.01   3.76 .1105E+02  .140E+04
  23052  30   6.84   3.74 .7311E+01  .439E+04
  23053  30    .00    .00 .0000E+00  .000E+00
  23054  11    .00    .00 .0000E+00  .000E+00
  24047  10    .00    .00 .0000E+00  .000E+00
  24048  24    .00    .00 .0000E+00  .000E+00
  24049  30    .00    .00 .0000E+00  .000E+00
  24050  30    .00    .00 .0000E+00  .000E+00
  24051  30   6.65   4.02 .9262E+01  .150E+05
  24052  30    .00    .00 .0000E+00  .000E+00
  24053  30   6.96   4.03 .7940E+01  .290E+05
  24054  30   7.19   4.27 .9719E+01  .570E+04
  24055  30   7.67   4.11 .6246E+01  .600E+05
  24056  30    .00    .00 .0000E+00  .000E+00
  25050  11    .00    .00 .0000E+00  .000E+00
  25051  30    .00    .00 .0000E+00  .000E+00
  25052  30    .00    .00 .0000E+00  .000E+00
  25053  30    .00    .00 .0000E+00  .000E+00
  25054  30    .00    .00 .0000E+00  .000E+00
  25055  30    .00    .00 .0000E+00  .000E+00
  25056  30   7.42   4.30 .7271E+01  .270E+04
  25057  15    .00    .00 .0000E+00  .000E+00
  26051  10    .00    .00 .0000E+00  .000E+00
  26052  30    .00    .00 .0000E+00  .000E+00
  26053  16    .00    .00 .0000E+00  .000E+00
  26054  30    .00    .00 .0000E+00  .000E+00
  26055  30   6.50   3.81 .9298E+01  .200E+05
  26056  30    .00    .00 .0000E+00  .000E+00
  26057  30   7.47   4.28 .7646E+01  .250E+05
  26058  30   7.55   4.61 .1005E+02  .590E+04
  26059  30   8.13   4.44 .6581E+01  .350E+05
  26060  26    .00    .00 .0000E+00  .000E+00
  27054  15    .00    .00 .0000E+00  .000E+00
  27055  30    .00    .00 .0000E+00  .000E+00
  27056  30    .00    .00 .0000E+00  .000E+00
  27057  30    .00    .00 .0000E+00  .000E+00
  27058  30    .00    .00 .0000E+00  .000E+00
  27059  30    .00    .00 .0000E+00  .000E+00
  27060  30   8.01   4.60 .7491E+01  .140E+04
  27061  30   9.34   5.44 .9321E+01  .360E+03
  27062  12    .00    .00 .0000E+00  .000E+00
  27063  11    .00    .00 .0000E+00  .000E+00
  27064  10    .00    .00 .0000E+00  .000E+00
  28055  11    .00    .00 .0000E+00  .000E+00
  28056  25    .00    .00 .0000E+00  .000E+00
  28057  30    .00    .00 .0000E+00  .000E+00
  28058  30    .00    .00 .0000E+00  .000E+00
  28059  30   7.14   4.22 .9000E+01  .137E+05
  28060  30   7.47   4.65 .1140E+02  .140E+04
  28061  30   7.91   4.59 .7820E+01  .160E+05
  28062  30   8.05   4.99 .1060E+02  .140E+04
  28063  30   8.71   4.85 .6839E+01  .191E+05
  28064  30    .00    .00 .0000E+00  .000E+00
  28065  30   9.14   4.82 .6098E+01  .285E+05
  28066  18    .00    .00 .0000E+00  .000E+00
  29058  15    .00    .00 .0000E+00  .000E+00
  29059  30    .00    .00 .0000E+00  .000E+00
  29060  11    .00    .00 .0000E+00  .000E+00
  29061  30    .00    .00 .0000E+00  .000E+00
  29062  30    .00    .00 .0000E+00  .000E+00
  29063  30    .00    .00 .0000E+00  .000E+00
  29064  30   8.73   5.43 .7916E+01  .690E+03
  29065  30    .00    .00 .0000E+00  .000E+00
  29066  30   9.16   5.51 .7066E+01  .100E+04
  29067  13    .00    .00 .0000E+00  .000E+00
  29069  17    .00    .00 .0000E+00  .000E+00
  30060  14    .00    .00 .0000E+00  .000E+00
  30061  10    .00    .00 .0000E+00  .000E+00
  30062  24    .00    .00 .0000E+00  .000E+00
  30063  20    .00    .00 .0000E+00  .000E+00
  30064  30    .00    .00 .0000E+00  .000E+00
  30065  30   9.51   5.81 .7980E+01  .360E+04
  30066  30    .00    .00 .0000E+00  .000E+00
  30067  30   9.90   5.73 .7052E+01  .650E+04
  30068  30   9.88   6.19 .1020E+02  .290E+03
  30069  15  10.35   5.77 .6482E+01  .860E+04
  30070  30    .00    .00 .0000E+00  .000E+00
  30071  10  11.73   6.50 .5834E+01  .690E+04
  30072  10    .00    .00 .0000E+00  .000E+00
  30074  13    .00    .00 .0000E+00  .000E+00
  31064  17    .00    .00 .0000E+00  .000E+00
  31065  30    .00    .00 .0000E+00  .000E+00
  31066  23    .00    .00 .0000E+00  .000E+00
  31067  30    .00    .00 .0000E+00  .000E+00
  31068  10    .00    .00 .0000E+00  .000E+00
  31069  30    .00    .00 .0000E+00  .000E+00
  31070  30  10.34   6.51 .7654E+01  .230E+03
  31071  20    .00    .00 .0000E+00  .000E+00
  31072  30  11.13   6.73 .6521E+01  .370E+03
  31073  28    .00    .00 .0000E+00  .000E+00
  31074  10    .00    .00 .0000E+00  .000E+00
  31075  30    .00    .00 .0000E+00  .000E+00
  31076  21    .00    .00 .0000E+00  .000E+00
  31077  27    .00    .00 .0000E+00  .000E+00
  31078  10    .00    .00 .0000E+00  .000E+00
  31079  12    .00    .00 .0000E+00  .000E+00
  31080  12    .00    .00 .0000E+00  .000E+00
  32064  10    .00    .00 .0000E+00  .000E+00
  32066  10    .00    .00 .0000E+00  .000E+00
  32067  17    .00    .00 .0000E+00  .000E+00
  32068  30    .00    .00 .0000E+00  .000E+00
  32069  30    .00    .00 .0000E+00  .000E+00
  32070  30    .00    .00 .0000E+00  .000E+00
  32071  30  11.06   6.70 .7416E+01  .200E+04
  32072  30    .00    .00 .0000E+00  .000E+00
  32073  30  11.89   7.17 .6782E+01  .220E+04
  32074  30  11.26   6.92 .1020E+02  .930E+02
  32075  30  11.61   6.52 .6506E+01  .390E+04
  32076  30    .00    .00 .0000E+00  .000E+00
  32077  10  11.41   5.99 .6072E+01  .800E+04
  32078  25    .00    .00 .0000E+00  .000E+00
  32079  30    .00    .00 .0000E+00  .000E+00
  32080  21    .00    .00 .0000E+00  .000E+00
  32081  14    .00    .00 .0000E+00  .000E+00
  33067  10    .00    .00 .0000E+00  .000E+00
  33068  13    .00    .00 .0000E+00  .000E+00
  33069  10    .00    .00 .0000E+00  .000E+00
  33070  12    .00    .00 .0000E+00  .000E+00
  33071  26    .00    .00 .0000E+00  .000E+00
  33072  14    .00    .00 .0000E+00  .000E+00
  33073  30    .00    .00 .0000E+00  .000E+00
  33074  12    .00    .00 .0000E+00  .000E+00
  33075  30    .00    .00 .0000E+00  .000E+00
  33076  30  11.95   7.56 .7327E+01  .950E+02
  33077  12    .00    .00 .0000E+00  .000E+00
  33078  10    .00    .00 .0000E+00  .000E+00
  33079  13    .00    .00 .0000E+00  .000E+00
  33080  14    .00    .00 .0000E+00  .000E+00
  33081  12    .00    .00 .0000E+00  .000E+00
  33083  12    .00    .00 .0000E+00  .000E+00
  34069  10    .00    .00 .0000E+00  .000E+00
  34070  17    .00    .00 .0000E+00  .000E+00
  34071  11    .00    .00 .0000E+00  .000E+00
  34072  28    .00    .00 .0000E+00  .000E+00
  34073  21    .00    .00 .0000E+00  .000E+00
  34074  30    .00    .00 .0000E+00  .000E+00
  34075  30  12.37   8.01 .8028E+01  .420E+03
  34076  30    .00    .00 .0000E+00  .000E+00
  34077  30  12.46   7.83 .7419E+01  .790E+03
  34078  30  11.76   7.69 .1050E+02  .110E+03
  34079  30  12.10   7.03 .6962E+01  .175E+04
  34080  30    .00    .00 .0000E+00  .000E+00
  34081  11  11.62   6.41 .6701E+01  .350E+04
  34082  30    .00    .00 .0000E+00  .000E+00
  34083  12  11.97   6.34 .5818E+01  .690E+04
  34084  10    .00    .00 .0000E+00  .000E+00
  35071  11    .00    .00 .0000E+00  .000E+00
  35072  13    .00    .00 .0000E+00  .000E+00
  35073  11    .00    .00 .0000E+00  .000E+00
  35074  15    .00    .00 .0000E+00  .000E+00
  35075  10    .00    .00 .0000E+00  .000E+00
  35076  12    .00    .00 .0000E+00  .000E+00
  35077  25    .00    .00 .0000E+00  .000E+00
  35078  19    .00    .00 .0000E+00  .000E+00
  35079  30    .00    .00 .0000E+00  .000E+00
  35080  30  12.10   7.67 .7892E+01  .540E+02
  35081  30    .00    .00 .0000E+00  .000E+00
  35082  30  11.84   7.29 .7593E+01  .940E+02
  35083  11    .00    .00 .0000E+00  .000E+00
  35085  10    .00    .00 .0000E+00  .000E+00
  36074  12    .00    .00 .0000E+00  .000E+00
  36075  15    .00    .00 .0000E+00  .000E+00
  36076  27    .00    .00 .0000E+00  .000E+00
  36077  25    .00    .00 .0000E+00  .000E+00
  36078  30    .00    .00 .0000E+00  .000E+00
  36079  30  12.80   8.38 .8362E+01  .230E+03
  36080  25    .00    .00 .0000E+00  .000E+00
  36081  30  13.28   8.49 .7876E+01  .280E+03
  36082  30    .00    .00 .0000E+00  .000E+00
  36083  25  13.56   8.49 .7463E+01  .382E+03
  36084  30    .00    .00 .0000E+00  .000E+00
  36085  30    .00    .00 .0000E+00  .000E+00
  36086  27    .00    .00 .0000E+00  .000E+00
  36087  30    .00    .00 .0000E+00  .000E+00
  36088  29    .00    .00 .0000E+00  .000E+00
  36089  23    .00    .00 .0000E+00  .000E+00
  36090  21    .00    .00 .0000E+00  .000E+00
  36092  10    .00    .00 .0000E+00  .000E+00
  37077  11    .00    .00 .0000E+00  .000E+00
  37078  10    .00    .00 .0000E+00  .000E+00
  37079  19    .00    .00 .0000E+00  .000E+00
  37080  13    .00    .00 .0000E+00  .000E+00
  37081  14    .00    .00 .0000E+00  .000E+00
  37082  12    .00    .00 .0000E+00  .000E+00
  37083  19    .00    .00 .0000E+00  .000E+00
  37084  11    .00    .00 .0000E+00  .000E+00
  37085  18    .00    .00 .0000E+00  .000E+00
  37086  22  10.47   6.41 .8650E+01  .100E+03
  37087  30    .00    .00 .0000E+00  .000E+00
  37088  24  10.42   5.56 .6083E+01  .160E+04
  37089  13    .00    .00 .0000E+00  .000E+00
  37090  13    .00    .00 .0000E+00  .000E+00
  37091  22    .00    .00 .0000E+00  .000E+00
  37092  12    .00    .00 .0000E+00  .000E+00
  37093  21    .00    .00 .0000E+00  .000E+00
  38079  12    .00    .00 .0000E+00  .000E+00
  38080  10    .00    .00 .0000E+00  .000E+00
  38081  12    .00    .00 .0000E+00  .000E+00
  38082  30    .00    .00 .0000E+00  .000E+00
  38083  16    .00    .00 .0000E+00  .000E+00
  38084  28    .00    .00 .0000E+00  .000E+00
  38085  30  12.06   7.42 .8531E+01  .400E+03
  38086  12    .00    .00 .0000E+00  .000E+00
  38087  30  11.13   6.61 .8428E+01  .100E+04
  38088  30  10.05   6.00 .1111E+02  .121E+03
  38089  30  10.67   5.42 .6365E+01  .120E+05
  38090  30    .00    .00 .0000E+00  .000E+00
  38091  13    .00    .00 .0000E+00  .000E+00
  38092  11    .00    .00 .0000E+00  .000E+00
  38093  25    .00    .00 .0000E+00  .000E+00
  38094  12    .00    .00 .0000E+00  .000E+00
  38095  11    .00    .00 .0000E+00  .000E+00
  38096  22    .00    .00 .0000E+00  .000E+00
  38097  16    .00    .00 .0000E+00  .000E+00
  38098  15    .00    .00 .0000E+00  .000E+00
  38099  12    .00    .00 .0000E+00  .000E+00
  39081  10    .00    .00 .0000E+00  .000E+00
  39082  11    .00    .00 .0000E+00  .000E+00
  39083  17    .00    .00 .0000E+00  .000E+00
  39085  15    .00    .00 .0000E+00  .000E+00
  39086  10    .00    .00 .0000E+00  .000E+00
  39087  30    .00    .00 .0000E+00  .000E+00
  39088  27    .00    .00 .0000E+00  .000E+00
  39089  30    .00    .00 .0000E+00  .000E+00
  39090  11  10.66   6.02 .6857E+01  .120E+04
  39091  25    .00    .00 .0000E+00  .000E+00
  39092  11    .00    .00 .0000E+00  .000E+00
  39093  20    .00    .00 .0000E+00  .000E+00
  39094  10    .00    .00 .0000E+00  .000E+00
  39095  20    .00    .00 .0000E+00  .000E+00
  39097  14    .00    .00 .0000E+00  .000E+00
  39099  10    .00    .00 .0000E+00  .000E+00
  39101  12    .00    .00 .0000E+00  .000E+00
  40082  10    .00    .00 .0000E+00  .000E+00
  40083  13    .00    .00 .0000E+00  .000E+00
  40084  10    .00    .00 .0000E+00  .000E+00
  40086  20    .00    .00 .0000E+00  .000E+00
  40087  13    .00    .00 .0000E+00  .000E+00
  40088  28    .00    .00 .0000E+00  .000E+00
  40089  12    .00    .00 .0000E+00  .000E+00
  40090  30    .00    .00 .0000E+00  .000E+00
  40091  30  10.45   5.60 .7195E+01  .640E+04
  40092  30  11.99   6.69 .8635E+01  .300E+03
  40093  12  12.29   6.68 .6734E+01  .260E+04
  40094  30    .00    .00 .0000E+00  .000E+00
  40095  10    .00   6.89 .6463E+01  .250E+04
  40096  30    .00    .00 .0000E+00  .000E+00
  40097  12  14.43   7.69 .5579E+01  .300E+04
  40098  11    .00    .00 .0000E+00  .000E+00
  40099  24    .00    .00 .0000E+00  .000E+00
  40100  10    .00    .00 .0000E+00  .000E+00
  40101  14    .00    .00 .0000E+00  .000E+00
  40102  10    .00    .00 .0000E+00  .000E+00
  41090  28    .00    .00 .0000E+00  .000E+00
  41091  30    .00    .00 .0000E+00  .000E+00
  41092  30    .00    .00 .0000E+00  .000E+00
  41093  30    .00    .00 .0000E+00  .000E+00
  41094  30  12.47   7.03 .7230E+01  .740E+02
  41095  20    .00    .00 .0000E+00  .000E+00
  41096  26    .00    .00 .0000E+00  .000E+00
  41097  19    .00    .00 .0000E+00  .000E+00
  41098  10    .00    .00 .0000E+00  .000E+00
  41099  12    .00    .00 .0000E+00  .000E+00
  41101  22    .00    .00 .0000E+00  .000E+00
  41103  12    .00    .00 .0000E+00  .000E+00
  42089  10    .00    .00 .0000E+00  .000E+00
  42090  23    .00    .00 .0000E+00  .000E+00
  42091  30    .00    .00 .0000E+00  .000E+00
  42092  30    .00    .00 .0000E+00  .000E+00
  42093  30  10.99   6.26 .8067E+01  .180E+04
  42094  30    .00    .00 .0000E+00  .000E+00
  42095  27  12.52   7.07 .7367E+01  .115E+04
  42096  30  12.87   7.52 .9154E+01  .910E+02
  42097  30  13.70   7.73 .6821E+01  .980E+03
  42098  30  13.89   8.14 .8643E+01  .780E+02
  42099  30  15.62   9.22 .5926E+01  .970E+03
  42100  30    .00    .00 .0000E+00  .000E+00
  42101  10  17.67  12.12 .5399E+01  .700E+03
  42102  30    .00    .00 .0000E+00  .000E+00
  42103  10    .00    .00 .0000E+00  .000E+00
  42104  18    .00    .00 .0000E+00  .000E+00
  42105  10    .00    .00 .0000E+00  .000E+00
  42106  10    .00    .00 .0000E+00  .000E+00
  42107  10    .00    .00 .0000E+00  .000E+00
  43091  10    .00    .00 .0000E+00  .000E+00
  43092  22    .00    .00 .0000E+00  .000E+00
  43093  30    .00    .00 .0000E+00  .000E+00
  43094  27    .00    .00 .0000E+00  .000E+00
  43095  30    .00    .00 .0000E+00  .000E+00
  43096  30    .00    .00 .0000E+00  .000E+00
  43097  30    .00    .00 .0000E+00  .000E+00
  43098  10    .00    .00 .0000E+00  .000E+00
  43099  30    .00    .00 .0000E+00  .000E+00
  43100  10  15.07   8.56 .6764E+01  .260E+02
  43101  24    .00    .00 .0000E+00  .000E+00
  43103  11    .00    .00 .0000E+00  .000E+00
  43104  10    .00    .00 .0000E+00  .000E+00
  43105  11    .00    .00 .0000E+00  .000E+00
  43106  10    .00    .00 .0000E+00  .000E+00
  44092  11    .00    .00 .0000E+00  .000E+00
  44094  12    .00    .00 .0000E+00  .000E+00
  44095  30    .00    .00 .0000E+00  .000E+00
  44096  30    .00    .00 .0000E+00  .000E+00
  44097  30    .00    .00 .0000E+00  .000E+00
  44098  28    .00    .00 .0000E+00  .000E+00
  44099  10    .00    .00 .0000E+00  .000E+00
  44100  30  13.46   8.12 .9673E+01  .340E+02
  44101  30    .00    .00 .0000E+00  .000E+00
  44102  30  15.05   9.40 .9220E+01  .180E+02
  44103  12  15.95   9.56 .6232E+01  .550E+03
  44104  27  16.92  11.41 .8909E+01  .750E+01
  44105  10    .00    .00 .0000E+00  .000E+00
  44106  15    .00    .00 .0000E+00  .000E+00
  44107  10    .00    .00 .0000E+00  .000E+00
  44108  10    .00    .00 .0000E+00  .000E+00
  44109  10    .00    .00 .0000E+00  .000E+00
  45095  18    .00    .00 .0000E+00  .000E+00
  45096  16    .00    .00 .0000E+00  .000E+00
  45097  30    .00    .00 .0000E+00  .000E+00
  45099  30    .00    .00 .0000E+00  .000E+00
  45101  11    .00    .00 .0000E+00  .000E+00
  45102  11    .00    .00 .0000E+00  .000E+00
  45103  16    .00    .00 .0000E+00  .000E+00
  45104  30  15.45   9.57 .7000E+01  .370E+02
  45105  25    .00    .00 .0000E+00  .000E+00
  45107  13    .00    .00 .0000E+00  .000E+00
  45109  10    .00    .00 .0000E+00  .000E+00
  45111  11    .00    .00 .0000E+00  .000E+00
  45113  11    .00    .00 .0000E+00  .000E+00
  46097  11    .00    .00 .0000E+00  .000E+00
  46098  12    .00    .00 .0000E+00  .000E+00
  46099  11    .00    .00 .0000E+00  .000E+00
  46100  22    .00    .00 .0000E+00  .000E+00
  46101  16    .00    .00 .0000E+00  .000E+00
  46102  30    .00    .00 .0000E+00  .000E+00
  46103  18    .00    .00 .0000E+00  .000E+00
  46105   0  15.51   9.38 .7094E+01  .240E+03
  46106  30  14.95   9.28 .9562E+01  .133E+02
  46107  10  16.56  10.26 .6535E+01  .270E+03
  46108  30  15.68   9.86 .9219E+01  .120E+02
  46109  30  18.06  12.12 .6154E+01  .200E+03
  46110  30    .00    .00 .0000E+00  .000E+00
  46111  18  18.13  12.78 .5750E+01  .360E+03
  46112  12    .00    .00 .0000E+00  .000E+00
  46114  10    .00    .00 .0000E+00  .000E+00
  46116  10    .00    .00 .0000E+00  .000E+00
  47099  10    .00    .00 .0000E+00  .000E+00
  47100  13    .00    .00 .0000E+00  .000E+00
  47101  26    .00    .00 .0000E+00  .000E+00
  47102  11    .00    .00 .0000E+00  .000E+00
  47103  30    .00    .00 .0000E+00  .000E+00
  47104  11    .00    .00 .0000E+00  .000E+00
  47105  30    .00    .00 .0000E+00  .000E+00
  47106  30    .00    .00 .0000E+00  .000E+00
  47107  30    .00    .00 .0000E+00  .000E+00
  47108  30  15.37   9.45 .7270E+01  .310E+02
  47109  10    .00    .00 .0000E+00  .000E+00
  47110  14  16.75  10.64 .6809E+01  .220E+02
  47111  30    .00    .00 .0000E+00  .000E+00
  47113  10    .00    .00 .0000E+00  .000E+00
  47115  13    .00    .00 .0000E+00  .000E+00
  47118  11    .00    .00 .0000E+00  .000E+00
  48102  10    .00    .00 .0000E+00  .000E+00
  48103  10    .00    .00 .0000E+00  .000E+00
  48104  30    .00    .00 .0000E+00  .000E+00
  48105  28    .00    .00 .0000E+00  .000E+00
  48106  30    .00    .00 .0000E+00  .000E+00
  48107  30  14.90   9.00 .7930E+01  .135E+03
  48108  30    .00    .00 .0000E+00  .000E+00
  48109  21  16.15  10.04 .7347E+01  .120E+03
  48110  30    .00    .00 .0000E+00  .000E+00
  48111  24  16.58  10.29 .6975E+01  .155E+03
  48112  30  15.66   9.86 .9399E+01  .260E+02
  48113  25  17.19  10.71 .6540E+01  .200E+03
  48114  30  16.26  10.30 .9043E+01  .270E+02
  48115  10  17.95  11.97 .6141E+01  .235E+03
  48116  30    .00    .00 .0000E+00  .000E+00
  48117  12  18.12  11.88 .5768E+01  .390E+03
  48118  24    .00    .00 .0000E+00  .000E+00
  48119  10    .00    .00 .0000E+00  .000E+00
  48121  28    .00    .00 .0000E+00  .000E+00
  49104  25    .00    .00 .0000E+00  .000E+00
  49106  10    .00    .00 .0000E+00  .000E+00
  49107  22    .00    .00 .0000E+00  .000E+00
  49108  30    .00    .00 .0000E+00  .000E+00
  49109  13    .00    .00 .0000E+00  .000E+00
  49110  30    .00    .00 .0000E+00  .000E+00
  49111  30    .00    .00 .0000E+00  .000E+00
  49112  30    .00    .00 .0000E+00  .000E+00
  49113  30    .00    .00 .0000E+00  .000E+00
  49114  19  15.82   9.44 .7275E+01  .780E+01
  49115  24    .00    .00 .0000E+00  .000E+00
  49116  10  16.29   9.65 .6784E+01  .107E+02
  49117  19    .00    .00 .0000E+00  .000E+00
  49118  12    .00    .00 .0000E+00  .000E+00
  49119  12    .00    .00 .0000E+00  .000E+00
  49121  17    .00    .00 .0000E+00  .000E+00
  49127  15    .00    .00 .0000E+00  .000E+00
  50106  20    .00    .00 .0000E+00  .000E+00
  50107  12    .00    .00 .0000E+00  .000E+00
  50108  15    .00    .00 .0000E+00  .000E+00
  50109  12    .00    .00 .0000E+00  .000E+00
  50110  23    .00    .00 .0000E+00  .000E+00
  50111  30    .00    .00 .0000E+00  .000E+00
  50112  30    .00    .00 .0000E+00  .000E+00
  50113  30  15.15   8.99 .7746E+01  .157E+03
  50114  30    .00    .00 .0000E+00  .000E+00
  50115  30  15.00   8.70 .7546E+01  .230E+03
  50116  30  14.73   8.93 .9563E+01  .440E+02
  50117  30  15.40   8.80 .6945E+01  .380E+03
  50118  30  15.10   9.13 .9327E+01  .450E+02
  50119  30  15.66   8.74 .6486E+01  .600E+03
  50120  15  15.05   8.93 .9107E+01  .620E+02
  50121  30  15.54   8.40 .6172E+01  .100E+04
  50122  24    .00    .00 .0000E+00  .000E+00
  50123  30  15.34   7.96 .5946E+01  .160E+04
  50124  30    .00    .00 .0000E+00  .000E+00
  50125  13  15.13   7.56 .5733E+01  .250E+04
  50126  11    .00    .00 .0000E+00  .000E+00
  50127  12    .00    .00 .0000E+00  .000E+00
  50128  15    .00    .00 .0000E+00  .000E+00
  50129  10    .00    .00 .0000E+00  .000E+00
  50130  12    .00    .00 .0000E+00  .000E+00
  50131  10    .00    .00 .0000E+00  .000E+00
  51108  10    .00    .00 .0000E+00  .000E+00
  51111  11    .00    .00 .0000E+00  .000E+00
  51112  10    .00    .00 .0000E+00  .000E+00
  51113  10    .00    .00 .0000E+00  .000E+00
  51114  30    .00    .00 .0000E+00  .000E+00
  51115  29    .00    .00 .0000E+00  .000E+00
  51116  30    .00    .00 .0000E+00  .000E+00
  51117  13    .00    .00 .0000E+00  .000E+00
  51118  30    .00    .00 .0000E+00  .000E+00
  51119  30    .00    .00 .0000E+00  .000E+00
  51121  25    .00    .00 .0000E+00  .000E+00
  51122  25  16.01   9.40 .6807E+01  .180E+02
  51123  16    .00    .00 .0000E+00  .000E+00
  51124  10  16.04   9.11 .6467E+01  .240E+02
  51125  30    .00    .00 .0000E+00  .000E+00
  51127  30    .00    .00 .0000E+00  .000E+00
  51129  14    .00    .00 .0000E+00  .000E+00
  51131  27    .00    .00 .0000E+00  .000E+00
  51133  30    .00    .00 .0000E+00  .000E+00
  52114  15    .00    .00 .0000E+00  .000E+00
  52115  10    .00    .00 .0000E+00  .000E+00
  52116  11    .00    .00 .0000E+00  .000E+00
  52117  20    .00    .00 .0000E+00  .000E+00
  52118  30    .00    .00 .0000E+00  .000E+00
  52119  25    .00    .00 .0000E+00  .000E+00
  52120  29    .00    .00 .0000E+00  .000E+00
  52121  30    .00    .00 .0000E+00  .000E+00
  52122  30    .00    .00 .0000E+00  .000E+00
  52123  30  17.14  10.55 .6934E+01  .140E+03
  52124  30  16.31  10.24 .9425E+01  .180E+02
  52125  30  17.23  10.38 .6571E+01  .220E+03
  52126  30  15.82   9.54 .9114E+01  .380E+02
  52127  30  16.27   9.05 .6291E+01  .600E+03
  52128  30    .00    .00 .0000E+00  .000E+00
  52129  30  14.81   7.40 .6086E+01  .200E+04
  52130  22    .00    .00 .0000E+00  .000E+00
  52131  30  13.53   6.27 .5930E+01  .570E+04
  52132  11    .00    .00 .0000E+00  .000E+00
  52133  17    .00    .00 .0000E+00  .000E+00
  52135  10    .00    .00 .0000E+00  .000E+00
  53115  10    .00    .00 .0000E+00  .000E+00
  53117  13    .00    .00 .0000E+00  .000E+00
  53119  12    .00    .00 .0000E+00  .000E+00
  53121  30    .00    .00 .0000E+00  .000E+00
  53123  30    .00    .00 .0000E+00  .000E+00
  53124  15    .00    .00 .0000E+00  .000E+00
  53125  30    .00    .00 .0000E+00  .000E+00
  53127  30    .00    .00 .0000E+00  .000E+00
  53128  30  16.06   9.25 .6826E+01  .190E+02
  53129  10    .00    .00 .0000E+00  .000E+00
  53130  13  16.03   8.88 .6463E+01  .270E+02
  53131  21    .00    .00 .0000E+00  .000E+00
  53133  30    .00    .00 .0000E+00  .000E+00
  53135  13    .00    .00 .0000E+00  .000E+00
  53136  11    .00    .00 .0000E+00  .000E+00
  54114  11    .00    .00 .0000E+00  .000E+00
  54116  13    .00    .00 .0000E+00  .000E+00
  54117  10    .00    .00 .0000E+00  .000E+00
  54118  22    .00    .00 .0000E+00  .000E+00
  54119  10    .00    .00 .0000E+00  .000E+00
  54120  13    .00    .00 .0000E+00  .000E+00
  54121  30    .00    .00 .0000E+00  .000E+00
  54122  12    .00    .00 .0000E+00  .000E+00
  54123  22    .00    .00 .0000E+00  .000E+00
  54124  10    .00    .00 .0000E+00  .000E+00
  54125  30  17.03  10.36 .7603E+01  .630E+02
  54128  30    .00    .00 .0000E+00  .000E+00
  54129  11  16.33   9.19 .6908E+01  .260E+03
  54130  30  15.86   9.53 .9255E+01  .320E+02
  54131  20  17.55  10.43 .6616E+01  .190E+03
  54132  30  15.22   8.64 .8936E+01  .400E+02
  54133  13  15.71   8.29 .6447E+01  .750E+03
  54134  11    .00    .00 .0000E+00  .000E+00
  54135  30    .00    .00 .0000E+00  .000E+00
  54136  11  13.27   6.63 .7993E+01  .500E+03
  54137  30    .00    .00 .0000E+00  .000E+00
  54138  25    .00    .00 .0000E+00  .000E+00
  54139  17    .00    .00 .0000E+00  .000E+00
  55123  10    .00    .00 .0000E+00  .000E+00
  55125  12    .00    .00 .0000E+00  .000E+00
  55126  15    .00    .00 .0000E+00  .000E+00
  55127  15    .00    .00 .0000E+00  .000E+00
  55129  15    .00    .00 .0000E+00  .000E+00
  55131  16    .00    .00 .0000E+00  .000E+00
  55132  12    .00    .00 .0000E+00  .000E+00
  55133  10    .00    .00 .0000E+00  .000E+00
  55134  30  15.75   8.74 .6892E+01  .200E+02
  55135   0  14.66   8.24 .8827E+01  .130E+02
  55137  17  13.44   7.03 .8272E+01  .580E+02
  55138  11    .00    .00 .0000E+00  .000E+00
  55139  15    .00    .00 .0000E+00  .000E+00
  55140  11    .00    .00 .0000E+00  .000E+00
  55141  11    .00    .00 .0000E+00  .000E+00
  55142  10    .00    .00 .0000E+00  .000E+00
  56121  10    .00    .00 .0000E+00  .000E+00
  56127  11    .00    .00 .0000E+00  .000E+00
  56128  29    .00    .00 .0000E+00  .000E+00
  56129  10    .00    .00 .0000E+00  .000E+00
  56130  25    .00    .00 .0000E+00  .000E+00
  56131  30  17.31  10.40 .7493E+01  .660E+02
  56132  23    .00    .00 .0000E+00  .000E+00
  56133  18  16.87   9.73 .7190E+01  .135E+03
  56134  30    .00    .00 .0000E+00  .000E+00
  56135  17  15.74   8.60 .6973E+01  .380E+03
  56136  29  15.16   8.58 .9107E+01  .350E+02
  56137  30  14.58   7.46 .6899E+01  .920E+03
  56138  11  13.59   7.11 .8611E+01  .200E+03
  56139  30  14.94   6.32 .4723E+01  .140E+05
  56140  17    .00    .00 .0000E+00  .000E+00
  56141  30    .00    .00 .0000E+00  .000E+00
  56142  18    .00    .00 .0000E+00  .000E+00
  56143  17    .00    .00 .0000E+00  .000E+00
  56144  10    .00    .00 .0000E+00  .000E+00
  56145  16    .00    .00 .0000E+00  .000E+00
  56146  10    .00    .00 .0000E+00  .000E+00
  56147  18    .00    .00 .0000E+00  .000E+00
  57127  12    .00    .00 .0000E+00  .000E+00
  57129  13    .00    .00 .0000E+00  .000E+00
  57131  30    .00    .00 .0000E+00  .000E+00
  57132  11    .00    .00 .0000E+00  .000E+00
  57133  30    .00    .00 .0000E+00  .000E+00
  57135  17    .00    .00 .0000E+00  .000E+00
  57137  11    .00    .00 .0000E+00  .000E+00
  57138  30    .00    .00 .0000E+00  .000E+00
  57139  14  14.10   7.65 .8778E+01  .210E+02
  57140  30  15.53   7.41 .5161E+01  .240E+03
  57141  13    .00    .00 .0000E+00  .000E+00
  57142  14    .00    .00 .0000E+00  .000E+00
  57143  20    .00    .00 .0000E+00  .000E+00
  57144  10    .00    .00 .0000E+00  .000E+00
  57145  12    .00    .00 .0000E+00  .000E+00
  57147  13    .00    .00 .0000E+00  .000E+00
  57148  12    .00    .00 .0000E+00  .000E+00
  58128  14    .00    .00 .0000E+00  .000E+00
  58130  23    .00    .00 .0000E+00  .000E+00
  58133  13    .00    .00 .0000E+00  .000E+00
  58134  25    .00    .00 .0000E+00  .000E+00
  58135  12    .00    .00 .0000E+00  .000E+00
  58137  18  16.51   9.84 .7482E+01  .100E+03
  58138  30    .00    .00 .0000E+00  .000E+00
  58139  30    .00    .00 .0000E+00  .000E+00
  58140  30    .00    .00 .0000E+00  .000E+00
  58141  30  15.92   7.64 .5429E+01  .300E+04
  58142  30    .00    .00 .0000E+00  .000E+00
  58143  30    .00    .00 .0000E+00  .000E+00
  58144  21    .00    .00 .0000E+00  .000E+00
  58145  13    .00    .00 .0000E+00  .000E+00
  58146  30    .00    .00 .0000E+00  .000E+00
  58147  10    .00    .00 .0000E+00  .000E+00
  58148  24    .00    .00 .0000E+00  .000E+00
  59131  10    .00    .00 .0000E+00  .000E+00
  59135  13    .00    .00 .0000E+00  .000E+00
  59136  24    .00    .00 .0000E+00  .000E+00
  59137  15    .00    .00 .0000E+00  .000E+00
  59138  15    .00    .00 .0000E+00  .000E+00
  59139  24    .00    .00 .0000E+00  .000E+00
  59140  10    .00    .00 .0000E+00  .000E+00
  59141  30    .00    .00 .0000E+00  .000E+00
  59142  30  16.48   8.68 .5843E+01  .650E+02
  59143  11    .00    .00 .0000E+00  .000E+00
  59145  16    .00    .00 .0000E+00  .000E+00
  59147  19    .00    .00 .0000E+00  .000E+00
  59148  13    .00    .00 .0000E+00  .000E+00
  59149  11    .00    .00 .0000E+00  .000E+00
  60132  10    .00    .00 .0000E+00  .000E+00
  60133  30    .00    .00 .0000E+00  .000E+00
  60134  16    .00    .00 .0000E+00  .000E+00
  60137  11    .00    .00 .0000E+00  .000E+00
  60138  24    .00    .00 .0000E+00  .000E+00
  60139  13    .00    .00 .0000E+00  .000E+00
  60140  10    .00    .00 .0000E+00  .000E+00
  60141  30    .00    .00 .0000E+00  .000E+00
  60142  30    .00    .00 .0000E+00  .000E+00
  60143  30  16.86   8.94 .6124E+01  .663E+03
  60144  30  16.87   9.21 .7817E+01  .365E+02
  60145  30  18.23   9.95 .5755E+01  .540E+03
  60146  30  18.77  10.96 .7565E+01  .170E+02
  60147  30  20.68  12.59 .5292E+01  .330E+03
  60148  11  22.02  15.16 .7333E+01  .500E+01
  60149  13  23.10  16.79 .5039E+01  .167E+03
  60150  30    .00    .00 .0000E+00  .000E+00
  60151  28  22.09  14.11 .5335E+01  .174E+03
  60152  11    .00    .00 .0000E+00  .000E+00
  61137  11    .00    .00 .0000E+00  .000E+00
  61139  18    .00    .00 .0000E+00  .000E+00
  61141  16    .00    .00 .0000E+00  .000E+00
  61142  11    .00    .00 .0000E+00  .000E+00
  61143  12    .00    .00 .0000E+00  .000E+00
  61144  10    .00    .00 .0000E+00  .000E+00
  61145  13    .00    .00 .0000E+00  .000E+00
  61147  18    .00    .00 .0000E+00  .000E+00
  61148  19  20.34  12.39 .5894E+01  .570E+01
  61149  20    .00    .00 .0000E+00  .000E+00
  61151  30    .00    .00 .0000E+00  .000E+00
  61153  10    .00    .00 .0000E+00  .000E+00
  61155  10    .00    .00 .0000E+00  .000E+00
  62136  29    .00    .00 .0000E+00  .000E+00
  62137  25    .00    .00 .0000E+00  .000E+00
  62139  10    .00    .00 .0000E+00  .000E+00
  62140  14    .00    .00 .0000E+00  .000E+00
  62141  17    .00    .00 .0000E+00  .000E+00
  62143  30    .00    .00 .0000E+00  .000E+00
  62144  30    .00    .00 .0000E+00  .000E+00
  62145  21    .00    .00 .0000E+00  .000E+00
  62146  30    .00    .00 .0000E+00  .000E+00
  62147  30    .00    .00 .0000E+00  .000E+00
  62148  30  19.22  11.68 .8141E+01  .570E+01
  62149  30    .00    .00 .0000E+00  .000E+00
  62150  30  21.07  13.83 .7986E+01  .250E+01
  62151  30  23.02  16.26 .5597E+01  .680E+02
  62152  30  21.47  14.34 .8258E+01  .130E+01
  62153  30  22.32  14.77 .5868E+01  .600E+02
  62154  30    .00    .00 .0000E+00  .000E+00
  62155  30  21.00  12.75 .5807E+01  .130E+03
  62156  20    .00    .00 .0000E+00  .000E+00
  63140  15    .00    .00 .0000E+00  .000E+00
  63141  12    .00    .00 .0000E+00  .000E+00
  63144  21    .00    .00 .0000E+00  .000E+00
  63145  30    .00    .00 .0000E+00  .000E+00
  63146  11    .00    .00 .0000E+00  .000E+00
  63147  28    .00    .00 .0000E+00  .000E+00
  63149  30    .00    .00 .0000E+00  .000E+00
  63150  11    .00    .00 .0000E+00  .000E+00
  63151  30    .00    .00 .0000E+00  .000E+00
  63152  30  22.98  16.01 .6305E+01  .850E+00
  63153  30  21.54  14.39 .8553E+01  .250E+00
  63154  30  21.96  14.35 .6442E+01  .130E+01
  63155  10  20.27  12.79 .8152E+01  .920E+00
  63156  11  20.04  11.88 .6336E+01  .480E+01
  63157  10    .00    .00 .0000E+00  .000E+00
  63159  10    .00    .00 .0000E+00  .000E+00
  64138  10    .00    .00 .0000E+00  .000E+00
  64140  10    .00    .00 .0000E+00  .000E+00
  64141  12    .00    .00 .0000E+00  .000E+00
  64142  12    .00    .00 .0000E+00  .000E+00
  64144  13    .00    .00 .0000E+00  .000E+00
  64145  11    .00    .00 .0000E+00  .000E+00
  64151  30    .00    .00 .0000E+00  .000E+00
  64152  30    .00    .00 .0000E+00  .000E+00
  64153  30  23.06  17.69 .6247E+01  .150E+02
  64154  30    .00    .00 .0000E+00  .000E+00
  64155  30  23.12  16.19 .6435E+01  .155E+02
  64156  30  21.37  14.17 .8536E+01  .160E+01
  64157  30  21.39  13.48 .6360E+01  .440E+02
  64158  30  21.02   9.17 .7937E+01  .490E+02
  64159  30  21.48  13.21 .5943E+01  .860E+02
  64160  30    .00    .00 .0000E+00  .000E+00
  64161  11  20.86  12.07 .5635E+01  .202E+03
  64162  13    .00    .00 .0000E+00  .000E+00
  65147  30    .00    .00 .0000E+00  .000E+00
  65148  13    .00    .00 .0000E+00  .000E+00
  65149  30    .00    .00 .0000E+00  .000E+00
  65152  18    .00    .00 .0000E+00  .000E+00
  65153  11    .00    .00 .0000E+00  .000E+00
  65155  22    .00    .00 .0000E+00  .000E+00
  65156  10    .00    .00 .0000E+00  .000E+00
  65157  22    .00    .00 .0000E+00  .000E+00
  65158  10    .00    .00 .0000E+00  .000E+00
  65159  16    .00    .00 .0000E+00  .000E+00
  65160  13  21.13  13.41 .6260E+01  .350E+01
  65161  10    .00    .00 .0000E+00  .000E+00
  65163  10    .00    .00 .0000E+00  .000E+00
  66144  11    .00    .00 .0000E+00  .000E+00
  66145  10    .00    .00 .0000E+00  .000E+00
  66147  10    .00    .00 .0000E+00  .000E+00
  66148  19    .00    .00 .0000E+00  .000E+00
  66149  10    .00    .00 .0000E+00  .000E+00
  66150  13    .00    .00 .0000E+00  .000E+00
  66154  30    .00    .00 .0000E+00  .000E+00
  66155  30    .00    .00 .0000E+00  .000E+00
  66157  30    .00    .00 .0000E+00  .000E+00
  66158  30    .00    .00 .0000E+00  .000E+00
  66159  14  20.81  12.84 .6831E+01  .300E+02
  66160  30    .00    .00 .0000E+00  .000E+00
  66161  30  22.12  14.24 .6453E+01  .273E+02
  66162  30  21.34  13.64 .8197E+01  .200E+01
  66163  30  21.08  12.68 .6271E+01  .646E+02
  66164  30  21.21  13.13 .7658E+01  .500E+01
  66165  30  21.01  12.13 .5716E+01  .170E+03
  66166  23    .00    .00 .0000E+00  .000E+00
  67149  30    .00    .00 .0000E+00  .000E+00
  67150  10    .00    .00 .0000E+00  .000E+00
  67151  10    .00    .00 .0000E+00  .000E+00
  67153  15    .00    .00 .0000E+00  .000E+00
  67155  17    .00    .00 .0000E+00  .000E+00
  67157  30    .00    .00 .0000E+00  .000E+00
  67158  10    .00    .00 .0000E+00  .000E+00
  67159  13    .00    .00 .0000E+00  .000E+00
  67160  10    .00    .00 .0000E+00  .000E+00
  67161  30    .00    .00 .0000E+00  .000E+00
  67162  11    .00    .00 .0000E+00  .000E+00
  67163  12    .00    .00 .0000E+00  .000E+00
  67164  10    .00    .00 .0000E+00  .000E+00
  67165  17    .00    .00 .0000E+00  .000E+00
  67166  30  21.16  12.67 .6244E+01  .270E+01
  67167  11    .00    .00 .0000E+00  .000E+00
  67169  10    .00    .00 .0000E+00  .000E+00
  68149  15    .00    .00 .0000E+00  .000E+00
  68150  12    .00    .00 .0000E+00  .000E+00
  68151  14    .00    .00 .0000E+00  .000E+00
  68152  25    .00    .00 .0000E+00  .000E+00
  68153  12    .00    .00 .0000E+00  .000E+00
  68154  10    .00    .00 .0000E+00  .000E+00
  68155  10    .00    .00 .0000E+00  .000E+00
  68156  30    .00    .00 .0000E+00  .000E+00
  68158  30    .00    .00 .0000E+00  .000E+00
  68159  30    .00    .00 .0000E+00  .000E+00
  68160  30    .00    .00 .0000E+00  .000E+00
  68161  10    .00    .00 .0000E+00  .000E+00
  68162  30    .00    .00 .0000E+00  .000E+00
  68163  30  23.08  15.65 .6902E+01  .800E+01
  68164  30    .00    .00 .0000E+00  .000E+00
  68165  30  21.90  13.85 .6650E+01  .230E+02
  68166  30    .00    .00 .0000E+00  .000E+00
  68167  30  21.43  13.01 .6436E+01  .430E+02
  68168  30  21.49  13.32 .7771E+01  .300E+01
  68169  30  21.32  12.51 .6003E+01  .940E+02
  68170  30    .00    .00 .0000E+00  .000E+00
  68171  12  21.52  12.41 .5682E+01  .150E+03
  68172  19    .00    .00 .0000E+00  .000E+00
  69153  20    .00    .00 .0000E+00  .000E+00
  69161  11    .00    .00 .0000E+00  .000E+00
  69163  12    .00    .00 .0000E+00  .000E+00
  69165  10    .00    .00 .0000E+00  .000E+00
  69167  30    .00    .00 .0000E+00  .000E+00
  69168  30    .00    .00 .0000E+00  .000E+00
  69169  22    .00    .00 .0000E+00  .000E+00
  69170  30  21.03  12.70 .6593E+01  .600E+01
  69171  28    .00    .00 .0000E+00  .000E+00
  69172  12    .00    .00 .0000E+00  .000E+00
  69173  13    .00    .00 .0000E+00  .000E+00
  69175  10    .00    .00 .0000E+00  .000E+00
  70156  10    .00    .00 .0000E+00  .000E+00
  70158  23    .00    .00 .0000E+00  .000E+00
  70160  16    .00    .00 .0000E+00  .000E+00
  70161  10    .00    .00 .0000E+00  .000E+00
  70162  10    .00    .00 .0000E+00  .000E+00
  70163  10    .00    .00 .0000E+00  .000E+00
  70164  25    .00    .00 .0000E+00  .000E+00
  70165  10    .00    .00 .0000E+00  .000E+00
  70166  30    .00    .00 .0000E+00  .000E+00
  70167  30    .00    .00 .0000E+00  .000E+00
  70169  30  21.41  13.11 .6867E+01  .226E+02
  70170  30    .00    .00 .0000E+00  .000E+00
  70171  30  22.14  13.80 .6615E+01  .230E+02
  70172  30  21.79  13.81 .8020E+01  .580E+01
  70173  30  21.04  12.24 .6367E+01  .630E+02
  70174  30  21.04  12.47 .7464E+01  .780E+01
  70175  16  20.97  11.73 .5822E+01  .162E+03
  70176  28    .00    .00 .0000E+00  .000E+00
  70177  30  21.62  12.20 .5567E+01  .185E+03
  70178  24    .00    .00 .0000E+00  .000E+00
  71163  14    .00    .00 .0000E+00  .000E+00
  71169  10    .00    .00 .0000E+00  .000E+00
  71170  12    .00    .00 .0000E+00  .000E+00
  71171  10    .00    .00 .0000E+00  .000E+00
  71172  22    .00    .00 .0000E+00  .000E+00
  71173  14    .00    .00 .0000E+00  .000E+00
  71174  30    .00    .00 .0000E+00  .000E+00
  71175  11    .00    .00 .0000E+00  .000E+00
  71176  30  21.70  12.96 .6293E+01  .210E+01
  71177  30  22.48  13.64 .7072E+01  .130E+01
  71178  13    .00    .00 .0000E+00  .000E+00
  71179  21    .00    .00 .0000E+00  .000E+00
  72160  12    .00    .00 .0000E+00  .000E+00
  72162  16    .00    .00 .0000E+00  .000E+00
  72164  15    .00    .00 .0000E+00  .000E+00
  72165  10    .00    .00 .0000E+00  .000E+00
  72166  13    .00    .00 .0000E+00  .000E+00
  72168  14    .00    .00 .0000E+00  .000E+00
  72169  10    .00    .00 .0000E+00  .000E+00
  72170  15    .00    .00 .0000E+00  .000E+00
  72171  12    .00    .00 .0000E+00  .000E+00
  72172  30    .00    .00 .0000E+00  .000E+00
  72173  30    .00    .00 .0000E+00  .000E+00
  72174  30    .00    .00 .0000E+00  .000E+00
  72175  14  22.18  14.27 .6709E+01  .160E+02
  72176  30    .00    .00 .0000E+00  .000E+00
  72177  10  22.36  13.67 .6384E+01  .320E+02
  72178  30  22.42  14.02 .7626E+01  .240E+01
  72179  30  22.33  13.38 .6100E+01  .530E+02
  72180  30  22.09  13.34 .7388E+01  .380E+01
  72181  10  22.49  13.20 .5696E+01  .100E+03
  72182  11    .00    .00 .0000E+00  .000E+00
  73169  10    .00    .00 .0000E+00  .000E+00
  73175  14    .00    .00 .0000E+00  .000E+00
  73177  11    .00    .00 .0000E+00  .000E+00
  73179  25    .00    .00 .0000E+00  .000E+00
  73180  11    .00    .00 .0000E+00  .000E+00
  73181  11  21.28  12.55 .7577E+01  .110E+01
  73182  30  21.19  12.09 .6063E+01  .430E+01
  73183  18  21.55  12.64 .6934E+01  .360E+01
  73185  10    .00    .00 .0000E+00  .000E+00
  74166  10    .00    .00 .0000E+00  .000E+00
  74168  10    .00    .00 .0000E+00  .000E+00
  74170  19    .00    .00 .0000E+00  .000E+00
  74172  19    .00    .00 .0000E+00  .000E+00
  74174  18    .00    .00 .0000E+00  .000E+00
  74176  18    .00    .00 .0000E+00  .000E+00
  74178  30    .00    .00 .0000E+00  .000E+00
  74179  30    .00    .00 .0000E+00  .000E+00
  74180  30    .00    .00 .0000E+00  .000E+00
  74181  14  22.72  13.98 .6683E+01  .180E+02
  74182  30    .00    .00 .0000E+00  .000E+00
  74183  30  22.22  13.17 .6191E+01  .500E+02
  74184  30  22.38  13.80 .7412E+01  .120E+02
  74185  30  22.65  13.31 .5754E+01  .870E+02
  74186  25    .00    .00 .0000E+00  .000E+00
  74187  30  22.98  13.45 .5466E+01  .125E+03
  74188  22    .00    .00 .0000E+00  .000E+00
  75176  10    .00    .00 .0000E+00  .000E+00
  75181  10    .00    .00 .0000E+00  .000E+00
  75183  30    .00    .00 .0000E+00  .000E+00
  75184  10    .00    .00 .0000E+00  .000E+00
  75185  22    .00    .00 .0000E+00  .000E+00
  75186  30  21.80  12.79 .6178E+01  .330E+01
  75187  29    .00    .00 .0000E+00  .000E+00
  75188  12  22.64  13.51 .5872E+01  .350E+01
  75189  12    .00    .00 .0000E+00  .000E+00
  75191  16    .00    .00 .0000E+00  .000E+00
  76170  18    .00    .00 .0000E+00  .000E+00
  76171  10    .00    .00 .0000E+00  .000E+00
  76172  10    .00    .00 .0000E+00  .000E+00
  76174  18    .00    .00 .0000E+00  .000E+00
  76176  21    .00    .00 .0000E+00  .000E+00
  76177  11    .00    .00 .0000E+00  .000E+00
  76178  16    .00    .00 .0000E+00  .000E+00
  76179  30    .00    .00 .0000E+00  .000E+00
  76180  30    .00    .00 .0000E+00  .000E+00
  76181  30    .00    .00 .0000E+00  .000E+00
  76183  18    .00    .00 .0000E+00  .000E+00
  76184  30    .00    .00 .0000E+00  .000E+00
  76185  20    .00    .00 .0000E+00  .000E+00
  76186  30    .00    .00 .0000E+00  .000E+00
  76187  30  22.95  14.01 .6291E+01  .300E+02
  76188  30  22.57  14.21 .7989E+01  .440E+01
  76189  12  23.70  14.66 .5922E+01  .400E+02
  76190  30  22.48  13.93 .7793E+01  .330E+01
  76191  23  23.18  13.80 .5758E+01  .700E+02
  76192  30    .00    .00 .0000E+00  .000E+00
  76193  10  22.83  13.15 .5584E+01  .115E+03
  76194  16    .00    .00 .0000E+00  .000E+00
  77181  17    .00    .00 .0000E+00  .000E+00
  77182  10    .00    .00 .0000E+00  .000E+00
  77183  10    .00    .00 .0000E+00  .000E+00
  77184  18    .00    .00 .0000E+00  .000E+00
  77185  17    .00    .00 .0000E+00  .000E+00
  77187  15    .00    .00 .0000E+00  .000E+00
  77188  10    .00    .00 .0000E+00  .000E+00
  77189  30    .00    .00 .0000E+00  .000E+00
  77191  26    .00    .00 .0000E+00  .000E+00
  77192  30  22.52  13.46 .6212E+01  .330E+01
  77193  14  22.21  13.53 .7757E+01  .630E+00
  77194  30  21.41  12.14 .6067E+01  .770E+01
  77195  11    .00    .00 .0000E+00  .000E+00
  77197  12    .00    .00 .0000E+00  .000E+00
  78176  10    .00    .00 .0000E+00  .000E+00
  78177  10    .00    .00 .0000E+00  .000E+00
  78178  10    .00    .00 .0000E+00  .000E+00
  78179  11    .00    .00 .0000E+00  .000E+00
  78180  14    .00    .00 .0000E+00  .000E+00
  78181  30    .00    .00 .0000E+00  .000E+00
  78182  15    .00    .00 .0000E+00  .000E+00
  78183  30    .00    .00 .0000E+00  .000E+00
  78184  14    .00    .00 .0000E+00  .000E+00
  78185  30    .00    .00 .0000E+00  .000E+00
  78186  15    .00    .00 .0000E+00  .000E+00
  78187  13    .00    .00 .0000E+00  .000E+00
  78188  23    .00    .00 .0000E+00  .000E+00
  78189  11    .00    .00 .0000E+00  .000E+00
  78190  18    .00    .00 .0000E+00  .000E+00
  78191  13    .00    .00 .0000E+00  .000E+00
  78192  30    .00    .00 .0000E+00  .000E+00
  78193  13    .00    .00 .0000E+00  .000E+00
  78194  30    .00    .00 .0000E+00  .000E+00
  78195  28  19.73  10.37 .6105E+01  .240E+03
  78196  30  20.37  11.71 .7922E+01  .180E+02
  78197  16  19.66  10.06 .5846E+01  .380E+03
  78198  29    .00    .00 .0000E+00  .000E+00
  78199  15    .00    .00 .0000E+00  .000E+00
  78200  30    .00    .00 .0000E+00  .000E+00
  79183  12    .00    .00 .0000E+00  .000E+00
  79184  11    .00    .00 .0000E+00  .000E+00
  79186  16    .00    .00 .0000E+00  .000E+00
  79187  24    .00    .00 .0000E+00  .000E+00
  79189  19    .00    .00 .0000E+00  .000E+00
  79192  13    .00    .00 .0000E+00  .000E+00
  79193  17    .00    .00 .0000E+00  .000E+00
  79194  14    .00    .00 .0000E+00  .000E+00
  79195  30    .00    .00 .0000E+00  .000E+00
  79196  20    .00    .00 .0000E+00  .000E+00
  79197  22    .00    .00 .0000E+00  .000E+00
  79198  30  19.07  10.16 .6512E+01  .162E+02
  79199  30    .00    .00 .0000E+00  .000E+00
  79200  10    .00    .00 .0000E+00  .000E+00
  79201  17    .00    .00 .0000E+00  .000E+00
  79203  10    .00    .00 .0000E+00  .000E+00
  80182  19    .00    .00 .0000E+00  .000E+00
  80184  10    .00    .00 .0000E+00  .000E+00
  80185  16    .00    .00 .0000E+00  .000E+00
  80186  15    .00    .00 .0000E+00  .000E+00
  80188  27    .00    .00 .0000E+00  .000E+00
  80195  10    .00    .00 .0000E+00  .000E+00
  80196  25    .00    .00 .0000E+00  .000E+00
  80197  16    .00    .00 .0000E+00  .000E+00
  80198  30    .00    .00 .0000E+00  .000E+00
  80199  17    .00    .00 .0000E+00  .000E+00
  80200  30  17.63   9.01 .8029E+01  .840E+02
  80201  14  16.57   7.47 .6230E+01  .130E+04
  80202  30  16.75   8.08 .7755E+01  .110E+03
  80203  10  16.19   6.96 .5933E+01  .250E+04
  80204  28    .00    .00 .0000E+00  .000E+00
  80205  30    .00    .00 .0000E+00  .000E+00
  81187  11    .00    .00 .0000E+00  .000E+00
  81189  10    .00    .00 .0000E+00  .000E+00
  81196  16    .00    .00 .0000E+00  .000E+00
  81197  30    .00    .00 .0000E+00  .000E+00
  81198  13    .00    .00 .0000E+00  .000E+00
  81199  30    .00    .00 .0000E+00  .000E+00
  81200  10    .00    .00 .0000E+00  .000E+00
  81201  26    .00    .00 .0000E+00  .000E+00
  81202  10    .00    .00 .0000E+00  .000E+00
  81203  30    .00    .00 .0000E+00  .000E+00
  81204  12  15.15   7.07 .6656E+01  .360E+03
  81205  23    .00    .00 .0000E+00  .000E+00
  81206  24  12.13   5.32 .6503E+01  .400E+04
  81207  30    .00    .00 .0000E+00  .000E+00
  82188  10    .00    .00 .0000E+00  .000E+00
  82195  27    .00    .00 .0000E+00  .000E+00
  82200  14    .00    .00 .0000E+00  .000E+00
  82201  19    .00    .00 .0000E+00  .000E+00
  82202  11    .00    .00 .0000E+00  .000E+00
  82203  16    .00    .00 .0000E+00  .000E+00
  82204  30    .00    .00 .0000E+00  .000E+00
  82205  30  14.46   6.31 .6732E+01  .270E+04
  82206  30    .00    .00 .0000E+00  .000E+00
  82207  30  11.44   4.75 .6738E+01  .240E+05
  82208  30  11.04   4.51 .7368E+01  .190E+05
  82209  30  12.45   3.52 .3937E+01  .350E+06
  82210  30    .00    .00 .0000E+00  .000E+00
  82211  21    .00    .00 .0000E+00  .000E+00
  82212  18    .00    .00 .0000E+00  .000E+00
  83197  15    .00    .00 .0000E+00  .000E+00
  83199  19    .00    .00 .0000E+00  .000E+00
  83201  30    .00    .00 .0000E+00  .000E+00
  83202  17    .00    .00 .0000E+00  .000E+00
  83203  23    .00    .00 .0000E+00  .000E+00
  83204  26    .00    .00 .0000E+00  .000E+00
  83205  14    .00    .00 .0000E+00  .000E+00
  83206  10    .00    .00 .0000E+00  .000E+00
  83207  29    .00    .00 .0000E+00  .000E+00
  83208  30    .00    .00 .0000E+00  .000E+00
  83209  30    .00    .00 .0000E+00  .000E+00
  83210  11  13.15   4.63 .4605E+01  .450E+04
  83211  25    .00    .00 .0000E+00  .000E+00
  83214  12    .00    .00 .0000E+00  .000E+00
  84196  10    .00    .00 .0000E+00  .000E+00
  84198  11    .00    .00 .0000E+00  .000E+00
  84200  16    .00    .00 .0000E+00  .000E+00
  84201  23    .00    .00 .0000E+00  .000E+00
  84202  12    .00    .00 .0000E+00  .000E+00
  84203  27    .00    .00 .0000E+00  .000E+00
  84204  28    .00    .00 .0000E+00  .000E+00
  84205  25    .00    .00 .0000E+00  .000E+00
  84206  22    .00    .00 .0000E+00  .000E+00
  84207  24    .00    .00 .0000E+00  .000E+00
  84208  10    .00    .00 .0000E+00  .000E+00
  84209  24    .00    .00 .0000E+00  .000E+00
  84210  30    .00    .00 .0000E+00  .000E+00
  84211  26    .00    .00 .0000E+00  .000E+00
  84212  19    .00    .00 .0000E+00  .000E+00
  84214  25    .00    .00 .0000E+00  .000E+00
  84215  10    .00    .00 .0000E+00  .000E+00
  85203  20    .00    .00 .0000E+00  .000E+00
  85205  18    .00    .00 .0000E+00  .000E+00
  85207  20    .00    .00 .0000E+00  .000E+00
  85208  10    .00    .00 .0000E+00  .000E+00
  85209  20    .00    .00 .0000E+00  .000E+00
  85210  16    .00    .00 .0000E+00  .000E+00
  85211  11    .00    .00 .0000E+00  .000E+00
  85212  22    .00    .00 .0000E+00  .000E+00
  85214  10    .00    .00 .0000E+00  .000E+00
  85216  11    .00    .00 .0000E+00  .000E+00
  85217  10    .00    .00 .0000E+00  .000E+00
  86204  13    .00    .00 .0000E+00  .000E+00
  86206  14    .00    .00 .0000E+00  .000E+00
  86208  10    .00    .00 .0000E+00  .000E+00
  86209  19    .00    .00 .0000E+00  .000E+00
  86210  16    .00    .00 .0000E+00  .000E+00
  86211  11    .00    .00 .0000E+00  .000E+00
  86212  14    .00    .00 .0000E+00  .000E+00
  86213  24    .00    .00 .0000E+00  .000E+00
  86214  12    .00    .00 .0000E+00  .000E+00
  86219  19    .00    .00 .0000E+00  .000E+00
  87211  10    .00    .00 .0000E+00  .000E+00
  87212  16    .00    .00 .0000E+00  .000E+00
  87213  28    .00    .00 .0000E+00  .000E+00
  87214  10    .00    .00 .0000E+00  .000E+00
  87215  11    .00    .00 .0000E+00  .000E+00
  87217  15    .00    .00 .0000E+00  .000E+00
  87219  11    .00    .00 .0000E+00  .000E+00
  87220  23    .00    .00 .0000E+00  .000E+00
  87221  10    .00    .00 .0000E+00  .000E+00
  87223  10    .00    .00 .0000E+00  .000E+00
  87225  10    .00    .00 .0000E+00  .000E+00
  88212  14    .00    .00 .0000E+00  .000E+00
  88214  26    .00    .00 .0000E+00  .000E+00
  88215  15    .00    .00 .0000E+00  .000E+00
  88216  14    .00    .00 .0000E+00  .000E+00
  88217  10    .00    .00 .0000E+00  .000E+00
  88218  18    .00    .00 .0000E+00  .000E+00
  88219  10    .00    .00 .0000E+00  .000E+00
  88220  10    .00    .00 .0000E+00  .000E+00
  88221  11    .00    .00 .0000E+00  .000E+00
  88222  25    .00    .00 .0000E+00  .000E+00
  88223  10    .00    .00 .0000E+00  .000E+00
  88224  30    .00    .00 .0000E+00  .000E+00
  88225  10    .00    .00 .0000E+00  .000E+00
  88226  25    .00    .00 .0000E+00  .000E+00
  88227  11  30.41  22.01 .4561E+01  .488E+02
  88228  25    .00    .00 .0000E+00  .000E+00
  88230  19    .00    .00 .0000E+00  .000E+00
  89217  11    .00    .00 .0000E+00  .000E+00
  89219  13    .00    .00 .0000E+00  .000E+00
  89223  10    .00    .00 .0000E+00  .000E+00
  89224  12    .00    .00 .0000E+00  .000E+00
  89225  10    .00    .00 .0000E+00  .000E+00
  89226  10    .00    .00 .0000E+00  .000E+00
  89227  10    .00    .00 .0000E+00  .000E+00
  89229  10    .00    .00 .0000E+00  .000E+00
  89230  10    .00    .00 .0000E+00  .000E+00
  89231  10    .00    .00 .0000E+00  .000E+00
  90220  10    .00    .00 .0000E+00  .000E+00
  90221  10    .00    .00 .0000E+00  .000E+00
  90222  10    .00    .00 .0000E+00  .000E+00
  90223  11    .00    .00 .0000E+00  .000E+00
  90224  10    .00    .00 .0000E+00  .000E+00
  90226  11    .00    .00 .0000E+00  .000E+00
  90228  30    .00    .00 .0000E+00  .000E+00
  90229  21    .00    .00 .0000E+00  .000E+00
  90230  30  29.54  20.93 .6793E+01  .530E+00
  90231  17  31.42  23.86 .5118E+01  .960E+01
  90232  30    .00    .00 .0000E+00  .000E+00
  90233  30  31.68  23.93 .4786E+01  .190E+02
  90234  10    .00    .00 .0000E+00  .000E+00
  91231  14    .00    .00 .0000E+00  .000E+00
  91232   0  29.78  20.40 .5570E+01  .450E+00
  91233  13    .00    .00 .0000E+00  .000E+00
  91234   0  30.87  21.67 .5220E+01  .590E+00
  91235  10  32.70  26.19 .6090E+01  .690E+00
  91237  11    .00    .00 .0000E+00  .000E+00
  92230  10    .00    .00 .0000E+00  .000E+00
  92232  27    .00    .00 .0000E+00  .000E+00
  92233  19  30.03  21.04 .5744E+01  .460E+01
  92234  30  29.26  20.22 .6843E+01  .550E+00
  92235  30  30.26  21.16 .5298E+01  .106E+02
  92236  30  30.66  22.24 .6545E+01  .440E+00
  92237  30  30.34  20.99 .5126E+01  .154E+02
  92238  30  30.65  22.23 .6153E+01  .350E+01
  92239  12  31.44  22.81 .4806E+01  .208E+02
  92240  10    .00    .00 .0000E+00  .000E+00
  93233  15    .00    .00 .0000E+00  .000E+00
  93235  30    .00    .00 .0000E+00  .000E+00
  93237  21    .00    .00 .0000E+00  .000E+00
  93238  30  29.14  19.08 .5488E+01  .520E+00
  93239  19    .00    .00 .0000E+00  .000E+00
  93243  10    .00    .00 .0000E+00  .000E+00
  94236  10    .00    .00 .0000E+00  .000E+00
  94237  10    .00    .00 .0000E+00  .000E+00
  94238  30    .00    .00 .0000E+00  .000E+00
  94239  26  28.99  19.00 .5647E+01  .900E+01
  94240  30  29.79  20.61 .6534E+01  .230E+01
  94241  11  30.09  20.24 .5242E+01  .136E+02
  94242   0  30.75  21.80 .6310E+01  .900E+00
  94243  11  30.61  20.93 .5034E+01  .175E+02
  94245  17  31.69  22.88 .4699E+01  .240E+02
  95239  11    .00    .00 .0000E+00  .000E+00
  95240  11    .00    .00 .0000E+00  .000E+00
  95241  11    .00    .00 .0000E+00  .000E+00
  95242  12  28.89  18.63 .5539E+01  .550E+00
  95243  11  30.42  21.23 .6364E+01  .400E+00
  95244   0  29.46  19.17 .5366E+01  .600E+00
  95245  10    .00    .00 .0000E+00  .000E+00
  96243  11  28.03  17.54 .5695E+01  .128E+02
  96244   0  28.67  18.84 .6800E+01  .810E+00
  96245  11  29.06  18.66 .5522E+01  .120E+02
  96246  30  30.69  21.60 .6456E+01  .190E+01
  96247  19  28.54  17.55 .5156E+01  .320E+02
  96248  25  29.32  19.03 .6212E+01  .140E+01
  96249  12  30.95  20.80 .4714E+01  .330E+02
  97247  17    .00    .00 .0000E+00  .000E+00
  97249  10    .00    .00 .0000E+00  .000E+00
  97250  17  29.73  18.99 .4967E+01  .100E+01
  97251  11    .00    .00 .0000E+00  .000E+00
  98247  13    .00    .00 .0000E+00  .000E+00
  98248  11    .00    .00 .0000E+00  .000E+00
  98249  18    .00    .00 .0000E+00  .000E+00
  98250  30  29.01  18.81 .6622E+01  .700E+00
  98251  12    .00    .00 .0000E+00  .000E+00
  98253   0  31.08  20.54 .4805E+01  .270E+02
  99251  15    .00    .00 .0000E+00  .000E+00
