#  Fit of EGSM a-parameter to experimental Do
#  Clasic vibr enhan., RIPL-3 Do & Shell corr.
#  Z  A  Sym  J   Qn         Dobs          dDobs        Shell         Def          Dcalc        +da_exp  a_exp -da_exp  a_sys    a_exp/a_sys
#------------------------------------------------------------------------------------------------------------------------------------------
  11  24 Na  1.5  6.960    .10000E+03    .20000E+02    .54700E+00    .32800E+00    .10001E+03     .1027  1.9297   .0819   1.879   1.027
  12  25 Mg   .0  7.331    .48000E+03    .70000E+02   -.85000E-01    .33300E+00    .48004E+03     .0800  2.0126   .0678   1.855   1.085
  12  26 Mg  2.5 11.094    .50000E+02    .10000E+02    .67100E+00   -.31000E+00    .50004E+02     .1232  2.3746   .0982   2.061   1.152
  12  27 Mg   .0  6.446    .21000E+03    .80000E+02    .66700E+00    .00000E+00    .21001E+03     .3085  2.7303   .1990   2.161   1.264
  13  28 Al  2.5  7.725    .55000E+02    .60000E+01   -.77100E+00   -.25400E+00    .55005E+02     .0539  2.0638   .0476   1.966   1.050
  14  29 Si   .0  8.474    .33200E+03    .35000E+02   -.24670E+01   -.30000E+00    .33202E+03     .0513  1.9979   .0455   1.711   1.168
  14  30 Si   .5 10.609    .19300E+03    .22000E+02   -.93000E+00    .00000E+00    .19301E+03     .0579  2.0320   .0509   2.061    .986
  14  31 Si   .0  6.587    .22500E+03    .30000E+02   -.38600E+00    .00000E+00    .22501E+03     .0884  2.6926   .0761   2.229   1.208
  15  32 P    .5  7.937    .50000E+02    .12000E+02   -.15200E+01    .00000E+00    .50004E+02     .1325  2.4342   .1014   2.109   1.154
  16  33 S    .0  8.642    .19000E+03    .60000E+02   -.11680E+01    .00000E+00    .19001E+03     .1957  2.3663   .1366   2.221   1.066
  16  34 S   1.5 11.417    .21000E+02    .10000E+02   -.18800E+00    .00000E+00    .21001E+02     .3653  2.8160   .2092   2.504   1.125
  16  35 S    .0  6.986    .11000E+03    .40000E+02    .53400E+00    .00000E+00    .11001E+03     .3017  3.1817   .2003   2.756   1.155
  17  36 Cl  1.5  8.580    .23000E+02    .60000E+01   -.48400E+00    .00000E+00    .23001E+02     .1500  2.5489   .1121   2.594    .983
  17  38 Cl  1.5  6.108    .15000E+02    .40000E+01    .19140E+01   -.18000E-01    .15001E+02     .2098  3.5290   .1565   3.345   1.055
  18  41 Ar   .0  6.100    .52000E+02    .47000E+01    .40960E+01    .00000E+00    .52005E+02     .0730  4.3520   .0661   4.410    .987
  19  40 K   1.5  7.800    .13000E+02    .30000E+01    .12730E+01   -.35000E-01    .13001E+02     .1540  3.1537   .1192   3.305    .954
  19  42 K   1.5  7.534    .10000E+02    .30000E+01    .32240E+01    .00000E+00    .10001E+02     .2280  3.5152   .1635   4.004    .878
  20  41 Ca   .0  8.363    .45000E+02    .40000E+01    .10270E+01    .00000E+00    .45002E+02     .0598  3.5045   .0543   3.347   1.047
  20  43 Ca   .0  7.933    .20000E+02    .50000E+01    .30350E+01    .00000E+00    .20001E+02     .2071  4.3561   .1586   4.124   1.056
  20  44 Ca  3.5 11.131    .18000E+01    .30000E+00    .31340E+01    .00000E+00    .18000E+01     .1342  4.5982   .1124   4.168   1.103
  20  45 Ca   .0  7.415    .24100E+02    .32000E+01    .29300E+01    .00000E+00    .24101E+02     .1039  4.4394   .0903   4.307   1.031
  21  46 Sc  3.5  8.761    .13000E+01    .10000E+00    .24170E+01   -.80000E-02    .13001E+01     .0540  4.3235   .0497   4.091   1.057
  22  47 Ti   .0  8.880    .25000E+02    .40000E+01    .17320E+01    .00000E+00    .25002E+02     .1152  3.8696   .0969   4.036    .959
  22  48 Ti  2.5 11.627    .17500E+01    .25000E+00    .16040E+01    .00000E+00    .17501E+01     .1043  4.3283   .0894   4.053   1.068
  22  49 Ti   .0  8.142    .20800E+02    .25000E+01    .11220E+01    .00000E+00    .20801E+02     .0891  4.2343   .0785   4.029   1.051
  22  50 Ti  3.5 10.939    .40000E+01    .80000E+00    .35800E+00    .00000E+00    .40001E+01     .1504  3.8991   .1211   3.850   1.013
  22  51 Ti   .0  6.372    .24900E+02    .16000E+01    .45200E+00    .00000E+00    .24901E+02     .0499  4.7245   .0465   3.984   1.186
  23  51 V   6.0 11.051    .20000E+01    .10000E+00    .21200E+00    .00000E+00    .20002E+01     .0337  3.9523   .0318   3.875   1.020
  23  52 V   3.5  7.311    .40000E+01    .60000E+00    .18300E+00    .00000E+00    .40003E+01     .1113  3.9881   .0947   3.949   1.010
  24  51 Cr   .0  9.261    .12500E+02    .12000E+01   -.11800E+00    .10700E+00    .12501E+02     .0665  4.1650   .0599   3.779   1.102
  24  53 Cr   .0  7.939    .32000E+02    .35000E+01   -.29900E+00    .00000E+00    .32002E+02     .0787  3.9774   .0701   3.862   1.030
  24  54 Cr  1.5  9.719    .67000E+01    .60000E+00    .46600E+00    .18000E+00    .67002E+01     .0655  4.2166   .0595   4.204   1.003
  24  55 Cr   .0  6.246    .50000E+02    .80000E+01    .11410E+01    .18900E+00    .50003E+02     .1280  4.3782   .1077   4.574    .957
  25  56 Mn  2.5  7.270    .23000E+01    .40000E+00    .10900E+00    .20800E+00    .23002E+01     .1340  4.5028   .1114   4.227   1.065
  26  55 Fe   .0  9.298    .20500E+02    .14000E+01   -.20400E+01    .00000E+00    .20500E+02     .0439  3.7675   .0407   3.456   1.090
  26  57 Fe   .0  7.646    .25400E+02    .22000E+01   -.51400E+00    .18900E+00    .25401E+02     .0632  4.3003   .0577   4.073   1.056
  26  58 Fe   .5 10.044    .70500E+01    .70000E+00    .20200E+00    .19900E+00    .70503E+01     .0726  4.4994   .0654   4.413   1.020
  26  59 Fe   .0  6.581    .21600E+02    .26000E+01    .95000E+00    .21900E+00    .21601E+02     .0968  4.9190   .0849   4.811   1.023
  27  60 Co  3.5  7.492    .14500E+01    .15000E+00    .10400E+00    .16300E+00    .14500E+01     .0779  4.7251   .0698   4.527   1.044
  28  59 Ni   .0  8.999    .13400E+02    .90000E+00   -.21720E+01    .00000E+00    .13401E+02     .0455  4.1733   .0423   3.656   1.142
  28  60 Ni  1.5 11.388    .20000E+01    .70000E+00   -.14120E+01    .27000E-01    .20000E+01     .2843  4.3660   .1938   4.007   1.090
  28  61 Ni   .0  7.820    .13800E+02    .90000E+00   -.49200E+00   -.13000E+00    .13800E+02     .0476  4.6778   .0444   4.371   1.070
  28  62 Ni  1.5 10.596    .21000E+01    .15000E+00   -.76000E-01   -.96000E-01    .21002E+01     .0513  4.6912   .0475   4.610   1.018
  28  63 Ni   .0  6.838    .16000E+02    .30000E+01    .78300E+00   -.12200E+00    .16000E+02     .1556  5.0222   .1270   5.053    .994
  28  65 Ni   .0  6.098    .23600E+02    .30000E+01    .17360E+01   -.79000E-01    .23600E+02     .1118  5.0947   .0965   5.678    .897
  29  64 Cu  1.5  7.916    .70000E+00    .90000E-01    .41500E+00    .15300E+00    .69996E+00     .0983  5.4196   .0860   4.945   1.096
  29  66 Cu  1.5  7.067    .13000E+01    .11000E+00    .14600E+01   -.15600E+00    .13000E+01     .0641  5.3530   .0587   5.538    .967
  30  65 Zn   .0  7.979    .23000E+01    .30000E+00    .12690E+01   -.26400E+00    .23000E+01     .1089  6.0712   .0946   5.394   1.126
  30  67 Zn   .0  7.052    .46200E+01    .55000E+00    .24340E+01   -.18200E+00    .46201E+01     .1092  6.0571   .0954   6.127    .989
  30  68 Zn  2.5 10.198    .37000E+00    .20000E-01    .24770E+01   -.15600E+00    .37000E+00     .0424  6.0796   .0401   6.130    .992
  30  69 Zn   .0  6.482    .55600E+01    .43000E+00    .31040E+01   -.16400E+00    .55602E+01     .0796  6.3141   .0726   6.678    .946
  30  71 Zn   .0  5.834    .65200E+01    .42000E+00    .36230E+01    .53000E-01    .65204E+01     .0796  6.8558   .0738   7.203    .952
  31  70 Ga  1.5  7.654    .31600E+00    .41000E-01    .28400E+01   -.20700E+00    .31597E+00     .1056  6.2911   .0921   6.443    .976
  31  72 Ga  1.5  6.520    .38000E+00    .60000E-01    .37890E+01   -.21500E+00    .37998E+00     .1530  6.7757   .1281   7.159    .947
  32  71 Ge   .0  7.416    .11700E+01    .23000E+00    .37750E+01   -.21500E+00    .11700E+01     .2207  7.2557   .1765   7.109   1.021
  32  73 Ge   .0  6.782    .15000E+01    .30000E+00    .41850E+01   -.22400E+00    .15000E+01     .2581  7.6164   .2058   7.584   1.004
  32  74 Ge  4.5 10.196    .62000E-01    .15000E-01    .35800E+01   -.22400E+00    .62001E-01     .2551  7.5161   .1943   7.165   1.049
  32  75 Ge   .0  6.505    .30000E+01    .10000E+01    .36960E+01    .89000E-01    .30002E+01     .4654  7.1476   .3155   7.550    .947
  32  77 Ge   .0  6.072    .45000E+01    .10000E+01    .28060E+01    .15300E+00    .45002E+01     .2951  7.0184   .2285   7.291    .963
  33  76 As  1.5  7.328    .90000E-01    .80000E-02    .40430E+01   -.25800E+00    .89991E-01     .0847  7.6328   .0770   7.585   1.006
  34  75 Se   .0  8.028    .34000E+00    .80000E-01    .42360E+01   -.24100E+00    .34000E+00     .2805  8.1055   .2152   7.657   1.059
  34  77 Se   .0  7.419    .65000E+00    .10000E+00    .41500E+01   -.25800E+00    .64997E+00     .1843  7.9595   .1552   7.880   1.010
  34  78 Se   .5 10.498    .12000E+00    .15000E-01    .35080E+01    .14300E+00    .12001E+00     .1166  7.7143   .1014   7.473   1.032
  34  79 Se   .0  6.963    .15000E+01    .30000E+00    .35080E+01    .15300E+00    .15001E+01     .2477  7.5163   .1972   7.777    .966
  34  81 Se   .0  6.701    .24000E+01    .80000E+00    .21510E+01    .16300E+00    .24001E+01     .4367  7.0806   .2956   7.232    .979
  34  83 Se   .0  5.818    .50000E+01    .25000E+01    .85400E+00    .89000E-01    .50003E+01     .8247  6.8858   .4477   6.703   1.027
  35  80 Br  1.5  7.892    .47000E-01    .50000E-02    .36930E+01    .10700E+00    .47004E-01     .1006  7.9534   .0892   7.740   1.028
  35  82 Br  1.5  7.593    .10000E+00    .15000E-01    .22790E+01    .14400E+00    .10001E+00     .1377  7.3765   .1165   7.247   1.018
  36  79 Kr   .0  8.334    .25000E+00    .80000E-01    .40620E+01   -.24900E+00    .25000E+00     .3948  8.1800   .2740   7.922   1.033
  36  81 Kr   .0  7.873    .28000E+00    .80000E-01    .36570E+01    .71000E-01    .28002E+00     .3727  8.5115   .2698   7.950   1.071
  36  84 Kr  4.5 10.521    .20000E+00    .10000E+00    .14000E+01    .62000E-01    .20000E+00     .5293  6.2181   .3003   6.966    .893
  36  85 Kr   .0  7.121    .40000E+01    .40000E+00    .82900E+00    .62000E-01    .40001E+01     .0894  6.1925   .0797   6.813    .909
  36  87 Kr   .0  5.515    .29000E+02    .15000E+01   -.10600E+00    .62000E-01    .29001E+02     .0475  5.2313   .0445   6.445    .812
  37  86 Rb  2.5  8.650    .17200E+00    .80000E-02    .16100E+00    .62000E-01    .17199E+00     .0339  6.1307   .0325   6.511    .942
  37  88 Rb  1.5  6.082    .16300E+01    .15000E+00   -.39200E+00    .62000E-01    .16300E+01     .0729  5.6826   .0660   6.369    .892
  38  85 Sr   .0  8.530    .32000E+00    .12000E+00    .22030E+01    .53000E-01    .32002E+00     .4360  7.7212   .2830   7.489   1.031
  38  87 Sr   .0  8.424    .26000E+01    .80000E+00    .18200E+00    .53000E-01    .26000E+01     .2708  5.9423   .1937   6.603    .900
  38  88 Sr  4.5 11.112    .29000E+00    .80000E-01   -.13690E+01    .45000E-01    .29000E+00     .2274  5.5243   .1702   5.929    .932
  38  89 Sr   .0  6.359    .23700E+02    .29000E+01   -.87400E+00    .53000E-01    .23700E+02     .0970  5.0056   .0845   6.149    .814
  39  90 Y    .5  6.857    .37000E+01    .40000E+00   -.11630E+01    .53000E-01    .36998E+01     .0795  5.2519   .0710   6.113    .859
  40  91 Zr   .0  7.195    .60000E+01    .14000E+01   -.10460E+01    .53000E-01    .60000E+01     .2035  5.7295   .1569   6.216    .922
  40  92 Zr  2.5  8.635    .55000E+00    .10000E+00    .11500E+00    .53000E-01    .55000E+00     .1690  6.3290   .1374   6.949    .911
  40  93 Zr   .0  6.735    .35000E+01    .80000E+00    .53400E+00    .53000E-01    .35001E+01     .2486  6.5478   .1905   7.278    .900
  40  94 Zr  2.5  8.221    .30200E+00    .75000E-01    .14120E+01    .62000E-01    .30199E+00     .3034  7.2882   .2277   7.882    .925
  40  95 Zr   .0  6.462    .40000E+01    .80000E+00    .14470E+01    .18000E+00    .40002E+01     .2360  6.7632   .1868   8.011    .844
  40  97 Zr   .0  5.575    .13000E+02    .30000E+01    .23310E+01    .27300E+00    .13000E+02     .3175  6.4318   .2422   8.821    .729
  41  94 Nb  4.5  7.228    .94000E-01    .10000E-01    .69200E+00    .62000E-01    .94001E-01     .0956  7.1011   .0850   7.415    .958
  42  93 Mo   .0  8.070    .27000E+01    .50000E+00   -.15260E+01    .53000E-01    .26998E+01     .1501  5.9705   .1230   6.121    .975
  42  95 Mo   .0  7.369    .13200E+01    .18000E+00    .26600E+00    .53000E-01    .13199E+01     .1360  7.0305   .1165   7.264    .968
  42  96 Mo  2.5  9.154    .81000E-01    .14000E-01    .11260E+01    .80000E-01    .80998E-01     .1880  7.8424   .1546   7.836   1.001
  42  97 Mo   .0  6.821    .10500E+01    .20000E+00    .17340E+01    .16100E+00    .10501E+01     .2458  7.9471   .1982   8.339    .953
  42  98 Mo  2.5  8.643    .60000E-01    .10000E-01    .24250E+01    .18000E+00    .60000E-01     .2185  8.8540   .1816   8.817   1.004
  42  99 Mo   .0  5.925    .10000E+01    .20000E+00    .32890E+01    .20700E+00    .10001E+01     .3332  9.5906   .2679   9.623    .997
  43 100 Tc  4.5  6.764    .14000E-01    .12000E-02    .29900E+01    .18900E+00    .14000E-01     .1118  9.8308   .1019   9.300   1.057
  44 100 Ru  2.5  9.673    .25000E-01    .40000E-02    .13830E+01    .16100E+00    .25001E-01     .1784  8.6481   .1493   8.291   1.043
  44 101 Ru   .0  6.802    .34500E+00    .60000E-01    .22700E+01    .18000E+00    .34501E+00     .2540  9.4860   .2100   9.027   1.051
  44 102 Ru  2.5  9.219    .18000E-01    .30000E-02    .26060E+01    .18900E+00    .17999E-01     .2187  9.6459   .1822   9.231   1.045
  44 103 Ru   .0  6.332    .28000E+00    .50000E-01    .34380E+01    .23500E+00    .28001E+00     .3001 10.8645   .2474  10.047   1.081
  44 105 Ru   .0  5.910    .32000E+00    .65000E-01    .40150E+01    .29100E+00    .32000E+00     .3788 11.7269   .3044  10.707   1.095
  45 104 Rh   .5  6.999    .32000E-01    .40000E-02    .29230E+01    .20800E+00    .32000E-01     .1612 10.0044   .1407   9.595   1.043
  46 105 Pd   .0  7.094    .30000E+00    .60000E-01    .20810E+01    .17100E+00    .30000E+00     .2840  9.2684   .2279   9.223   1.005
  46 106 Pd  2.5  9.561    .10300E-01    .50000E-03    .22860E+01    .17100E+00    .10299E-01     .0578  9.8443   .0551   9.349   1.053
  46 107 Pd   .0  6.536    .21700E+00    .60000E-01    .30740E+01    .19800E+00    .21699E+00     .4837 10.8120   .3579  10.133   1.067
  46 108 Pd  2.5  9.228    .11000E-01    .80000E-03    .30050E+01    .19000E+00    .11000E-01     .0947 10.2931   .0876  10.015   1.028
  46 109 Pd   .0  6.154    .18200E+00    .33000E-01    .35940E+01    .22600E+00    .18200E+00     .3277 12.0163   .2699  10.740   1.119
  46 111 Pd   .0  5.726    .27500E+00    .80000E-01    .37900E+01   -.25000E+00    .27499E+00     .5976 12.1651   .4357  11.137   1.092
  47 108 Ag   .5  7.271    .28000E-01    .20000E-02    .24700E+01    .16200E+00    .28000E-01     .0855  9.8124   .0792   9.636   1.018
  47 110 Ag   .5  6.809    .18000E-01    .10000E-02    .32000E+01    .17100E+00    .17999E-01     .0756 11.1086   .0714  10.336   1.075
  48 107 Cd   .0  7.924    .16500E+00    .35000E-01    .51700E+00    .13500E+00    .16498E+00     .2595  8.7920   .2048   8.332   1.055
  48 109 Cd   .0  7.327    .12000E+00    .30000E-01    .15930E+01    .13500E+00    .12001E+00     .3751 10.0522   .2851   9.217   1.091
  48 111 Cd   .0  6.976    .15500E+00    .20000E-01    .22660E+01    .15400E+00    .15499E+00     .1911 10.3902   .1663   9.873   1.052
  48 112 Cd   .5  9.394    .27000E-01    .20000E-02    .22320E+01    .14400E+00    .26998E-01     .0915 10.0210   .0847   9.837   1.019
  48 113 Cd   .0  6.540    .19000E+00    .25000E-01    .26910E+01    .16300E+00    .18999E+00     .2107 10.9535   .1831  10.393   1.054
  48 114 Cd   .5  9.043    .24800E-01    .26000E-02    .24390E+01    .16300E+00    .24798E-01     .1422 10.6129   .1272  10.175   1.043
  48 115 Cd   .0  6.141    .21000E+00    .20000E-01    .27540E+01   -.23300E+00    .21000E+00     .1590 11.4347   .1435  10.658   1.073
  48 117 Cd   .0  5.777    .70400E+00    .27000E+00    .24680E+01   -.25000E+00    .70402E+00     .7652 10.1904   .4989  10.651    .957
  49 114 In  4.5  7.274    .10700E-01    .80000E-03    .20740E+01    .89000E-01    .10700E-01     .0891  9.4469   .0819   9.893    .955
  49 116 In  4.5  6.785    .95000E-02    .50000E-03    .22930E+01    .99000E-01    .95000E-02     .0694 10.2362   .0656  10.248    .999
  50 113 Sn   .0  7.743    .15800E+00    .47000E-01    .79100E+00    .45000E-01    .15800E+00     .4086  9.0707   .2924   8.983   1.010
  50 115 Sn   .0  7.546    .28600E+00    .11000E+00    .90100E+00    .18000E-01    .28600E+00     .5583  8.6236   .3583   9.221    .935
  50 117 Sn   .0  6.943    .45000E+00    .50000E-01    .12050E+01   -.44000E-01    .45001E+00     .1462  8.8025   .1292   9.618    .915
  50 118 Sn   .5  9.327    .61000E-01    .70000E-02    .88200E+00    .00000E+00    .61001E-01     .1310  8.9200   .1153   9.425    .946
  50 119 Sn   .0  6.484    .70000E+00    .15000E-01    .11080E+01    .00000E+00    .70002E+00     .0285  8.8418   .0275   9.727    .909
  50 120 Sn   .5  9.108    .90000E-01    .20000E-01    .46700E+00    .00000E+00    .89991E-01     .2697  8.6492   .2102   9.301    .930
  50 121 Sn   .0  6.170    .12500E+01    .20000E+00    .49700E+00   -.80000E-02    .12501E+01     .2290  8.3961   .1915   9.432    .890
  50 123 Sn   .0  5.946    .29600E+01    .15000E+00   -.59600E+00    .00000E+00    .29602E+01     .0628  7.4001   .0590   8.741    .847
  50 125 Sn   .0  5.733    .50000E+01    .10000E+01   -.21070E+01    .00000E+00    .50002E+01     .2517  6.7757   .1990   7.703    .880
  51 122 Sb  2.5  6.807    .13000E-01    .20000E-02    .12610E+01   -.11300E+00    .12999E-01     .2062  9.9519   .1743  10.020    .993
  51 124 Sb  3.5  6.468    .24000E-01    .30000E-02    .23400E+00   -.10500E+00    .24000E-01     .1602  9.2159   .1396   9.447    .976
  52 123 Te   .0  6.929    .14600E+00    .14000E-01    .16350E+01   -.13900E+00    .14600E+00     .1400 10.3922   .1263  10.428    .997
  52 124 Te   .5  9.424    .25100E-01    .28000E-02    .88900E+00   -.11300E+00    .25101E-01     .1358  9.7721   .1202   9.900    .987
  52 125 Te   .0  6.569    .22000E+00    .30000E-01    .77100E+00   -.11300E+00    .22001E+00     .2073 10.2155   .1788   9.944   1.027
  52 126 Te   .5  9.113    .43000E-01    .30000E-02   -.16800E+00   -.10500E+00    .42998E-01     .0812  9.3257   .0752   9.307   1.002
  52 127 Te   .0  6.287    .64000E+00    .17000E+00   -.48400E+00   -.10400E+00    .64006E+00     .4120  8.9173   .3064   9.124    .977
  52 129 Te   .0  6.082    .15100E+01    .37000E+00   -.21440E+01   -.80000E-02    .15101E+01     .3409  7.8119   .2578   7.961    .981
  52 131 Te   .0  5.929    .15000E+01    .50000E+00   -.41840E+01    .00000E+00    .15001E+01     .4744  7.6301   .3216   6.492   1.175
  53 128 I   2.5  6.826    .15000E-01    .20000E-02    .10900E+00   -.12200E+00    .14999E-01     .1697  9.6023   .1466   9.656    .994
  53 130 I   3.5  6.463    .20000E-01    .30000E-02   -.12770E+01   -.10400E+00    .20000E-01     .1915  9.2146   .1622   8.775   1.050
  54 129 Xe   .0  6.908    .25000E+00    .10000E+00    .49700E+00    .14300E+00    .24998E+00     .6821  9.5962   .4340  10.036    .956
  54 130 Xe   .5  9.256    .38000E-01    .50000E-02   -.37200E+00   -.11300E+00    .38001E-01     .1554  9.2856   .1343   9.456    .982
  54 131 Xe   .0  6.605    .17400E+00    .28000E-01   -.76700E+00   -.11300E+00    .17400E+00     .2422 10.1667   .2034   9.198   1.105
  54 132 Xe  1.5  8.935    .49000E-01    .80000E-02   -.17920E+01    .00000E+00    .49000E-01     .1832  8.4404   .1524   8.554    .987
  54 133 Xe   .0  6.440    .75000E+00    .23000E+00   -.24700E+01   -.18000E-01    .74997E+00     .4402  8.2056   .3100   7.995   1.026
  54 135 Xe   .0  6.383    .80000E+00    .40000E+00   -.46700E+01    .27000E-01    .79999E+00     .7848  7.8358   .4281   6.415   1.222
  54 137 Xe   .0  4.025    .28800E+02    .27000E+01   -.47590E+01   -.18000E-01    .28801E+02     .1288  6.0673   .1154   5.986   1.014
  55 134 Cs  3.5  6.891    .21000E-01    .20000E-02   -.15460E+01   -.10400E+00    .20999E-01     .1064  8.7102   .0957   8.871    .982
  55 135 Cs  4.0  8.828    .16000E-01    .30000E-02   -.25810E+01    .00000E+00    .15999E-01     .1837  8.1386   .1490   8.255    .986
  55 136 Cs  3.5  6.829    .51000E-01    .26000E-01   -.36690E+01    .35000E-01    .51004E-01     .6698  7.6706   .3610   7.437   1.031
  56 131 Ba   .0  7.494    .58000E-01    .10000E-01    .13290E+01    .16200E+00    .57998E-01     .2565 10.8839   .2131  10.817   1.006
  56 133 Ba   .0  7.190    .11000E+00    .35000E-01    .33500E+00    .12600E+00    .11000E+00     .5144 10.2622   .3619  10.212   1.005
  56 134 Ba   .5  9.468    .20000E-01    .80000E-02   -.54600E+00   -.11300E+00    .19999E-01     .5816  9.7546   .3684   9.624   1.014
  56 135 Ba   .0  6.973    .37100E+00    .36000E-01   -.10620E+01   -.11300E+00    .37102E+00     .1216  8.6723   .1090   9.262    .936
  56 136 Ba  1.5  9.108    .40000E-01    .60000E-02   -.20480E+01    .00000E+00    .40001E-01     .1632  8.4700   .1378   8.644    .980
  56 137 Ba   .0  6.906    .12100E+01    .11900E+00   -.29350E+01    .35000E-01    .12100E+01     .1011  7.2350   .0903   7.932    .912
  56 138 Ba  1.5  8.611    .35000E+00    .50000E-01   -.38760E+01    .00000E+00    .35001E+00     .1233  6.6567   .1049   7.365    .904
  56 139 Ba   .0  4.723    .18700E+02    .29000E+01   -.30170E+01   -.26000E-01    .18701E+02     .2081  6.1609   .1730   7.720    .798
  57 139 La  5.0  8.778    .32000E-01    .60000E-02   -.29010E+01    .00000E+00    .31998E-01     .1694  7.4614   .1375   8.275    .902
  57 140 La  3.5  5.161    .22000E+00    .20000E-01   -.21450E+01   -.35000E-01    .22001E+00     .1152  7.7698   .1038   8.678    .895
  58 137 Ce   .0  7.482    .60000E-01    .20000E-01    .40000E-01   -.12200E+00    .59996E-01     .5367 10.5173   .3712  10.282   1.023
  58 141 Ce   .0  5.428    .31000E+01    .50000E+00   -.17470E+01   -.35000E-01    .31003E+01     .2385  7.8548   .1989   9.019    .871
  58 142 Ce  3.5  7.170    .65000E-01    .20000E-01   -.10350E+01    .00000E+00    .65004E-01     .5302  9.6466   .3770   9.740    .990
  58 143 Ce   .0  5.145    .11000E+01    .30000E+00   -.35900E+00    .13400E+00    .11000E+01     .5288 10.3582   .3927  10.373    .999
  59 142 Pr  2.5  5.843    .11000E+00    .20000E-01   -.10420E+01   -.35000E-01    .11000E+00     .2387  8.2926   .1944   9.763    .849
  60 143 Nd   .0  6.123    .10300E+01    .13500E+00   -.94800E+00   -.35000E-01    .10301E+01     .1861  8.5402   .1608   9.882    .864
  60 144 Nd  3.5  7.817    .38000E-01    .20000E-02   -.24700E+00    .00000E+00    .38000E-01     .0724  9.5701   .0682  10.566    .906
  60 145 Nd   .0  5.755    .45000E+00    .50000E-01    .46400E+00    .13400E+00    .45001E+00     .1878 10.8003   .1666  11.264    .959
  60 146 Nd  3.5  7.565    .17000E-01    .20000E-02    .97800E+00    .16100E+00    .16999E-01     .1932 11.5102   .1705  11.773    .978
  60 147 Nd   .0  5.292    .34000E+00    .50000E-01    .17350E+01    .18100E+00    .34002E+00     .2939 12.8382   .2509  12.618   1.017
  60 148 Nd  2.5  7.333    .40000E-02    .15000E-02    .20590E+01    .20600E+00    .40002E-02     .8532 15.1491   .5661  12.913   1.173
  60 151 Nd   .0  5.335    .16500E+00    .15000E-01    .24630E+01    .25200E+00    .16500E+00     .1865 14.4570   .1692  13.651   1.059
  61 148 Pm  3.5  5.895    .52000E-02    .12000E-02    .21760E+01    .18900E+00    .51996E-02     .4259 13.1025   .3329  12.970   1.010
  62 145 Sm   .0  6.757    .77000E+00    .45000E-01   -.58700E+00   -.35000E-01    .77004E+00     .0718  8.1948   .0670  10.351    .792
  62 148 Sm  3.5  8.142    .57000E-02    .50000E-03    .14770E+01    .16100E+00    .56999E-02     .1388 12.1948   .1265  12.339    .988
  62 149 Sm   .0  5.871    .65000E-01    .20000E-01    .22860E+01    .18000E+00    .64999E-01     .6823 14.5088   .4892  13.252   1.095
  62 150 Sm  3.5  7.987    .24000E-02    .20000E-03    .25730E+01    .20600E+00    .24000E-02     .1449 14.2228   .1329  13.482   1.055
  62 151 Sm   .0  5.597    .46000E-01    .80000E-02    .32440E+01    .21500E+00    .45998E-01     .3894 16.4629   .3237  14.374   1.145
  62 152 Sm  2.5  8.258    .14000E-02    .15000E-03    .28430E+01    .24300E+00    .14000E-02     .1883 14.9166   .1682  13.866   1.076
  62 153 Sm   .0  5.868    .46000E-01    .30000E-02    .28470E+01    .26100E+00    .45999E-01     .1291 15.4708   .1204  14.132   1.095
  62 155 Sm   .0  5.807    .11400E+00    .15000E-01    .20140E+01    .27000E+00    .11399E+00     .2550 13.6681   .2220  13.510   1.012
  63 152 Eu  2.5  6.307    .73000E-03    .70000E-04    .35590E+01    .22400E+00    .72996E-03     .1753 16.2560   .1588  14.509   1.120
  63 153 Eu  3.0  8.550    .56000E-03    .20000E-03    .31660E+01    .25200E+00    .56003E-03     .6473 13.6606   .4386  14.085    .970
  63 154 Eu  2.5  6.442    .11000E-02    .20000E-03    .29050E+01    .26200E+00    .10999E-02     .3328 15.0656   .2746  14.083   1.070
  63 155 Eu  3.0  8.151    .92000E-03    .12000E-03    .25070E+01    .27000E+00    .91997E-03     .2070 13.5159   .1806  13.738    .984
  63 156 Eu  2.5  6.340    .43000E-02    .15000E-02    .19620E+01    .27000E+00    .43001E-02     .6665 12.8674   .4556  13.417    .959
  64 153 Gd   .0  6.243    .14000E-01    .30000E-02    .34000E+01    .21500E+00    .14000E-01     .4656 16.7968   .3709  14.607   1.150
  64 154 Gd  1.5  8.895    .30000E-02    .60000E-03    .29630E+01    .24300E+00    .30000E-02     .3307 12.9795   .2674  14.072    .922
  64 155 Gd   .0  6.435    .14500E-01    .15000E-02    .30090E+01    .25200E+00    .14501E-01     .2016 16.0465   .1805  14.389   1.115
  64 156 Gd  1.5  8.536    .17000E-02    .20000E-03    .25200E+01    .27100E+00    .17000E-02     .1993 14.4549   .1761  13.893   1.040
  64 157 Gd   .0  6.360    .30000E-01    .60000E-02    .22490E+01    .27100E+00    .30000E-01     .3967 14.6920   .3207  13.851   1.061
  64 158 Gd  1.5  7.937    .49000E-02    .50000E-03    .19600E+01    .27100E+00    .49001E-02     .1759 13.8976   .1580  13.609   1.021
  64 159 Gd   .0  5.943    .82000E-01    .60000E-02    .17280E+01    .28000E+00    .82002E-01     .1356 13.8382   .1256  13.556   1.021
  64 161 Gd   .0  5.634    .18000E+00    .20000E-01    .12500E+01    .29000E+00    .18001E+00     .2113 13.0967   .1877  13.272    .987
  65 160 Tb  1.5  6.475    .38200E-02    .24000E-02    .17470E+01    .27100E+00    .38199E-02    1.5620 13.3102   .7401  13.545    .983
  66 157 Dy   .0  6.969    .28000E-02    .60000E-03    .30700E+01    .25200E+00    .28002E-02     .4437 17.5789   .3535  14.553   1.208
  66 159 Dy   .0  6.833    .22000E-01    .11000E-01    .25040E+01    .27100E+00    .22001E-01    1.1803 14.1541   .6708  14.215    .996
  66 161 Dy   .0  6.454    .27000E-01    .50000E-02    .20030E+01    .27200E+00    .27000E-01     .3592 14.5846   .2951  13.946   1.046
  66 162 Dy  2.5  8.197    .24000E-02    .20000E-03    .16460E+01    .28100E+00    .24001E-02     .1389 13.8206   .1271  13.629   1.014
  66 163 Dy   .0  6.271    .62000E-01    .50000E-02    .12970E+01    .28100E+00    .62000E-01     .1429 13.3901   .1313  13.443    .996
  66 164 Dy  2.5  7.658    .68000E-02    .60000E-03    .11000E+01    .29200E+00    .67999E-02     .1500 13.1572   .1368  13.310    .989
  66 165 Dy   .0  5.716    .15000E+00    .10000E-01    .94300E+00    .29300E+00    .15000E+00     .1225 13.1367   .1140  13.282    .989
  67 166 Ho  3.5  6.243    .42000E-02    .50000E-03    .81900E+00    .29300E+00    .41998E-02     .1944 12.5606   .1714  13.184    .953
  68 163 Er   .0  6.903    .69000E-02    .12000E-02    .24410E+01    .27200E+00    .68997E-02     .3369 15.9799   .2804  14.491   1.103
  68 165 Er   .0  6.650    .21000E-01    .40000E-02    .18520E+01    .28200E+00    .21001E-01     .3636 14.5142   .2969  14.118   1.028
  68 167 Er   .0  6.436    .38000E-01    .30000E-02    .10920E+01    .29400E+00    .37999E-01     .1394 13.7955   .1285  13.555   1.018
  68 168 Er  3.5  7.771    .42000E-02    .30000E-03    .96800E+00    .29400E+00    .41999E-02     .1201 13.2935   .1115  13.495    .985
  68 169 Er   .0  6.003    .10000E+00    .10000E-01    .73500E+00    .30400E+00    .99997E-01     .1815 13.0927   .1633  13.377    .979
  68 171 Er   .0  5.682    .14700E+00    .20000E-01    .50300E+00    .30500E+00    .14699E+00     .2605 13.1619   .2256  13.307    .989
  69 170 Tm   .5  6.592    .85000E-02    .70000E-03    .66600E+00    .29500E+00    .85002E-02     .1278 12.7125   .1171  13.342    .953
  69 171 Tm  1.0  7.486    .39000E-02    .10000E-02    .73900E+00    .29600E+00    .38999E-02     .4548 13.3657   .3457  13.489    .991
  70 169 Yb   .0  6.867    .80000E-02    .30000E-02    .16670E+01    .29400E+00    .79995E-02     .8235 15.6075   .5475  14.252   1.095
  70 170 Yb  3.5  8.470    .16000E-02    .40000E-03    .13960E+01    .29500E+00    .16000E-02     .4470 13.4677   .3422  14.028    .960
  70 171 Yb   .0  6.614    .35000E-01    .60000E-02    .11080E+01    .29500E+00    .34997E-01     .3130 13.5511   .2609  13.881    .976
  70 172 Yb   .5  8.020    .69000E-02    .50000E-03    .91600E+00    .29600E+00    .69002E-02     .1208 13.9323   .1120  13.750   1.013
  70 173 Yb   .0  6.367    .76000E-01    .50000E-02    .52200E+00    .29700E+00    .76001E-01     .1115 12.6655   .1039  13.464    .941
  70 174 Yb  2.5  7.464    .75000E-02    .50000E-03    .52700E+00    .28700E+00    .74999E-02     .1139 13.2456   .1063  13.542    .978
  70 175 Yb   .0  5.822    .19200E+00    .18000E-01    .33400E+00    .28700E+00    .19200E+00     .1680 12.3170   .1520  13.437    .917
  70 177 Yb   .0  5.566    .24000E+00    .20000E-01    .31600E+00    .27900E+00    .24000E+00     .1539 12.5622   .1407  13.575    .925
  71 176 Lu  3.5  6.289    .34500E-02    .15000E-03    .47400E+00    .27800E+00    .34499E-02     .0684 12.7584   .0654  13.629    .936
  71 177 Lu  7.0  7.073    .16100E-02    .16000E-03    .78900E+00    .27800E+00    .16098E-02     .1737 13.8929   .1567  14.020    .991
  72 175 Hf   .0  6.709    .18000E-01    .50000E-02    .13110E+01    .28600E+00    .18001E-01     .5581 14.5308   .4142  14.398   1.009
  72 177 Hf   .0  6.383    .30000E-01    .70000E-02    .93400E+00    .27700E+00    .30000E-01     .4641 14.3455   .3619  14.193   1.011
  72 178 Hf  3.5  7.626    .24000E-02    .30000E-03    .95700E+00    .27800E+00    .24001E-02     .2288 14.5337   .2005  14.280   1.018
  72 179 Hf   .0  6.099    .57000E-01    .60000E-02    .68500E+00    .27800E+00    .57000E-01     .1956 13.8766   .1750  14.103    .984
  72 180 Hf  4.5  7.388    .46000E-02    .30000E-03    .60200E+00    .27900E+00    .46000E-02     .1149 13.6466   .1074  14.083    .969
  72 181 Hf   .0  5.695    .94000E-01    .15000E-01    .40500E+00    .27900E+00    .93994E-01     .3186 13.9679   .2691  13.973   1.000
  73 181 Ta  9.0  7.577    .12000E-02    .20000E-03    .52500E+00    .26900E+00    .11999E-02     .2925 14.9989   .2456  14.056   1.067
  73 182 Ta  3.5  6.063    .42000E-02    .30000E-03    .22500E+00    .25900E+00    .41999E-02     .1171 12.8855   .1087  13.844    .931
  73 183 Ta  3.0  6.934    .35000E-02    .70000E-03    .52000E+00    .26000E+00    .35001E-02     .3625 13.4682   .2929  14.220    .947
  74 181 W    .0  6.681    .20000E-01    .70000E-02    .65300E+00    .25800E+00    .20001E-01     .7324 14.2347   .5006  14.208   1.002
  74 183 W    .0  6.191    .60000E-01    .60000E-02    .24300E+00    .25000E+00    .60000E-01     .1804 13.4252   .1623  13.946    .963
  74 184 W    .5  7.412    .12000E-01    .10000E-02    .31300E+00    .24000E+00    .11999E-01     .1480 14.2079   .1359  14.091   1.008
  74 185 W    .0  5.734    .75000E-01    .70000E-02    .25400E+00    .24100E+00    .75003E-01     .1800 14.2301   .1630  14.115   1.008
  74 187 W    .0  5.467    .99000E-01    .80000E-02    .12100E+00    .22100E+00    .98998E-01     .1598 14.4331   .1468  14.124   1.022
  75 186 Re  2.5  6.179    .31000E-02    .30000E-03    .41000E-01    .22100E+00    .31000E-02     .1619 13.4523   .1463  13.958    .964
  75 188 Re  2.5  5.872    .39000E-02    .30000E-03   -.15500E+00    .21200E+00    .38998E-02     .1316 13.7117   .1216  13.904    .986
  76 187 Os   .0  6.290    .29000E-01    .20000E-02    .17800E+00    .21200E+00    .28999E-01     .1249 14.4225   .1163  14.180   1.017
  76 188 Os   .5  7.990    .51000E-02    .20000E-03   -.15800E+00    .19200E+00    .51001E-02     .0644 14.1247   .0617  13.904   1.016
  76 189 Os   .0  5.920    .47000E-01    .40000E-02   -.19400E+00    .18300E+00    .47000E-01     .1606 14.4052   .1468  13.930   1.034
  76 190 Os  1.5  7.792    .34000E-02    .40000E-03   -.66200E+00    .16400E+00    .34001E-02     .2034 13.9719   .1796  13.528   1.033
  76 191 Os   .0  5.759    .70000E-01    .40000E-01   -.84800E+00    .16400E+00    .70002E-01    1.5488 13.8862   .7979  13.360   1.039
  76 193 Os   .0  5.583    .11500E+00    .60000E-01   -.17200E+01    .15500E+00    .11499E+00    1.3236 13.1569   .7298  12.534   1.050
  77 192 Ir  1.5  6.198    .25000E-02    .30000E-03   -.97500E+00    .14500E+00    .25001E-02     .2054 14.0616   .1807  13.352   1.053
  77 193 Ir  4.0  7.772    .50000E-03    .20000E-03   -.14790E+01    .13600E+00    .50001E-03     .7800 13.8989   .5027  12.948   1.073
  77 194 Ir  1.5  6.067    .58000E-02    .50000E-03   -.20310E+01    .13600E+00    .57996E-02     .1381 12.7232   .1262  12.389   1.027
  78 193 Pt   .0  6.256    .31400E-01    .13000E-02   -.11920E+01   -.15600E+00    .31400E-01     .0716 13.7674   .0685  13.154   1.047
  78 195 Pt   .0  6.105    .82000E-01    .10000E-01   -.24140E+01   -.14800E+00    .81995E-01     .2092 12.1524   .1839  11.966   1.016
  78 196 Pt   .5  7.922    .18000E-01    .30000E-02   -.31560E+01   -.13900E+00    .17999E-01     .2591 11.4017   .2167  11.378   1.002
  78 197 Pt   .0  5.846    .35000E+00    .10000E+00   -.35460E+01   -.14800E+00    .35003E+00     .5072 10.1009   .3706  10.839    .932
  78 199 Pt   .0  5.556    .34000E+00    .90000E-01   -.46380E+01   -.11300E+00    .34003E+00     .4763 10.4023   .3567   9.719   1.070
  79 198 Au  1.5  6.512    .15500E-01    .80000E-03   -.43920E+01   -.13100E+00    .15500E-01     .0663  9.9990   .0627  10.298    .971
  80 199 Hg   .0  6.664    .10500E+00    .35000E-01   -.49720E+01   -.12200E+00    .10500E+00     .5526 10.1393   .3815   9.619   1.054
  80 200 Hg   .5  8.028    .80000E-01    .30000E-01   -.56530E+01   -.11300E+00    .80000E-01     .5458  8.8483   .3536   9.106    .972
  80 201 Hg   .0  6.230    .60000E+00    .15000E+00   -.62420E+01   -.10500E+00    .60002E+00     .3494  8.2422   .2625   8.303    .993
  80 202 Hg  1.5  7.754    .90000E-01    .30000E-01   -.69530E+01   -.87000E-01    .90000E-01     .4348  8.0529   .2944   7.833   1.028
  81 204 Tl   .5  6.656    .47000E+00    .50000E-01   -.83840E+01   -.44000E-01    .47003E+00     .0856  6.7042   .0759   6.716    .998
  81 206 Tl   .5  6.503    .40000E+01    .40000E+00   -.10155E+02   -.18000E-01    .40001E+01     .0643  5.2262   .0579   5.045   1.036
  82 205 Pb   .0  6.732    .21000E+01    .20000E+00   -.84600E+01   -.18000E-01    .21000E+01     .0796  6.3977   .0713   6.402    .999
  82 207 Pb   .0  6.738    .30000E+02    .60000E+01   -.10547E+02   -.80000E-02    .30000E+02     .1300  4.5468   .1052   4.436   1.025
  82 208 Pb   .5  7.368    .30000E+02    .80000E+01   -.10998E+02    .00000E+00    .29999E+02     .1764  4.1876   .1332   3.896   1.075
  82 209 Pb   .0  3.937    .90000E+02    .15000E+02   -.96870E+01   -.80000E-02    .90007E+02     .1537  4.4393   .1236   4.028   1.102
  83 210 Bi  4.5  4.604    .44500E+01    .40000E+00   -.86070E+01   -.18000E-01    .44501E+01     .0631  4.6650   .0568   5.928    .787
  90 229 Th   .0  5.253    .50000E-02    .30000E-02    .23790E+01    .19000E+00    .50003E-02    2.3484 23.4164  1.1657  20.247   1.157
  90 230 Th  2.5  6.794    .62000E-03    .12000E-03    .23200E+01    .19800E+00    .62002E-03     .4752 20.7485   .3873  20.158   1.029
  91 232 Pa  1.5  5.549    .51000E-03    .30000E-04    .20910E+01    .20700E+00    .50996E-03     .1279 20.5378   .1205  19.993   1.027
  91 233 Pa  2.0  6.529    .42000E-03    .80000E-04    .22660E+01    .20700E+00    .42003E-03     .4352 19.8851   .3557  20.277    .981
  91 234 Pa  1.5  5.220    .78000E-03    .10000E-03    .21630E+01    .21500E+00    .78002E-03     .3032 20.9996   .2651  20.291   1.035
  92 233 U    .0  5.762    .46000E-02    .50000E-03    .16990E+01    .20700E+00    .45998E-02     .2575 20.8387   .2301  19.629   1.062
  92 234 U   2.5  6.845    .52000E-03    .20000E-04    .17440E+01    .21500E+00    .51998E-03     .0851 20.6471   .0819  19.741   1.046
  92 235 U    .0  5.298    .11200E-01    .80000E-03    .17680E+01    .21500E+00    .11201E-01     .1754 20.9323   .1623  19.929   1.050
  92 236 U   3.5  6.546    .45000E-03    .30000E-04    .18550E+01    .21500E+00    .44998E-03     .1588 21.7849   .1483  20.080   1.085
  92 237 U    .0  5.126    .14000E-01    .10000E-02    .18060E+01    .21500E+00    .14000E-01     .1804 21.2722   .1671  20.162   1.055
  92 238 U    .5  6.153    .35000E-02    .80000E-03    .20350E+01    .21500E+00    .34998E-02     .6255 21.8804   .4910  20.528   1.066
  93 237 Np  6.0  6.580    .60000E-03    .60000E-04    .16340E+01    .21500E+00    .60005E-03     .2052 17.3567   .1842  19.799    .877
  93 238 Np  2.5  5.488    .57000E-03    .30000E-04    .14280E+01    .21500E+00    .56998E-03     .1121 19.5401   .1062  19.640    .995
  93 239 Np  2.0  6.217    .41000E-03    .10000E-03    .17970E+01    .22300E+00    .41004E-03     .6052 20.9470   .4668  20.206   1.037
  94 239 Pu   .0  5.646    .83000E-02    .50000E-03    .11030E+01    .22300E+00    .83005E-02     .1370 19.7678   .1281  19.337   1.022
  94 240 Pu   .5  6.534    .22000E-02    .90000E-04    .13540E+01    .22300E+00    .22002E-02     .0933 20.8501   .0892  19.743   1.056
  94 241 Pu   .0  5.242    .13000E-01    .50000E-03    .13530E+01    .22400E+00    .13000E-01     .0925 20.6674   .0886  19.861   1.041
  94 242 Pu  2.5  6.310    .93000E-03    .80000E-04    .15790E+01    .22400E+00    .92997E-03     .2105 21.5705   .1923  20.224   1.067
  94 243 Pu   .0  5.034    .13500E-01    .15000E-02    .15460E+01    .22400E+00    .13501E-01     .2923 21.7333   .2597  20.305   1.070
  95 242 Am  2.5  5.538    .58000E-03    .40000E-04    .95100E+00    .22400E+00    .57998E-03     .1457 19.1630   .1357  19.337    .991
  95 243 Am  5.0  6.364    .27000E-03    .30000E-04    .13230E+01    .22400E+00    .26998E-03     .2452 19.7644   .2187  19.899    .993
  95 244 Am  2.5  5.367    .73000E-03    .60000E-04    .11600E+01    .22400E+00    .72997E-03     .1793 19.4269   .1648  19.780    .982
  96 243 Cm   .0  5.693    .14000E-01    .30000E-02    .73000E+00    .23400E+00    .14001E-01     .5119 18.3131   .4075  19.153    .956
  96 244 Cm  2.5  6.801    .69000E-03    .50000E-04    .86400E+00    .23400E+00    .68997E-03     .1594 19.8000   .1481  19.394   1.021
  96 245 Cm   .0  5.520    .11800E-01    .12000E-02    .74300E+00    .23400E+00    .11801E-01     .2367 19.3822   .2126  19.333   1.003
  96 246 Cm  3.5  6.458    .79000E-03    .50000E-04    .97200E+00    .23400E+00    .79007E-03     .1463 20.4271   .1367  19.713   1.036
  96 247 Cm   .0  5.156    .30000E-01    .50000E-02    .97900E+00    .23500E+00    .30000E-01     .4182 18.9702   .3503  19.831    .957
  96 248 Cm  4.5  6.213    .12000E-02    .30000E-03    .12120E+01    .23500E+00    .12000E-02     .6677 20.3228   .5117  20.214   1.005
  97 250 Bk  3.5  4.970    .11000E-02    .10000E-03    .10430E+01    .23500E+00    .11001E-02     .2095 19.6065   .1899  20.123    .974
  98 250 Cf  4.5  6.625    .76000E-03    .10000E-03    .38600E+00    .24500E+00    .75998E-03     .3014 19.1975   .2624  19.225    .999
