                    **********************************************************************************************************************************
                    *  Z= 95 A=247: Positive-Parity Spin-dependent Level Density [MeV-1] for AM247 B=  0.04 hw=  0.15 b2= 2.022 b3=-0.882 b4= 3.188  *
                    **********************************************************************************************************************************
 U[MeV]  T[MeV]  NCUMUL   RHOOBS   RHOTOT    J=01/2   J=03/2   J=05/2   J=07/2   J=09/2   J=11/2   J=13/2   J=15/2   J=17/2   J=19/2   J=21/2   J=23/2   J=25/2   J=27/2   J=29/2   J=31/2   J=33/2   J=35/2   J=37/2   J=39/2   J=41/2   J=43/2   J=45/2   J=47/2   J=49/2   J=51/2   J=53/2   J=55/2   J=57/2   J=59/2   J=61/2   J=63/2   J=65/2   J=67/2   J=69/2   J=71/2   J=73/2   J=75/2   J=77/2   J=79/2   J=81/2   J=83/2   J=85/2   J=87/2   J=89/2   J=91/2   J=93/2   J=95/2   J=97/2   J=99/2
   0.25  0.106  5.00E+00 4.40E+01 7.76E+02 2.67E+00 2.67E+00 2.67E+00 2.67E+00 2.67E+00 2.67E+00 2.67E+00 2.67E+00 2.67E+00 2.67E+00 2.67E+00 2.67E+00 2.67E+00 2.67E+00 2.67E+00 1.33E+00 1.33E+00 1.33E+00 0.00E+00 0.00E+00 0.00E+00 0.00E+00 0.00E+00 0.00E+00 0.00E+00 0.00E+00 0.00E+00 0.00E+00 0.00E+00 0.00E+00 0.00E+00 0.00E+00 0.00E+00 0.00E+00 0.00E+00 0.00E+00 0.00E+00 0.00E+00 0.00E+00 0.00E+00 0.00E+00 0.00E+00 0.00E+00 0.00E+00 0.00E+00 0.00E+00 0.00E+00 0.00E+00 0.00E+00 0.00E+00
   0.50  0.149  1.90E+01 6.60E+01 1.13E+03 3.00E+00 4.00E+00 5.00E+00 5.00E+00 5.00E+00 5.00E+00 5.00E+00 5.00E+00 5.00E+00 5.00E+00 2.00E+00 2.00E+00 2.00E+00 2.00E+00 2.00E+00 2.00E+00 2.00E+00 2.00E+00 1.00E+00 1.00E+00 1.00E+00 0.00E+00 0.00E+00 0.00E+00 0.00E+00 0.00E+00 0.00E+00 0.00E+00 0.00E+00 0.00E+00 0.00E+00 0.00E+00 0.00E+00 0.00E+00 0.00E+00 0.00E+00 0.00E+00 0.00E+00 0.00E+00 0.00E+00 0.00E+00 0.00E+00 0.00E+00 0.00E+00 0.00E+00 0.00E+00 0.00E+00 0.00E+00 0.00E+00 0.00E+00
   0.75  0.183  4.80E+01 1.65E+02 2.70E+03 5.00E+00 9.00E+00 1.30E+01 1.40E+01 1.40E+01 1.40E+01 1.40E+01 1.40E+01 1.40E+01 1.40E+01 6.00E+00 5.00E+00 5.00E+00 5.00E+00 5.00E+00 2.00E+00 2.00E+00 2.00E+00 2.00E+00 2.00E+00 2.00E+00 1.00E+00 1.00E+00 0.00E+00 0.00E+00 0.00E+00 0.00E+00 0.00E+00 0.00E+00 0.00E+00 0.00E+00 0.00E+00 0.00E+00 0.00E+00 0.00E+00 0.00E+00 0.00E+00 0.00E+00 0.00E+00 0.00E+00 0.00E+00 0.00E+00 0.00E+00 0.00E+00 0.00E+00 0.00E+00 0.00E+00 0.00E+00 0.00E+00 0.00E+00
   1.00  0.211  1.14E+02 3.67E+02 6.23E+03 7.00E+00 1.80E+01 2.70E+01 2.90E+01 3.00E+01 3.10E+01 3.10E+01 3.10E+01 3.10E+01 3.10E+01 1.70E+01 1.40E+01 1.40E+01 1.40E+01 1.40E+01 5.00E+00 5.00E+00 5.00E+00 2.00E+00 2.00E+00 2.00E+00 2.00E+00 2.00E+00 1.00E+00 1.00E+00 1.00E+00 0.00E+00 0.00E+00 0.00E+00 0.00E+00 0.00E+00 0.00E+00 0.00E+00 0.00E+00 0.00E+00 0.00E+00 0.00E+00 0.00E+00 0.00E+00 0.00E+00 0.00E+00 0.00E+00 0.00E+00 0.00E+00 0.00E+00 0.00E+00 0.00E+00 0.00E+00 0.00E+00 0.00E+00
   1.25  0.236  2.61E+02 8.10E+02 1.41E+04 1.60E+01 3.60E+01 5.10E+01 5.80E+01 6.50E+01 6.70E+01 6.80E+01 6.90E+01 6.90E+01 6.90E+01 4.50E+01 3.30E+01 3.20E+01 3.10E+01 3.10E+01 1.50E+01 1.40E+01 1.40E+01 5.00E+00 5.00E+00 5.00E+00 2.00E+00 2.00E+00 2.00E+00 2.00E+00 2.00E+00 1.00E+00 1.00E+00 0.00E+00 0.00E+00 0.00E+00 0.00E+00 0.00E+00 0.00E+00 0.00E+00 0.00E+00 0.00E+00 0.00E+00 0.00E+00 0.00E+00 0.00E+00 0.00E+00 0.00E+00 0.00E+00 0.00E+00 0.00E+00 0.00E+00 0.00E+00 0.00E+00 0.00E+00
   1.50  0.258  5.66E+02 1.62E+03 2.94E+04 3.20E+01 6.40E+01 8.90E+01 1.09E+02 1.25E+02 1.30E+02 1.33E+02 1.35E+02 1.35E+02 1.35E+02 9.70E+01 7.20E+01 7.00E+01 6.90E+01 6.90E+01 3.40E+01 3.10E+01 3.10E+01 1.50E+01 1.40E+01 1.40E+01 5.00E+00 5.00E+00 2.00E+00 2.00E+00 2.00E+00 2.00E+00 2.00E+00 1.00E+00 1.00E+00 0.00E+00 0.00E+00 0.00E+00 0.00E+00 0.00E+00 0.00E+00 0.00E+00 0.00E+00 0.00E+00 0.00E+00 0.00E+00 0.00E+00 0.00E+00 0.00E+00 0.00E+00 0.00E+00 0.00E+00 0.00E+00 0.00E+00 0.00E+00
   1.75  0.279  1.17E+03 3.19E+03 5.90E+04 6.30E+01 1.19E+02 1.66E+02 2.08E+02 2.40E+02 2.52E+02 2.58E+02 2.62E+02 2.63E+02 2.63E+02 1.86E+02 1.41E+02 1.38E+02 1.35E+02 1.35E+02 7.50E+01 6.90E+01 6.90E+01 3.40E+01 3.10E+01 3.10E+01 1.40E+01 1.40E+01 6.00E+00 5.00E+00 5.00E+00 2.00E+00 2.00E+00 2.00E+00 2.00E+00 1.00E+00 0.00E+00 0.00E+00 0.00E+00 0.00E+00 0.00E+00 0.00E+00 0.00E+00 0.00E+00 0.00E+00 0.00E+00 0.00E+00 0.00E+00 0.00E+00 0.00E+00 0.00E+00 0.00E+00 0.00E+00 0.00E+00 0.00E+00
   2.00  0.298  2.37E+03 6.41E+03 1.20E+05 1.22E+02 2.29E+02 3.20E+02 4.02E+02 4.67E+02 4.99E+02 5.20E+02 5.31E+02 5.36E+02 5.39E+02 3.86E+02 2.93E+02 2.78E+02 2.67E+02 2.63E+02 1.48E+02 1.36E+02 1.35E+02 7.50E+01 6.90E+01 6.90E+01 3.30E+01 3.10E+01 1.70E+01 1.40E+01 1.40E+01 5.00E+00 5.00E+00 2.00E+00 2.00E+00 2.00E+00 1.00E+00 1.00E+00 0.00E+00 0.00E+00 0.00E+00 0.00E+00 0.00E+00 0.00E+00 0.00E+00 0.00E+00 0.00E+00 0.00E+00 0.00E+00 0.00E+00 0.00E+00 0.00E+00 0.00E+00 0.00E+00 0.00E+00
   2.25  0.317  4.83E+03 1.33E+04 2.51E+05 2.37E+02 4.47E+02 6.36E+02 8.08E+02 9.35E+02 1.02E+03 1.08E+03 1.12E+03 1.13E+03 1.15E+03 8.34E+02 6.30E+02 5.89E+02 5.55E+02 5.42E+02 3.14E+02 2.71E+02 2.64E+02 1.48E+02 1.36E+02 1.35E+02 7.20E+01 6.90E+01 4.50E+01 3.10E+01 3.10E+01 1.40E+01 1.40E+01 5.00E+00 5.00E+00 2.00E+00 2.00E+00 2.00E+00 1.00E+00 1.00E+00 0.00E+00 0.00E+00 0.00E+00 0.00E+00 0.00E+00 0.00E+00 0.00E+00 0.00E+00 0.00E+00 0.00E+00 0.00E+00 0.00E+00 0.00E+00 0.00E+00 0.00E+00
   2.50  0.334  9.70E+03 2.57E+04 4.98E+05 4.29E+02 8.25E+02 1.20E+03 1.50E+03 1.73E+03 1.91E+03 2.04E+03 2.10E+03 2.14E+03 2.16E+03 1.61E+03 1.28E+03 1.22E+03 1.17E+03 1.15E+03 6.85E+02 5.68E+02 5.45E+02 3.14E+02 2.71E+02 2.64E+02 1.41E+02 1.35E+02 9.70E+01 6.90E+01 6.90E+01 3.20E+01 3.10E+01 1.40E+01 1.40E+01 5.00E+00 2.00E+00 2.00E+00 2.00E+00 2.00E+00 1.00E+00 0.00E+00 0.00E+00 0.00E+00 0.00E+00 0.00E+00 0.00E+00 0.00E+00 0.00E+00 0.00E+00 0.00E+00 0.00E+00 0.00E+00 0.00E+00 0.00E+00
   2.75  0.350  1.90E+04 4.86E+04 9.59E+05 7.65E+02 1.50E+03 2.17E+03 2.72E+03 3.15E+03 3.50E+03 3.75E+03 3.89E+03 3.98E+03 4.03E+03 3.08E+03 2.48E+03 2.36E+03 2.23E+03 2.19E+03 1.38E+03 1.19E+03 1.16E+03 6.85E+02 5.68E+02 5.45E+02 2.94E+02 2.67E+02 1.86E+02 1.36E+02 1.35E+02 7.00E+01 6.90E+01 3.20E+01 3.10E+01 1.40E+01 6.00E+00 5.00E+00 2.00E+00 2.00E+00 2.00E+00 1.00E+00 1.00E+00 0.00E+00 0.00E+00 0.00E+00 0.00E+00 0.00E+00 0.00E+00 0.00E+00 0.00E+00 0.00E+00 0.00E+00 0.00E+00 0.00E+00
   3.00  0.366  3.65E+04 9.15E+04 1.84E+06 1.37E+03 2.68E+03 3.90E+03 4.93E+03 5.76E+03 6.44E+03 6.95E+03 7.27E+03 7.49E+03 7.61E+03 5.95E+03 4.78E+03 4.55E+03 4.24E+03 4.12E+03 2.67E+03 2.29E+03 2.21E+03 1.38E+03 1.19E+03 1.16E+03 6.32E+02 5.55E+02 3.88E+02 2.71E+02 2.63E+02 1.38E+02 1.35E+02 7.00E+01 6.90E+01 3.10E+01 1.70E+01 1.40E+01 5.00E+00 5.00E+00 2.00E+00 2.00E+00 2.00E+00 1.00E+00 0.00E+00 0.00E+00 0.00E+00 0.00E+00 0.00E+00 0.00E+00 0.00E+00 0.00E+00 0.00E+00 0.00E+00 0.00E+00
   3.25  0.380  6.92E+04 1.70E+05 3.46E+06 2.46E+03 4.81E+03 6.98E+03 8.86E+03 1.04E+04 1.17E+04 1.26E+04 1.33E+04 1.37E+04 1.40E+04 1.11E+04 9.01E+03 8.62E+03 8.06E+03 7.84E+03 5.18E+03 4.39E+03 4.17E+03 2.68E+03 2.29E+03 2.21E+03 1.29E+03 1.17E+03 8.39E+02 5.68E+02 5.42E+02 2.78E+02 2.64E+02 1.38E+02 1.35E+02 6.90E+01 4.50E+01 3.10E+01 1.50E+01 1.40E+01 5.00E+00 2.00E+00 2.00E+00 2.00E+00 1.00E+00 1.00E+00 0.00E+00 0.00E+00 0.00E+00 0.00E+00 0.00E+00 0.00E+00 0.00E+00 0.00E+00 0.00E+00
   3.50  0.395  1.29E+05 3.09E+05 6.39E+06 4.34E+03 8.50E+03 1.23E+04 1.57E+04 1.85E+04 2.08E+04 2.25E+04 2.38E+04 2.46E+04 2.52E+04 2.02E+04 1.66E+04 1.59E+04 1.49E+04 1.45E+04 9.76E+03 8.36E+03 7.94E+03 5.19E+03 4.39E+03 4.17E+03 2.50E+03 2.24E+03 1.64E+03 1.19E+03 1.16E+03 5.89E+02 5.45E+02 2.78E+02 2.64E+02 1.36E+02 9.70E+01 6.90E+01 3.40E+01 3.10E+01 1.40E+01 5.00E+00 5.00E+00 2.00E+00 2.00E+00 2.00E+00 1.00E+00 0.00E+00 0.00E+00 0.00E+00 0.00E+00 0.00E+00 0.00E+00 0.00E+00 0.00E+00
   3.75  0.409  2.37E+05 5.55E+05 1.17E+07 7.51E+03 1.47E+04 2.14E+04 2.73E+04 3.24E+04 3.65E+04 3.96E+04 4.21E+04 4.38E+04 4.49E+04 3.66E+04 3.04E+04 2.91E+04 2.73E+04 2.64E+04 1.81E+04 1.55E+04 1.47E+04 9.78E+03 8.36E+03 7.94E+03 4.85E+03 4.25E+03 3.16E+03 2.29E+03 2.19E+03 1.22E+03 1.16E+03 5.89E+02 5.45E+02 2.71E+02 1.86E+02 1.36E+02 7.50E+01 6.90E+01 3.20E+01 1.60E+01 1.40E+01 5.00E+00 2.00E+00 2.00E+00 2.00E+00 1.00E+00 0.00E+00 0.00E+00 0.00E+00 0.00E+00 0.00E+00 0.00E+00 0.00E+00
   4.00  0.422  4.30E+05 9.87E+05 2.10E+07 1.29E+04 2.53E+04 3.68E+04 4.72E+04 5.61E+04 6.34E+04 6.92E+04 7.37E+04 7.69E+04 7.91E+04 6.51E+04 5.45E+04 5.24E+04 4.92E+04 4.75E+04 3.33E+04 2.85E+04 2.69E+04 1.81E+04 1.56E+04 1.47E+04 9.20E+03 8.10E+03 6.12E+03 4.39E+03 4.13E+03 2.37E+03 2.21E+03 1.22E+03 1.16E+03 5.68E+02 3.88E+02 2.71E+02 1.48E+02 1.35E+02 7.00E+01 4.00E+01 3.10E+01 1.40E+01 5.00E+00 5.00E+00 2.00E+00 2.00E+00 1.00E+00 1.00E+00 0.00E+00 0.00E+00 0.00E+00 0.00E+00 0.00E+00
   4.25  0.435  7.69E+05 1.73E+06 3.73E+07 2.20E+04 4.32E+04 6.29E+04 8.06E+04 9.60E+04 1.09E+05 1.19E+05 1.27E+05 1.33E+05 1.37E+05 1.14E+05 9.61E+04 9.27E+04 8.73E+04 8.43E+04 5.99E+04 5.16E+04 4.85E+04 3.34E+04 2.86E+04 2.69E+04 1.71E+04 1.50E+04 1.15E+04 8.36E+03 7.86E+03 4.58E+03 4.17E+03 2.37E+03 2.21E+03 1.19E+03 8.39E+02 5.68E+02 3.14E+02 2.64E+02 1.38E+02 8.40E+01 6.90E+01 3.20E+01 1.60E+01 1.40E+01 5.00E+00 2.00E+00 2.00E+00 2.00E+00 1.00E+00 0.00E+00 0.00E+00 0.00E+00 0.00E+00
   4.50  0.448  1.36E+06 2.97E+06 6.50E+07 3.65E+04 7.18E+04 1.05E+05 1.35E+05 1.61E+05 1.82E+05 2.00E+05 2.14E+05 2.24E+05 2.32E+05 1.95E+05 1.67E+05 1.61E+05 1.52E+05 1.47E+05 1.06E+05 9.17E+04 8.63E+04 6.02E+04 5.17E+04 4.86E+04 3.16E+04 2.76E+04 2.12E+04 1.56E+04 1.45E+04 8.70E+03 7.94E+03 4.58E+03 4.17E+03 2.29E+03 1.64E+03 1.19E+03 6.85E+02 5.45E+02 2.78E+02 1.64E+02 1.35E+02 7.00E+01 4.00E+01 3.10E+01 1.40E+01 5.00E+00 2.00E+00 2.00E+00 2.00E+00 1.00E+00 0.00E+00 0.00E+00 0.00E+00
   4.75  0.460  2.36E+06 5.04E+06 1.12E+08 6.00E+04 1.18E+05 1.73E+05 2.22E+05 2.66E+05 3.03E+05 3.33E+05 3.57E+05 3.75E+05 3.89E+05 3.30E+05 2.84E+05 2.76E+05 2.60E+05 2.51E+05 1.85E+05 1.61E+05 1.51E+05 1.07E+05 9.20E+04 8.64E+04 5.70E+04 4.99E+04 3.88E+04 2.86E+04 2.65E+04 1.62E+04 1.47E+04 8.70E+03 7.94E+03 4.39E+03 3.16E+03 2.29E+03 1.38E+03 1.16E+03 5.89E+02 3.48E+02 2.67E+02 1.38E+02 8.40E+01 6.90E+01 3.10E+01 1.40E+01 5.00E+00 5.00E+00 2.00E+00 2.00E+00 1.00E+00 0.00E+00 0.00E+00
   5.00  0.472  4.04E+06 8.41E+06 1.89E+08 9.74E+04 1.92E+05 2.81E+05 3.62E+05 4.33E+05 4.94E+05 5.45E+05 5.85E+05 6.16E+05 6.39E+05 5.47E+05 4.75E+05 4.63E+05 4.38E+05 4.24E+05 3.16E+05 2.75E+05 2.58E+05 1.86E+05 1.61E+05 1.51E+05 1.01E+05 8.88E+04 6.95E+04 5.17E+04 4.78E+04 2.98E+04 2.69E+04 1.62E+04 1.47E+04 8.36E+03 6.12E+03 4.38E+03 2.68E+03 2.21E+03 1.22E+03 7.49E+02 5.55E+02 2.78E+02 1.64E+02 1.35E+02 6.90E+01 3.30E+01 1.60E+01 1.40E+01 5.00E+00 2.00E+00 2.00E+00 1.00E+00 0.00E+00
   5.50  0.495  1.17E+07 2.23E+07 5.16E+08 2.43E+05 4.79E+05 7.02E+05 9.07E+05 1.09E+06 1.25E+06 1.38E+06 1.49E+06 1.57E+06 1.64E+06 1.43E+06 1.26E+06 1.23E+06 1.17E+06 1.14E+06 8.72E+05 7.70E+05 7.24E+05 5.35E+05 4.68E+05 4.38E+05 3.04E+05 2.67E+05 2.13E+05 1.61E+05 1.49E+05 9.55E+04 8.64E+04 5.37E+04 4.86E+04 2.86E+04 2.12E+04 1.55E+04 9.78E+03 7.96E+03 4.58E+03 2.91E+03 2.24E+03 1.22E+03 7.48E+02 5.45E+02 2.71E+02 1.41E+02 8.40E+01 6.90E+01 3.10E+01 1.40E+01 5.00E+00 2.00E+00 2.00E+00
   6.00  0.517  3.11E+07 5.53E+07 1.32E+09 5.72E+05 1.13E+06 1.66E+06 2.14E+06 2.58E+06 2.96E+06 3.28E+06 3.55E+06 3.76E+06 3.93E+06 3.48E+06 3.12E+06 3.07E+06 2.94E+06 2.86E+06 2.24E+06 2.00E+06 1.89E+06 1.43E+06 1.26E+06 1.18E+06 8.48E+05 7.50E+05 6.07E+05 4.68E+05 4.31E+05 2.87E+05 2.59E+05 1.67E+05 1.51E+05 9.20E+04 6.95E+04 5.14E+04 3.34E+04 2.70E+04 1.62E+04 1.06E+04 8.09E+03 4.58E+03 2.91E+03 2.21E+03 1.19E+03 6.32E+02 3.48E+02 2.64E+02 1.35E+02 6.90E+01 3.20E+01 1.50E+01 5.00E+00
   6.50  0.538  7.74E+07 1.30E+08 3.19E+09 1.28E+06 2.52E+06 3.70E+06 4.80E+06 5.79E+06 6.66E+06 7.40E+06 8.02E+06 8.53E+06 8.92E+06 8.01E+06 7.26E+06 7.17E+06 6.90E+06 6.73E+06 5.39E+06 4.85E+06 4.58E+06 3.56E+06 3.17E+06 2.98E+06 2.20E+06 1.95E+06 1.61E+06 1.26E+06 1.17E+06 8.03E+05 7.28E+05 4.85E+05 4.38E+05 2.77E+05 2.13E+05 1.60E+05 1.07E+05 8.67E+04 5.37E+04 3.62E+04 2.75E+04 1.62E+04 1.06E+04 7.94E+03 4.39E+03 2.50E+03 1.50E+03 1.16E+03 5.55E+02 2.71E+02 1.38E+02 7.50E+01 4.00E+01
   7.00  0.558  1.82E+08 2.88E+08 7.28E+09 2.69E+06 5.32E+06 7.83E+06 1.02E+07 1.23E+07 1.41E+07 1.58E+07 1.71E+07 1.82E+07 1.91E+07 1.74E+07 1.59E+07 1.58E+07 1.53E+07 1.49E+07 1.22E+07 1.11E+07 1.05E+07 8.33E+06 7.47E+06 7.04E+06 5.31E+06 4.76E+06 3.97E+06 3.18E+06 2.94E+06 2.09E+06 1.90E+06 1.31E+06 1.18E+06 7.77E+05 6.07E+05 4.64E+05 3.19E+05 2.61E+05 1.67E+05 1.15E+05 8.87E+04 5.37E+04 3.61E+04 2.69E+04 1.56E+04 9.20E+03 5.64E+03 4.17E+03 2.24E+03 1.19E+03 5.89E+02 3.14E+02 1.64E+02
   7.50  0.578  4.05E+08 6.05E+08 1.57E+10 5.39E+06 1.06E+07 1.57E+07 2.04E+07 2.46E+07 2.84E+07 3.17E+07 3.45E+07 3.68E+07 3.86E+07 3.55E+07 3.29E+07 3.28E+07 3.19E+07 3.13E+07 2.60E+07 2.38E+07 2.27E+07 1.83E+07 1.66E+07 1.57E+07 1.21E+07 1.09E+07 9.24E+06 7.50E+06 6.95E+06 5.07E+06 4.62E+06 3.28E+06 2.99E+06 2.02E+06 1.61E+06 1.25E+06 8.86E+05 7.32E+05 4.85E+05 3.43E+05 2.66E+05 1.67E+05 1.15E+05 8.64E+04 5.17E+04 3.16E+04 1.96E+04 1.47E+04 8.09E+03 4.39E+03 2.37E+03 1.38E+03 7.49E+02
   8.00  0.597  8.58E+08 1.21E+09 3.23E+10 1.03E+07 2.03E+07 2.99E+07 3.89E+07 4.71E+07 5.44E+07 6.08E+07 6.62E+07 7.07E+07 7.44E+07 6.91E+07 6.47E+07 6.46E+07 6.30E+07 6.20E+07 5.23E+07 4.83E+07 4.62E+07 3.79E+07 3.46E+07 3.29E+07 2.59E+07 2.36E+07 2.02E+07 1.67E+07 1.55E+07 1.16E+07 1.06E+07 7.72E+06 7.06E+06 4.92E+06 3.98E+06 3.15E+06 2.29E+06 1.91E+06 1.31E+06 9.48E+05 7.48E+05 4.85E+05 3.42E+05 2.59E+05 1.61E+05 1.01E+05 6.49E+04 4.86E+04 2.75E+04 1.56E+04 8.71E+03 5.19E+03 2.91E+03
   8.50  0.615  1.74E+09 2.30E+09 6.32E+10 1.87E+07 3.71E+07 5.46E+07 7.11E+07 8.61E+07 9.96E+07 1.11E+08 1.21E+08 1.30E+08 1.37E+08 1.28E+08 1.21E+08 1.21E+08 1.19E+08 1.17E+08 1.00E+08 9.30E+07 8.93E+07 7.45E+07 6.85E+07 6.53E+07 5.24E+07 4.79E+07 4.15E+07 3.48E+07 3.26E+07 2.49E+07 2.30E+07 1.71E+07 1.57E+07 1.13E+07 9.24E+06 7.44E+06 5.52E+06 4.65E+06 3.28E+06 2.44E+06 1.95E+06 1.31E+06 9.44E+05 7.28E+05 4.68E+05 3.04E+05 2.00E+05 1.51E+05 8.87E+04 5.17E+04 2.98E+04 1.81E+04 1.06E+04
   9.00  0.633  3.37E+09 4.22E+09 1.19E+11 3.30E+07 6.53E+07 9.63E+07 1.25E+08 1.52E+08 1.76E+08 1.97E+08 2.15E+08 2.30E+08 2.42E+08 2.29E+08 2.17E+08 2.18E+08 2.14E+08 2.12E+08 1.83E+08 1.71E+08 1.65E+08 1.39E+08 1.29E+08 1.23E+08 1.01E+08 9.26E+07 8.11E+07 6.89E+07 6.47E+07 5.04E+07 4.68E+07 3.57E+07 3.30E+07 2.43E+07 2.02E+07 1.65E+07 1.25E+07 1.07E+07 7.72E+06 5.85E+06 4.75E+06 3.28E+06 2.42E+06 1.90E+06 1.27E+06 8.48E+05 5.73E+05 4.38E+05 2.66E+05 1.61E+05 9.57E+04 6.02E+04 3.62E+04
   9.50  0.650  6.29E+09 7.47E+09 2.15E+11 5.64E+07 1.12E+08 1.65E+08 2.14E+08 2.60E+08 3.01E+08 3.37E+08 3.68E+08 3.94E+08 4.16E+08 3.95E+08 3.77E+08 3.79E+08 3.73E+08 3.70E+08 3.23E+08 3.03E+08 2.93E+08 2.50E+08 2.33E+08 2.23E+08 1.84E+08 1.71E+08 1.51E+08 1.30E+08 1.22E+08 9.71E+07 9.06E+07 7.05E+07 6.55E+07 4.93E+07 4.16E+07 3.46E+07 2.68E+07 2.31E+07 1.71E+07 1.32E+07 1.09E+07 7.72E+06 5.83E+06 4.62E+06 3.18E+06 2.20E+06 1.53E+06 1.18E+06 7.48E+05 4.68E+05 2.88E+05 1.86E+05 1.15E+05
  10.00  0.667  1.14E+10 1.28E+10 3.78E+11 9.36E+07 1.85E+08 2.73E+08 3.56E+08 4.32E+08 5.01E+08 5.61E+08 6.13E+08 6.58E+08 6.94E+08 6.63E+08 6.35E+08 6.39E+08 6.31E+08 6.26E+08 5.52E+08 5.20E+08 5.04E+08 4.34E+08 4.06E+08 3.90E+08 3.26E+08 3.03E+08 2.70E+08 2.34E+08 2.21E+08 1.79E+08 1.67E+08 1.32E+08 1.24E+08 9.51E+07 8.12E+07 6.84E+07 5.40E+07 4.71E+07 3.57E+07 2.82E+07 2.35E+07 1.71E+07 1.32E+07 1.06E+07 7.50E+06 5.32E+06 3.79E+06 2.99E+06 1.95E+06 1.27E+06 8.06E+05 5.37E+05 3.43E+05
  11.00  0.700  3.54E+10 3.52E+10 1.08E+12 2.43E+08 4.80E+08 7.09E+08 9.24E+08 1.12E+09 1.30E+09 1.46E+09 1.60E+09 1.72E+09 1.81E+09 1.75E+09 1.69E+09 1.70E+09 1.69E+09 1.68E+09 1.50E+09 1.42E+09 1.38E+09 1.20E+09 1.13E+09 1.09E+09 9.31E+08 8.72E+08 7.85E+08 6.91E+08 6.57E+08 5.43E+08 5.12E+08 4.16E+08 3.92E+08 3.11E+08 2.70E+08 2.33E+08 1.90E+08 1.68E+08 1.32E+08 1.08E+08 9.25E+07 7.05E+07 5.63E+07 4.68E+07 3.48E+07 2.60E+07 1.94E+07 1.57E+07 1.09E+07 7.50E+06 5.08E+06 3.58E+06 2.44E+06
  12.00  0.731  9.80E+10 9.00E+10 2.84E+12 5.93E+08 1.17E+09 1.73E+09 2.26E+09 2.75E+09 3.19E+09 3.59E+09 3.93E+09 4.22E+09 4.47E+09 4.33E+09 4.20E+09 4.25E+09 4.21E+09 4.20E+09 3.78E+09 3.60E+09 3.50E+09 3.09E+09 2.92E+09 2.83E+09 2.43E+09 2.29E+09 2.08E+09 1.85E+09 1.76E+09 1.48E+09 1.40E+09 1.16E+09 1.10E+09 8.91E+08 7.86E+08 6.87E+08 5.72E+08 5.14E+08 4.16E+08 3.48E+08 3.03E+08 2.39E+08 1.97E+08 1.67E+08 1.30E+08 1.01E+08 7.84E+07 6.55E+07 4.78E+07 3.48E+07 2.50E+07 1.85E+07 1.32E+07
  13.00  0.761  2.53E+11 2.21E+11 7.12E+12 1.41E+09 2.79E+09 4.11E+09 5.37E+09 6.53E+09 7.59E+09 8.54E+09 9.37E+09 1.01E+10 1.07E+10 1.04E+10 1.01E+10 1.02E+10 1.02E+10 1.01E+10 9.17E+09 8.76E+09 8.53E+09 7.58E+09 7.18E+09 6.95E+09 6.04E+09 5.69E+09 5.19E+09 4.64E+09 4.44E+09 3.76E+09 3.57E+09 3.00E+09 2.84E+09 2.34E+09 2.08E+09 1.84E+09 1.55E+09 1.41E+09 1.16E+09 9.87E+08 8.71E+08 7.03E+08 5.91E+08 5.12E+08 4.09E+08 3.27E+08 2.62E+08 2.24E+08 1.71E+08 1.30E+08 9.75E+07 7.52E+07 5.66E+07
  14.00  0.790  6.30E+11 5.33E+11 1.74E+13 3.32E+09 6.58E+09 9.72E+09 1.27E+10 1.55E+10 1.80E+10 2.03E+10 2.22E+10 2.40E+10 2.54E+10 2.48E+10 2.41E+10 2.45E+10 2.44E+10 2.43E+10 2.20E+10 2.11E+10 2.05E+10 1.83E+10 1.73E+10 1.68E+10 1.46E+10 1.38E+10 1.26E+10 1.13E+10 1.08E+10 9.20E+09 8.73E+09 7.37E+09 7.00E+09 5.82E+09 5.20E+09 4.62E+09 3.94E+09 3.59E+09 3.00E+09 2.57E+09 2.29E+09 1.88E+09 1.60E+09 1.40E+09 1.14E+09 9.34E+08 7.64E+08 6.64E+08 5.21E+08 4.09E+08 3.17E+08 2.53E+08 1.97E+08
  15.00  0.817  1.54E+12 1.29E+12 4.25E+13 7.94E+09 1.57E+10 2.33E+10 3.04E+10 3.71E+10 4.32E+10 4.87E+10 5.36E+10 5.79E+10 6.15E+10 5.99E+10 5.85E+10 5.94E+10 5.91E+10 5.90E+10 5.36E+10 5.12E+10 4.99E+10 4.44E+10 4.21E+10 4.07E+10 3.55E+10 3.34E+10 3.05E+10 2.73E+10 2.61E+10 2.23E+10 2.11E+10 1.79E+10 1.69E+10 1.41E+10 1.26E+10 1.12E+10 9.62E+09 8.78E+09 7.37E+09 6.37E+09 5.69E+09 4.72E+09 4.05E+09 3.57E+09 2.95E+09 2.44E+09 2.03E+09 1.78E+09 1.43E+09 1.14E+09 9.09E+08 7.41E+08 5.93E+08
  16.00  0.844  3.78E+12 3.19E+12 1.05E+14 1.94E+10 3.85E+10 5.70E+10 7.45E+10 9.10E+10 1.06E+11 1.20E+11 1.32E+11 1.43E+11 1.52E+11 1.48E+11 1.45E+11 1.47E+11 1.47E+11 1.46E+11 1.33E+11 1.27E+11 1.24E+11 1.10E+11 1.04E+11 1.01E+11 8.77E+10 8.24E+10 7.52E+10 6.72E+10 6.39E+10 5.45E+10 5.15E+10 4.35E+10 4.12E+10 3.43E+10 3.07E+10 2.72E+10 2.33E+10 2.12E+10 1.79E+10 1.54E+10 1.38E+10 1.15E+10 9.89E+09 8.74E+09 7.26E+09 6.07E+09 5.08E+09 4.48E+09 3.63E+09 2.95E+09 2.38E+09 1.97E+09 1.61E+09
  17.00  0.870  9.38E+12 8.01E+12 2.63E+14 4.84E+10 9.60E+10 1.42E+11 1.86E+11 2.28E+11 2.66E+11 3.00E+11 3.31E+11 3.59E+11 3.82E+11 3.73E+11 3.65E+11 3.71E+11 3.70E+11 3.70E+11 3.36E+11 3.22E+11 3.13E+11 2.79E+11 2.64E+11 2.54E+11 2.21E+11 2.08E+11 1.89E+11 1.69E+11 1.60E+11 1.36E+11 1.29E+11 1.08E+11 1.02E+11 8.47E+10 7.56E+10 6.70E+10 5.72E+10 5.19E+10 4.35E+10 3.76E+10 3.35E+10 2.78E+10 2.40E+10 2.11E+10 1.76E+10 1.47E+10 1.23E+10 1.09E+10 8.87E+09 7.26E+09 5.92E+09 4.94E+09 4.07E+09
  18.00  0.895  2.36E+13 2.04E+13 6.69E+14 1.22E+11 2.43E+11 3.59E+11 4.71E+11 5.76E+11 6.73E+11 7.62E+11 8.42E+11 9.12E+11 9.74E+11 9.52E+11 9.31E+11 9.49E+11 9.48E+11 9.48E+11 8.63E+11 8.25E+11 8.03E+11 7.16E+11 6.78E+11 6.53E+11 5.69E+11 5.33E+11 4.85E+11 4.32E+11 4.09E+11 3.48E+11 3.27E+11 2.75E+11 2.59E+11 2.14E+11 1.91E+11 1.68E+11 1.43E+11 1.30E+11 1.08E+11 9.32E+10 8.27E+10 6.85E+10 5.88E+10 5.16E+10 4.29E+10 3.58E+10 2.99E+10 2.64E+10 2.15E+10 1.76E+10 1.44E+10 1.20E+10 9.93E+09
  19.00  0.920  5.99E+13 5.23E+13 1.72E+15 3.09E+11 6.14E+11 9.11E+11 1.19E+12 1.46E+12 1.71E+12 1.94E+12 2.14E+12 2.33E+12 2.48E+12 2.43E+12 2.38E+12 2.43E+12 2.43E+12 2.43E+12 2.22E+12 2.13E+12 2.07E+12 1.85E+12 1.75E+12 1.69E+12 1.47E+12 1.38E+12 1.26E+12 1.12E+12 1.06E+12 8.99E+11 8.45E+11 7.10E+11 6.67E+11 5.51E+11 4.90E+11 4.32E+11 3.66E+11 3.30E+11 2.75E+11 2.36E+11 2.09E+11 1.72E+11 1.47E+11 1.29E+11 1.07E+11 8.87E+10 7.38E+10 6.47E+10 5.25E+10 4.29E+10 3.49E+10 2.91E+10 2.41E+10
  20.00  0.944  1.53E+14 1.34E+14 4.41E+15 7.81E+11 1.55E+12 2.30E+12 3.02E+12 3.69E+12 4.33E+12 4.90E+12 5.43E+12 5.90E+12 6.31E+12 6.19E+12 6.08E+12 6.21E+12 6.22E+12 6.23E+12 5.69E+12 5.46E+12 5.32E+12 4.76E+12 4.52E+12 4.35E+12 3.80E+12 3.57E+12 3.25E+12 2.90E+12 2.74E+12 2.33E+12 2.19E+12 1.84E+12 1.73E+12 1.43E+12 1.27E+12 1.12E+12 9.48E+11 8.53E+11 7.11E+11 6.09E+11 5.37E+11 4.42E+11 3.77E+11 3.28E+11 2.71E+11 2.25E+11 1.86E+11 1.62E+11 1.31E+11 1.07E+11 8.64E+10 7.18E+10 5.90E+10
  22.50  1.001  2.00E+15 1.34E+15 4.50E+16 7.53E+12 1.50E+13 2.22E+13 2.92E+13 3.58E+13 4.19E+13 4.76E+13 5.28E+13 5.75E+13 6.16E+13 6.08E+13 5.99E+13 6.14E+13 6.17E+13 6.19E+13 5.70E+13 5.49E+13 5.36E+13 4.83E+13 4.60E+13 4.44E+13 3.91E+13 3.68E+13 3.37E+13 3.01E+13 2.85E+13 2.44E+13 2.30E+13 1.95E+13 1.83E+13 1.52E+13 1.35E+13 1.19E+13 1.02E+13 9.15E+12 7.65E+12 6.57E+12 5.78E+12 4.77E+12 4.07E+12 3.54E+12 2.92E+12 2.42E+12 2.00E+12 1.73E+12 1.39E+12 1.13E+12 9.06E+11 7.47E+11 6.09E+11
  25.00  1.055  1.92E+16 1.24E+16 4.23E+17 6.66E+13 1.32E+14 1.97E+14 2.58E+14 3.17E+14 3.72E+14 4.23E+14 4.70E+14 5.12E+14 5.50E+14 5.45E+14 5.40E+14 5.55E+14 5.59E+14 5.62E+14 5.21E+14 5.04E+14 4.93E+14 4.48E+14 4.28E+14 4.14E+14 3.68E+14 3.47E+14 3.19E+14 2.87E+14 2.72E+14 2.35E+14 2.22E+14 1.89E+14 1.78E+14 1.49E+14 1.34E+14 1.19E+14 1.02E+14 9.17E+13 7.73E+13 6.68E+13 5.89E+13 4.90E+13 4.21E+13 3.66E+13 3.05E+13 2.54E+13 2.11E+13 1.83E+13 1.48E+13 1.20E+13 9.73E+12 8.04E+12 6.57E+12
  30.00  1.156  2.07E+18 8.10E+17 2.88E+19 4.04E+15 8.02E+15 1.19E+16 1.57E+16 1.93E+16 2.27E+16 2.58E+16 2.88E+16 3.14E+16 3.38E+16 3.38E+16 3.38E+16 3.48E+16 3.52E+16 3.56E+16 3.34E+16 3.25E+16 3.19E+16 2.93E+16 2.82E+16 2.74E+16 2.47E+16 2.34E+16 2.17E+16 1.97E+16 1.88E+16 1.65E+16 1.56E+16 1.35E+16 1.27E+16 1.09E+16 9.83E+15 8.80E+15 7.64E+15 6.95E+15 5.94E+15 5.20E+15 4.63E+15 3.91E+15 3.40E+15 2.99E+15 2.53E+15 2.14E+15 1.80E+15 1.58E+15 1.30E+15 1.08E+15 8.86E+14 7.43E+14 6.17E+14
  40.00  1.335  7.49E+21 1.50E+21 5.68E+22 6.60E+18 1.31E+19 1.95E+19 2.57E+19 3.17E+19 3.74E+19 4.27E+19 4.77E+19 5.23E+19 5.65E+19 5.71E+19 5.77E+19 5.98E+19 6.09E+19 6.19E+19 5.90E+19 5.80E+19 5.74E+19 5.37E+19 5.22E+19 5.10E+19 4.68E+19 4.48E+19 4.20E+19 3.88E+19 3.73E+19 3.33E+19 3.17E+19 2.81E+19 2.67E+19 2.33E+19 2.14E+19 1.94E+19 1.72E+19 1.58E+19 1.38E+19 1.23E+19 1.11E+19 9.60E+18 8.50E+18 7.59E+18 6.58E+18 5.69E+18 4.90E+18 4.37E+18 3.69E+18 3.14E+18 2.66E+18 2.28E+18 1.95E+18
  50.00  1.492  5.24E+24 1.04E+24 4.17E+25 4.19E+21 8.33E+21 1.24E+22 1.64E+22 2.02E+22 2.39E+22 2.73E+22 3.06E+22 3.36E+22 3.64E+22 3.71E+22 3.77E+22 3.93E+22 4.02E+22 4.10E+22 3.95E+22 3.92E+22 3.89E+22 3.68E+22 3.60E+22 3.54E+22 3.29E+22 3.17E+22 3.00E+22 2.80E+22 2.70E+22 2.45E+22 2.35E+22 2.11E+22 2.01E+22 1.79E+22 1.65E+22 1.52E+22 1.36E+22 1.26E+22 1.12E+22 1.01E+22 9.18E+21 8.07E+21 7.23E+21 6.53E+21 5.75E+21 5.05E+21 4.41E+21 3.97E+21 3.42E+21 2.96E+21 2.55E+21 2.23E+21 1.93E+21
  60.00  1.635  6.35E+27 1.27E+27 5.50E+28 3.95E+24 7.86E+24 1.17E+25 1.55E+25 1.91E+25 2.26E+25 2.59E+25 2.90E+25 3.19E+25 3.46E+25 3.71E+25 3.94E+25 4.15E+25 4.33E+25 4.49E+25 4.64E+25 4.76E+25 4.87E+25 4.96E+25 5.04E+25 5.11E+25 4.18E+25 3.81E+25 3.62E+25 3.46E+25 3.34E+25 3.24E+25 3.20E+25 3.14E+25 3.12E+25 2.36E+25 2.15E+25 1.99E+25 1.89E+25 1.83E+25 1.78E+25 1.54E+25 1.29E+25 1.14E+25 1.06E+25 1.02E+25 9.94E+24 7.96E+24 6.69E+24 6.00E+24 5.65E+24 5.50E+24 4.25E+24 3.59E+24 3.30E+24
  70.00  1.766  1.70E+30 3.38E+29 1.51E+31 9.93E+26 1.98E+27 2.95E+27 3.89E+27 4.81E+27 5.70E+27 6.54E+27 7.34E+27 8.09E+27 8.79E+27 9.44E+27 1.00E+28 1.06E+28 1.11E+28 1.15E+28 1.19E+28 1.22E+28 1.25E+28 1.28E+28 1.30E+28 1.32E+28 1.10E+28 1.01E+28 9.70E+27 9.32E+27 9.00E+27 8.76E+27 8.68E+27 8.52E+27 8.47E+27 6.58E+27 6.04E+27 5.61E+27 5.36E+27 5.19E+27 5.06E+27 4.41E+27 3.77E+27 3.36E+27 3.15E+27 3.02E+27 2.94E+27 2.40E+27 2.05E+27 1.85E+27 1.75E+27 1.70E+27 1.34E+27 1.15E+27 1.06E+27
  80.00  1.888  3.19E+32 6.32E+31 2.91E+33 1.76E+29 3.51E+29 5.23E+29 6.92E+29 8.56E+29 1.01E+30 1.17E+30 1.31E+30 1.44E+30 1.57E+30 1.69E+30 1.80E+30 1.90E+30 1.99E+30 2.07E+30 2.14E+30 2.21E+30 2.27E+30 2.32E+30 2.36E+30 2.40E+30 2.03E+30 1.89E+30 1.81E+30 1.75E+30 1.70E+30 1.65E+30 1.64E+30 1.61E+30 1.60E+30 1.27E+30 1.17E+30 1.10E+30 1.05E+30 1.02E+30 9.94E+29 8.75E+29 7.58E+29 6.79E+29 6.39E+29 6.15E+29 5.99E+29 4.96E+29 4.29E+29 3.89E+29 3.68E+29 3.58E+29 2.88E+29 2.50E+29 2.31E+29
  90.00  2.002  4.46E+34 8.80E+33 4.16E+35 2.34E+31 4.67E+31 6.96E+31 9.21E+31 1.14E+32 1.35E+32 1.55E+32 1.75E+32 1.93E+32 2.10E+32 2.26E+32 2.41E+32 2.55E+32 2.67E+32 2.79E+32 2.89E+32 2.98E+32 3.06E+32 3.13E+32 3.20E+32 3.25E+32 2.79E+32 2.61E+32 2.51E+32 2.44E+32 2.37E+32 2.31E+32 2.30E+32 2.26E+32 2.25E+32 1.81E+32 1.69E+32 1.58E+32 1.52E+32 1.47E+32 1.44E+32 1.28E+32 1.12E+32 1.01E+32 9.52E+31 9.17E+31 8.93E+31 7.50E+31 6.54E+31 5.97E+31 5.64E+31 5.49E+31 4.49E+31 3.93E+31 3.65E+31
 100.00  2.110  4.86E+36 9.55E+35 4.62E+37 2.43E+33 4.85E+33 7.24E+33 9.58E+33 1.19E+34 1.41E+34 1.62E+34 1.82E+34 2.02E+34 2.20E+34 2.37E+34 2.53E+34 2.67E+34 2.81E+34 2.93E+34 3.04E+34 3.14E+34 3.23E+34 3.31E+34 3.38E+34 3.44E+34 2.98E+34 2.80E+34 2.72E+34 2.64E+34 2.57E+34 2.52E+34 2.50E+34 2.47E+34 2.46E+34 2.01E+34 1.87E+34 1.77E+34 1.70E+34 1.65E+34 1.61E+34 1.44E+34 1.27E+34 1.15E+34 1.09E+34 1.05E+34 1.03E+34 8.72E+33 7.66E+33 7.02E+33 6.65E+33 6.47E+33 5.36E+33 4.72E+33 4.40E+33
 110.00  2.213  4.27E+38 8.35E+37 4.12E+39 2.05E+35 4.09E+35 6.10E+35 8.07E+35 1.00E+36 1.19E+36 1.37E+36 1.54E+36 1.70E+36 1.86E+36 2.00E+36 2.14E+36 2.27E+36 2.38E+36 2.49E+36 2.59E+36 2.67E+36 2.75E+36 2.82E+36 2.89E+36 2.94E+36 2.57E+36 2.43E+36 2.36E+36 2.30E+36 2.25E+36 2.20E+36 2.20E+36 2.16E+36 2.16E+36 1.78E+36 1.67E+36 1.58E+36 1.52E+36 1.48E+36 1.45E+36 1.30E+36 1.16E+36 1.06E+36 1.00E+36 9.68E+35 9.44E+35 8.08E+35 7.15E+35 6.58E+35 6.24E+35 6.08E+35 5.09E+35 4.51E+35 4.22E+35
 120.00  2.312  3.11E+40 6.06E+39 3.05E+41 1.43E+37 2.86E+37 4.27E+37 5.65E+37 7.01E+37 8.32E+37 9.59E+37 1.08E+38 1.20E+38 1.31E+38 1.41E+38 1.51E+38 1.60E+38 1.68E+38 1.76E+38 1.83E+38 1.89E+38 1.95E+38 2.00E+38 2.05E+38 2.09E+38 1.84E+38 1.75E+38 1.70E+38 1.66E+38 1.63E+38 1.60E+38 1.59E+38 1.57E+38 1.57E+38 1.31E+38 1.23E+38 1.17E+38 1.13E+38 1.10E+38 1.08E+38 9.73E+37 8.71E+37 7.97E+37 7.58E+37 7.32E+37 7.14E+37 6.16E+37 5.49E+37 5.07E+37 4.81E+37 4.69E+37 3.96E+37 3.53E+37 3.31E+37
 130.00  2.406  1.92E+42 3.72E+41 1.91E+43 8.53E+38 1.70E+39 2.54E+39 3.36E+39 4.17E+39 4.95E+39 5.71E+39 6.44E+39 7.13E+39 7.79E+39 8.41E+39 9.00E+39 9.55E+39 1.01E+40 1.05E+40 1.09E+40 1.13E+40 1.17E+40 1.20E+40 1.23E+40 1.26E+40 1.11E+40 1.06E+40 1.04E+40 1.02E+40 9.96E+39 9.80E+39 9.78E+39 9.66E+39 9.64E+39 8.13E+39 7.68E+39 7.30E+39 7.05E+39 6.88E+39 6.74E+39 6.13E+39 5.51E+39 5.06E+39 4.82E+39 4.66E+39 4.55E+39 3.96E+39 3.54E+39 3.28E+39 3.12E+39 3.04E+39 2.59E+39 2.32E+39 2.18E+39
 140.00  2.497  1.03E+44 1.97E+43 1.03E+45 4.38E+40 8.74E+40 1.31E+41 1.73E+41 2.15E+41 2.55E+41 2.94E+41 3.32E+41 3.68E+41 4.02E+41 4.34E+41 4.65E+41 4.93E+41 5.20E+41 5.44E+41 5.67E+41 5.88E+41 6.07E+41 6.24E+41 6.39E+41 6.53E+41 5.83E+41 5.58E+41 5.46E+41 5.35E+41 5.26E+41 5.18E+41 5.17E+41 5.11E+41 5.11E+41 4.34E+41 4.11E+41 3.92E+41 3.79E+41 3.70E+41 3.63E+41 3.31E+41 3.00E+41 2.76E+41 2.64E+41 2.55E+41 2.49E+41 2.18E+41 1.96E+41 1.82E+41 1.73E+41 1.69E+41 1.45E+41 1.30E+41 1.23E+41
 150.00  2.585  4.79E+45 9.17E+44 4.86E+46 1.98E+42 3.94E+42 5.89E+42 7.81E+42 9.68E+42 1.15E+43 1.33E+43 1.50E+43 1.66E+43 1.82E+43 1.97E+43 2.10E+43 2.24E+43 2.36E+43 2.47E+43 2.57E+43 2.67E+43 2.76E+43 2.84E+43 2.91E+43 2.97E+43 2.67E+43 2.56E+43 2.51E+43 2.47E+43 2.43E+43 2.40E+43 2.40E+43 2.37E+43 2.37E+43 2.03E+43 1.93E+43 1.84E+43 1.78E+43 1.74E+43 1.71E+43 1.57E+43 1.42E+43 1.32E+43 1.26E+43 1.22E+43 1.19E+43 1.05E+43 9.45E+42 8.80E+42 8.38E+42 8.18E+42 7.06E+42 6.38E+42 6.01E+42
 160.00  2.669  1.98E+47 3.78E+46 2.03E+48 7.92E+43 1.58E+44 2.36E+44 3.13E+44 3.88E+44 4.62E+44 5.33E+44 6.01E+44 6.67E+44 7.30E+44 7.90E+44 8.46E+44 9.00E+44 9.49E+44 9.95E+44 1.04E+45 1.08E+45 1.11E+45 1.15E+45 1.18E+45 1.20E+45 1.09E+45 1.04E+45 1.03E+45 1.01E+45 9.95E+44 9.83E+44 9.83E+44 9.74E+44 9.74E+44 8.39E+44 7.99E+44 7.65E+44 7.42E+44 7.26E+44 7.12E+44 6.55E+44 5.98E+44 5.54E+44 5.30E+44 5.14E+44 5.03E+44 4.44E+44 4.03E+44 3.76E+44 3.58E+44 3.50E+44 3.04E+44 2.75E+44 2.60E+44
 170.00  2.752  7.36E+48 1.39E+48 7.60E+49 2.85E+45 5.69E+45 8.50E+45 1.13E+46 1.40E+46 1.66E+46 1.92E+46 2.17E+46 2.41E+46 2.63E+46 2.85E+46 3.06E+46 3.25E+46 3.43E+46 3.60E+46 3.76E+46 3.90E+46 4.03E+46 4.15E+46 4.27E+46 4.37E+46 3.96E+46 3.82E+46 3.76E+46 3.70E+46 3.65E+46 3.61E+46 3.62E+46 3.58E+46 3.59E+46 3.11E+46 2.97E+46 2.85E+46 2.76E+46 2.70E+46 2.66E+46 2.45E+46 2.25E+46 2.09E+46 2.00E+46 1.94E+46 1.90E+46 1.68E+46 1.53E+46 1.43E+46 1.37E+46 1.34E+46 1.17E+46 1.06E+46 1.00E+46
 180.00  2.831  2.47E+50 4.66E+49 2.57E+51 9.29E+46 1.85E+47 2.77E+47 3.67E+47 4.56E+47 5.42E+47 6.26E+47 7.07E+47 7.86E+47 8.60E+47 9.32E+47 9.99E+47 1.06E+48 1.12E+48 1.18E+48 1.23E+48 1.28E+48 1.32E+48 1.36E+48 1.40E+48 1.43E+48 1.31E+48 1.26E+48 1.24E+48 1.23E+48 1.21E+48 1.20E+48 1.20E+48 1.19E+48 1.19E+48 1.04E+48 9.95E+47 9.56E+47 9.29E+47 9.11E+47 8.95E+47 8.28E+47 7.61E+47 7.09E+47 6.81E+47 6.61E+47 6.47E+47 5.76E+47 5.26E+47 4.93E+47 4.71E+47 4.60E+47 4.03E+47 3.68E+47 3.48E+47
 190.00  2.909  7.58E+51 1.42E+51 7.93E+52 2.77E+48 5.52E+48 8.25E+48 1.09E+49 1.36E+49 1.62E+49 1.87E+49 2.11E+49 2.34E+49 2.57E+49 2.78E+49 2.98E+49 3.17E+49 3.35E+49 3.52E+49 3.68E+49 3.83E+49 3.96E+49 4.09E+49 4.20E+49 4.30E+49 3.93E+49 3.81E+49 3.76E+49 3.71E+49 3.67E+49 3.64E+49 3.65E+49 3.62E+49 3.63E+49 3.18E+49 3.04E+49 2.93E+49 2.85E+49 2.79E+49 2.75E+49 2.55E+49 2.35E+49 2.19E+49 2.11E+49 2.05E+49 2.01E+49 1.79E+49 1.64E+49 1.54E+49 1.47E+49 1.44E+49 1.27E+49 1.16E+49 1.10E+49
 200.00  2.984  1.58E+53 2.86E+52 1.61E+54 5.46E+49 1.09E+50 1.63E+50 2.16E+50 2.68E+50 3.19E+50 3.68E+50 4.17E+50 4.63E+50 5.07E+50 5.50E+50 5.90E+50 6.28E+50 6.64E+50 6.98E+50 7.29E+50 7.58E+50 7.85E+50 8.10E+50 8.33E+50 8.54E+50 7.83E+50 7.60E+50 7.51E+50 7.43E+50 7.36E+50 7.29E+50 7.31E+50 7.26E+50 7.28E+50 6.40E+50 6.14E+50 5.92E+50 5.76E+50 5.66E+50 5.57E+50 5.18E+50 4.78E+50 4.47E+50 4.30E+50 4.18E+50 4.10E+50 3.68E+50 3.37E+50 3.17E+50 3.04E+50 2.97E+50 2.62E+50 2.41E+50 2.28E+50
 
                    **********************************************************************************************************************************
                    *  Z= 95 A=247: Negative-parity Spin-dependent Level Density [MeV-1] for AM247 B=  0.04 hw=  0.15 b2= 2.022 b3=-0.882 b4= 3.188  *
                    **********************************************************************************************************************************
 U[MeV]  T[MeV]  NCUMUL   RHOOBS   RHOTOT    J=01/2   J=03/2   J=05/2   J=07/2   J=09/2   J=11/2   J=13/2   J=15/2   J=17/2   J=19/2   J=21/2   J=23/2   J=25/2   J=27/2   J=29/2   J=31/2   J=33/2   J=35/2   J=37/2   J=39/2   J=41/2   J=43/2   J=45/2   J=47/2   J=49/2   J=51/2   J=53/2   J=55/2   J=57/2   J=59/2   J=61/2   J=63/2   J=65/2   J=67/2   J=69/2   J=71/2   J=73/2   J=75/2   J=77/2   J=79/2   J=81/2   J=83/2   J=85/2   J=87/2   J=89/2   J=91/2   J=93/2   J=95/2   J=97/2   J=99/2
   0.25  0.106  5.00E+00 4.40E+01 7.76E+02 2.67E+00 2.67E+00 2.67E+00 2.67E+00 2.67E+00 2.67E+00 2.67E+00 2.67E+00 2.67E+00 2.67E+00 2.67E+00 2.67E+00 2.67E+00 2.67E+00 2.67E+00 1.33E+00 1.33E+00 1.33E+00 0.00E+00 0.00E+00 0.00E+00 0.00E+00 0.00E+00 0.00E+00 0.00E+00 0.00E+00 0.00E+00 0.00E+00 0.00E+00 0.00E+00 0.00E+00 0.00E+00 0.00E+00 0.00E+00 0.00E+00 0.00E+00 0.00E+00 0.00E+00 0.00E+00 0.00E+00 0.00E+00 0.00E+00 0.00E+00 0.00E+00 0.00E+00 0.00E+00 0.00E+00 0.00E+00 0.00E+00 0.00E+00
   0.50  0.149  1.90E+01 6.60E+01 1.13E+03 3.00E+00 4.00E+00 5.00E+00 5.00E+00 5.00E+00 5.00E+00 5.00E+00 5.00E+00 5.00E+00 5.00E+00 2.00E+00 2.00E+00 2.00E+00 2.00E+00 2.00E+00 2.00E+00 2.00E+00 2.00E+00 1.00E+00 1.00E+00 1.00E+00 0.00E+00 0.00E+00 0.00E+00 0.00E+00 0.00E+00 0.00E+00 0.00E+00 0.00E+00 0.00E+00 0.00E+00 0.00E+00 0.00E+00 0.00E+00 0.00E+00 0.00E+00 0.00E+00 0.00E+00 0.00E+00 0.00E+00 0.00E+00 0.00E+00 0.00E+00 0.00E+00 0.00E+00 0.00E+00 0.00E+00 0.00E+00 0.00E+00 0.00E+00
   0.75  0.183  4.80E+01 1.65E+02 2.70E+03 5.00E+00 9.00E+00 1.30E+01 1.40E+01 1.40E+01 1.40E+01 1.40E+01 1.40E+01 1.40E+01 1.40E+01 6.00E+00 5.00E+00 5.00E+00 5.00E+00 5.00E+00 2.00E+00 2.00E+00 2.00E+00 2.00E+00 2.00E+00 2.00E+00 1.00E+00 1.00E+00 0.00E+00 0.00E+00 0.00E+00 0.00E+00 0.00E+00 0.00E+00 0.00E+00 0.00E+00 0.00E+00 0.00E+00 0.00E+00 0.00E+00 0.00E+00 0.00E+00 0.00E+00 0.00E+00 0.00E+00 0.00E+00 0.00E+00 0.00E+00 0.00E+00 0.00E+00 0.00E+00 0.00E+00 0.00E+00 0.00E+00 0.00E+00
   1.00  0.211  1.14E+02 3.67E+02 6.23E+03 7.00E+00 1.80E+01 2.70E+01 2.90E+01 3.00E+01 3.10E+01 3.10E+01 3.10E+01 3.10E+01 3.10E+01 1.70E+01 1.40E+01 1.40E+01 1.40E+01 1.40E+01 5.00E+00 5.00E+00 5.00E+00 2.00E+00 2.00E+00 2.00E+00 2.00E+00 2.00E+00 1.00E+00 1.00E+00 1.00E+00 0.00E+00 0.00E+00 0.00E+00 0.00E+00 0.00E+00 0.00E+00 0.00E+00 0.00E+00 0.00E+00 0.00E+00 0.00E+00 0.00E+00 0.00E+00 0.00E+00 0.00E+00 0.00E+00 0.00E+00 0.00E+00 0.00E+00 0.00E+00 0.00E+00 0.00E+00 0.00E+00 0.00E+00
   1.25  0.236  2.61E+02 8.10E+02 1.41E+04 1.60E+01 3.60E+01 5.10E+01 5.80E+01 6.50E+01 6.70E+01 6.80E+01 6.90E+01 6.90E+01 6.90E+01 4.50E+01 3.30E+01 3.20E+01 3.10E+01 3.10E+01 1.50E+01 1.40E+01 1.40E+01 5.00E+00 5.00E+00 5.00E+00 2.00E+00 2.00E+00 2.00E+00 2.00E+00 2.00E+00 1.00E+00 1.00E+00 0.00E+00 0.00E+00 0.00E+00 0.00E+00 0.00E+00 0.00E+00 0.00E+00 0.00E+00 0.00E+00 0.00E+00 0.00E+00 0.00E+00 0.00E+00 0.00E+00 0.00E+00 0.00E+00 0.00E+00 0.00E+00 0.00E+00 0.00E+00 0.00E+00 0.00E+00
   1.50  0.258  5.66E+02 1.62E+03 2.94E+04 3.20E+01 6.40E+01 8.90E+01 1.09E+02 1.25E+02 1.30E+02 1.33E+02 1.35E+02 1.35E+02 1.35E+02 9.70E+01 7.20E+01 7.00E+01 6.90E+01 6.90E+01 3.40E+01 3.10E+01 3.10E+01 1.50E+01 1.40E+01 1.40E+01 5.00E+00 5.00E+00 2.00E+00 2.00E+00 2.00E+00 2.00E+00 2.00E+00 1.00E+00 1.00E+00 0.00E+00 0.00E+00 0.00E+00 0.00E+00 0.00E+00 0.00E+00 0.00E+00 0.00E+00 0.00E+00 0.00E+00 0.00E+00 0.00E+00 0.00E+00 0.00E+00 0.00E+00 0.00E+00 0.00E+00 0.00E+00 0.00E+00 0.00E+00
   1.75  0.279  1.17E+03 3.19E+03 5.90E+04 6.30E+01 1.19E+02 1.66E+02 2.08E+02 2.40E+02 2.52E+02 2.58E+02 2.62E+02 2.63E+02 2.63E+02 1.86E+02 1.41E+02 1.38E+02 1.35E+02 1.35E+02 7.50E+01 6.90E+01 6.90E+01 3.40E+01 3.10E+01 3.10E+01 1.40E+01 1.40E+01 6.00E+00 5.00E+00 5.00E+00 2.00E+00 2.00E+00 2.00E+00 2.00E+00 1.00E+00 0.00E+00 0.00E+00 0.00E+00 0.00E+00 0.00E+00 0.00E+00 0.00E+00 0.00E+00 0.00E+00 0.00E+00 0.00E+00 0.00E+00 0.00E+00 0.00E+00 0.00E+00 0.00E+00 0.00E+00 0.00E+00 0.00E+00
   2.00  0.298  2.37E+03 6.41E+03 1.20E+05 1.22E+02 2.29E+02 3.20E+02 4.02E+02 4.67E+02 4.99E+02 5.20E+02 5.31E+02 5.36E+02 5.39E+02 3.86E+02 2.93E+02 2.78E+02 2.67E+02 2.63E+02 1.48E+02 1.36E+02 1.35E+02 7.50E+01 6.90E+01 6.90E+01 3.30E+01 3.10E+01 1.70E+01 1.40E+01 1.40E+01 5.00E+00 5.00E+00 2.00E+00 2.00E+00 2.00E+00 1.00E+00 1.00E+00 0.00E+00 0.00E+00 0.00E+00 0.00E+00 0.00E+00 0.00E+00 0.00E+00 0.00E+00 0.00E+00 0.00E+00 0.00E+00 0.00E+00 0.00E+00 0.00E+00 0.00E+00 0.00E+00 0.00E+00
   2.25  0.317  4.83E+03 1.33E+04 2.51E+05 2.37E+02 4.47E+02 6.36E+02 8.08E+02 9.35E+02 1.02E+03 1.08E+03 1.12E+03 1.13E+03 1.15E+03 8.34E+02 6.30E+02 5.89E+02 5.55E+02 5.42E+02 3.14E+02 2.71E+02 2.64E+02 1.48E+02 1.36E+02 1.35E+02 7.20E+01 6.90E+01 4.50E+01 3.10E+01 3.10E+01 1.40E+01 1.40E+01 5.00E+00 5.00E+00 2.00E+00 2.00E+00 2.00E+00 1.00E+00 1.00E+00 0.00E+00 0.00E+00 0.00E+00 0.00E+00 0.00E+00 0.00E+00 0.00E+00 0.00E+00 0.00E+00 0.00E+00 0.00E+00 0.00E+00 0.00E+00 0.00E+00 0.00E+00
   2.50  0.334  9.70E+03 2.57E+04 4.98E+05 4.29E+02 8.25E+02 1.20E+03 1.50E+03 1.73E+03 1.91E+03 2.04E+03 2.10E+03 2.14E+03 2.16E+03 1.61E+03 1.28E+03 1.22E+03 1.17E+03 1.15E+03 6.85E+02 5.68E+02 5.45E+02 3.14E+02 2.71E+02 2.64E+02 1.41E+02 1.35E+02 9.70E+01 6.90E+01 6.90E+01 3.20E+01 3.10E+01 1.40E+01 1.40E+01 5.00E+00 2.00E+00 2.00E+00 2.00E+00 2.00E+00 1.00E+00 0.00E+00 0.00E+00 0.00E+00 0.00E+00 0.00E+00 0.00E+00 0.00E+00 0.00E+00 0.00E+00 0.00E+00 0.00E+00 0.00E+00 0.00E+00 0.00E+00
   2.75  0.350  1.90E+04 4.86E+04 9.59E+05 7.65E+02 1.50E+03 2.17E+03 2.72E+03 3.15E+03 3.50E+03 3.75E+03 3.89E+03 3.98E+03 4.03E+03 3.08E+03 2.48E+03 2.36E+03 2.23E+03 2.19E+03 1.38E+03 1.19E+03 1.16E+03 6.85E+02 5.68E+02 5.45E+02 2.94E+02 2.67E+02 1.86E+02 1.36E+02 1.35E+02 7.00E+01 6.90E+01 3.20E+01 3.10E+01 1.40E+01 6.00E+00 5.00E+00 2.00E+00 2.00E+00 2.00E+00 1.00E+00 1.00E+00 0.00E+00 0.00E+00 0.00E+00 0.00E+00 0.00E+00 0.00E+00 0.00E+00 0.00E+00 0.00E+00 0.00E+00 0.00E+00 0.00E+00
   3.00  0.366  3.65E+04 9.15E+04 1.84E+06 1.37E+03 2.68E+03 3.90E+03 4.93E+03 5.76E+03 6.44E+03 6.95E+03 7.27E+03 7.49E+03 7.61E+03 5.95E+03 4.78E+03 4.55E+03 4.24E+03 4.12E+03 2.67E+03 2.29E+03 2.21E+03 1.38E+03 1.19E+03 1.16E+03 6.32E+02 5.55E+02 3.88E+02 2.71E+02 2.63E+02 1.38E+02 1.35E+02 7.00E+01 6.90E+01 3.10E+01 1.70E+01 1.40E+01 5.00E+00 5.00E+00 2.00E+00 2.00E+00 2.00E+00 1.00E+00 0.00E+00 0.00E+00 0.00E+00 0.00E+00 0.00E+00 0.00E+00 0.00E+00 0.00E+00 0.00E+00 0.00E+00 0.00E+00
   3.25  0.380  6.92E+04 1.70E+05 3.46E+06 2.46E+03 4.81E+03 6.98E+03 8.86E+03 1.04E+04 1.17E+04 1.26E+04 1.33E+04 1.37E+04 1.40E+04 1.11E+04 9.01E+03 8.62E+03 8.06E+03 7.84E+03 5.18E+03 4.39E+03 4.17E+03 2.68E+03 2.29E+03 2.21E+03 1.29E+03 1.17E+03 8.39E+02 5.68E+02 5.42E+02 2.78E+02 2.64E+02 1.38E+02 1.35E+02 6.90E+01 4.50E+01 3.10E+01 1.50E+01 1.40E+01 5.00E+00 2.00E+00 2.00E+00 2.00E+00 1.00E+00 1.00E+00 0.00E+00 0.00E+00 0.00E+00 0.00E+00 0.00E+00 0.00E+00 0.00E+00 0.00E+00 0.00E+00
   3.50  0.395  1.29E+05 3.09E+05 6.39E+06 4.34E+03 8.50E+03 1.23E+04 1.57E+04 1.85E+04 2.08E+04 2.25E+04 2.38E+04 2.46E+04 2.52E+04 2.02E+04 1.66E+04 1.59E+04 1.49E+04 1.45E+04 9.76E+03 8.36E+03 7.94E+03 5.19E+03 4.39E+03 4.17E+03 2.50E+03 2.24E+03 1.64E+03 1.19E+03 1.16E+03 5.89E+02 5.45E+02 2.78E+02 2.64E+02 1.36E+02 9.70E+01 6.90E+01 3.40E+01 3.10E+01 1.40E+01 5.00E+00 5.00E+00 2.00E+00 2.00E+00 2.00E+00 1.00E+00 0.00E+00 0.00E+00 0.00E+00 0.00E+00 0.00E+00 0.00E+00 0.00E+00 0.00E+00
   3.75  0.409  2.37E+05 5.55E+05 1.17E+07 7.51E+03 1.47E+04 2.14E+04 2.73E+04 3.24E+04 3.65E+04 3.96E+04 4.21E+04 4.38E+04 4.49E+04 3.66E+04 3.04E+04 2.91E+04 2.73E+04 2.64E+04 1.81E+04 1.55E+04 1.47E+04 9.78E+03 8.36E+03 7.94E+03 4.85E+03 4.25E+03 3.16E+03 2.29E+03 2.19E+03 1.22E+03 1.16E+03 5.89E+02 5.45E+02 2.71E+02 1.86E+02 1.36E+02 7.50E+01 6.90E+01 3.20E+01 1.60E+01 1.40E+01 5.00E+00 2.00E+00 2.00E+00 2.00E+00 1.00E+00 0.00E+00 0.00E+00 0.00E+00 0.00E+00 0.00E+00 0.00E+00 0.00E+00
   4.00  0.422  4.30E+05 9.87E+05 2.10E+07 1.29E+04 2.53E+04 3.68E+04 4.72E+04 5.61E+04 6.34E+04 6.92E+04 7.37E+04 7.69E+04 7.91E+04 6.51E+04 5.45E+04 5.24E+04 4.92E+04 4.75E+04 3.33E+04 2.85E+04 2.69E+04 1.81E+04 1.56E+04 1.47E+04 9.20E+03 8.10E+03 6.12E+03 4.39E+03 4.13E+03 2.37E+03 2.21E+03 1.22E+03 1.16E+03 5.68E+02 3.88E+02 2.71E+02 1.48E+02 1.35E+02 7.00E+01 4.00E+01 3.10E+01 1.40E+01 5.00E+00 5.00E+00 2.00E+00 2.00E+00 1.00E+00 1.00E+00 0.00E+00 0.00E+00 0.00E+00 0.00E+00 0.00E+00
   4.25  0.435  7.69E+05 1.73E+06 3.73E+07 2.20E+04 4.32E+04 6.29E+04 8.06E+04 9.60E+04 1.09E+05 1.19E+05 1.27E+05 1.33E+05 1.37E+05 1.14E+05 9.61E+04 9.27E+04 8.73E+04 8.43E+04 5.99E+04 5.16E+04 4.85E+04 3.34E+04 2.86E+04 2.69E+04 1.71E+04 1.50E+04 1.15E+04 8.36E+03 7.86E+03 4.58E+03 4.17E+03 2.37E+03 2.21E+03 1.19E+03 8.39E+02 5.68E+02 3.14E+02 2.64E+02 1.38E+02 8.40E+01 6.90E+01 3.20E+01 1.60E+01 1.40E+01 5.00E+00 2.00E+00 2.00E+00 2.00E+00 1.00E+00 0.00E+00 0.00E+00 0.00E+00 0.00E+00
   4.50  0.448  1.36E+06 2.97E+06 6.50E+07 3.65E+04 7.18E+04 1.05E+05 1.35E+05 1.61E+05 1.82E+05 2.00E+05 2.14E+05 2.24E+05 2.32E+05 1.95E+05 1.67E+05 1.61E+05 1.52E+05 1.47E+05 1.06E+05 9.17E+04 8.63E+04 6.02E+04 5.17E+04 4.86E+04 3.16E+04 2.76E+04 2.12E+04 1.56E+04 1.45E+04 8.70E+03 7.94E+03 4.58E+03 4.17E+03 2.29E+03 1.64E+03 1.19E+03 6.85E+02 5.45E+02 2.78E+02 1.64E+02 1.35E+02 7.00E+01 4.00E+01 3.10E+01 1.40E+01 5.00E+00 2.00E+00 2.00E+00 2.00E+00 1.00E+00 0.00E+00 0.00E+00 0.00E+00
   4.75  0.460  2.36E+06 5.04E+06 1.12E+08 6.00E+04 1.18E+05 1.73E+05 2.22E+05 2.66E+05 3.03E+05 3.33E+05 3.57E+05 3.75E+05 3.89E+05 3.30E+05 2.84E+05 2.76E+05 2.60E+05 2.51E+05 1.85E+05 1.61E+05 1.51E+05 1.07E+05 9.20E+04 8.64E+04 5.70E+04 4.99E+04 3.88E+04 2.86E+04 2.65E+04 1.62E+04 1.47E+04 8.70E+03 7.94E+03 4.39E+03 3.16E+03 2.29E+03 1.38E+03 1.16E+03 5.89E+02 3.48E+02 2.67E+02 1.38E+02 8.40E+01 6.90E+01 3.10E+01 1.40E+01 5.00E+00 5.00E+00 2.00E+00 2.00E+00 1.00E+00 0.00E+00 0.00E+00
   5.00  0.472  4.04E+06 8.41E+06 1.89E+08 9.74E+04 1.92E+05 2.81E+05 3.62E+05 4.33E+05 4.94E+05 5.45E+05 5.85E+05 6.16E+05 6.39E+05 5.47E+05 4.75E+05 4.63E+05 4.38E+05 4.24E+05 3.16E+05 2.75E+05 2.58E+05 1.86E+05 1.61E+05 1.51E+05 1.01E+05 8.88E+04 6.95E+04 5.17E+04 4.78E+04 2.98E+04 2.69E+04 1.62E+04 1.47E+04 8.36E+03 6.12E+03 4.38E+03 2.68E+03 2.21E+03 1.22E+03 7.49E+02 5.55E+02 2.78E+02 1.64E+02 1.35E+02 6.90E+01 3.30E+01 1.60E+01 1.40E+01 5.00E+00 2.00E+00 2.00E+00 1.00E+00 0.00E+00
   5.50  0.495  1.17E+07 2.23E+07 5.16E+08 2.43E+05 4.79E+05 7.02E+05 9.07E+05 1.09E+06 1.25E+06 1.38E+06 1.49E+06 1.57E+06 1.64E+06 1.43E+06 1.26E+06 1.23E+06 1.17E+06 1.14E+06 8.72E+05 7.70E+05 7.24E+05 5.35E+05 4.68E+05 4.38E+05 3.04E+05 2.67E+05 2.13E+05 1.61E+05 1.49E+05 9.55E+04 8.64E+04 5.37E+04 4.86E+04 2.86E+04 2.12E+04 1.55E+04 9.78E+03 7.96E+03 4.58E+03 2.91E+03 2.24E+03 1.22E+03 7.48E+02 5.45E+02 2.71E+02 1.41E+02 8.40E+01 6.90E+01 3.10E+01 1.40E+01 5.00E+00 2.00E+00 2.00E+00
   6.00  0.517  3.11E+07 5.53E+07 1.32E+09 5.72E+05 1.13E+06 1.66E+06 2.14E+06 2.58E+06 2.96E+06 3.28E+06 3.55E+06 3.76E+06 3.93E+06 3.48E+06 3.12E+06 3.07E+06 2.94E+06 2.86E+06 2.24E+06 2.00E+06 1.89E+06 1.43E+06 1.26E+06 1.18E+06 8.48E+05 7.50E+05 6.07E+05 4.68E+05 4.31E+05 2.87E+05 2.59E+05 1.67E+05 1.51E+05 9.20E+04 6.95E+04 5.14E+04 3.34E+04 2.70E+04 1.62E+04 1.06E+04 8.09E+03 4.58E+03 2.91E+03 2.21E+03 1.19E+03 6.32E+02 3.48E+02 2.64E+02 1.35E+02 6.90E+01 3.20E+01 1.50E+01 5.00E+00
   6.50  0.538  7.74E+07 1.30E+08 3.19E+09 1.28E+06 2.52E+06 3.70E+06 4.80E+06 5.79E+06 6.66E+06 7.40E+06 8.02E+06 8.53E+06 8.92E+06 8.01E+06 7.26E+06 7.17E+06 6.90E+06 6.73E+06 5.39E+06 4.85E+06 4.58E+06 3.56E+06 3.17E+06 2.98E+06 2.20E+06 1.95E+06 1.61E+06 1.26E+06 1.17E+06 8.03E+05 7.28E+05 4.85E+05 4.38E+05 2.77E+05 2.13E+05 1.60E+05 1.07E+05 8.67E+04 5.37E+04 3.62E+04 2.75E+04 1.62E+04 1.06E+04 7.94E+03 4.39E+03 2.50E+03 1.50E+03 1.16E+03 5.55E+02 2.71E+02 1.38E+02 7.50E+01 4.00E+01
   7.00  0.558  1.82E+08 2.88E+08 7.28E+09 2.69E+06 5.32E+06 7.83E+06 1.02E+07 1.23E+07 1.41E+07 1.58E+07 1.71E+07 1.82E+07 1.91E+07 1.74E+07 1.59E+07 1.58E+07 1.53E+07 1.49E+07 1.22E+07 1.11E+07 1.05E+07 8.33E+06 7.47E+06 7.04E+06 5.31E+06 4.76E+06 3.97E+06 3.18E+06 2.94E+06 2.09E+06 1.90E+06 1.31E+06 1.18E+06 7.77E+05 6.07E+05 4.64E+05 3.19E+05 2.61E+05 1.67E+05 1.15E+05 8.87E+04 5.37E+04 3.61E+04 2.69E+04 1.56E+04 9.20E+03 5.64E+03 4.17E+03 2.24E+03 1.19E+03 5.89E+02 3.14E+02 1.64E+02
   7.50  0.578  4.05E+08 6.05E+08 1.57E+10 5.39E+06 1.06E+07 1.57E+07 2.04E+07 2.46E+07 2.84E+07 3.17E+07 3.45E+07 3.68E+07 3.86E+07 3.55E+07 3.29E+07 3.28E+07 3.19E+07 3.13E+07 2.60E+07 2.38E+07 2.27E+07 1.83E+07 1.66E+07 1.57E+07 1.21E+07 1.09E+07 9.24E+06 7.50E+06 6.95E+06 5.07E+06 4.62E+06 3.28E+06 2.99E+06 2.02E+06 1.61E+06 1.25E+06 8.86E+05 7.32E+05 4.85E+05 3.43E+05 2.66E+05 1.67E+05 1.15E+05 8.64E+04 5.17E+04 3.16E+04 1.96E+04 1.47E+04 8.09E+03 4.39E+03 2.37E+03 1.38E+03 7.49E+02
   8.00  0.597  8.58E+08 1.21E+09 3.23E+10 1.03E+07 2.03E+07 2.99E+07 3.89E+07 4.71E+07 5.44E+07 6.08E+07 6.62E+07 7.07E+07 7.44E+07 6.91E+07 6.47E+07 6.46E+07 6.30E+07 6.20E+07 5.23E+07 4.83E+07 4.62E+07 3.79E+07 3.46E+07 3.29E+07 2.59E+07 2.36E+07 2.02E+07 1.67E+07 1.55E+07 1.16E+07 1.06E+07 7.72E+06 7.06E+06 4.92E+06 3.98E+06 3.15E+06 2.29E+06 1.91E+06 1.31E+06 9.48E+05 7.48E+05 4.85E+05 3.42E+05 2.59E+05 1.61E+05 1.01E+05 6.49E+04 4.86E+04 2.75E+04 1.56E+04 8.71E+03 5.19E+03 2.91E+03
   8.50  0.615  1.74E+09 2.30E+09 6.32E+10 1.87E+07 3.71E+07 5.46E+07 7.11E+07 8.61E+07 9.96E+07 1.11E+08 1.21E+08 1.30E+08 1.37E+08 1.28E+08 1.21E+08 1.21E+08 1.19E+08 1.17E+08 1.00E+08 9.30E+07 8.93E+07 7.45E+07 6.85E+07 6.53E+07 5.24E+07 4.79E+07 4.15E+07 3.48E+07 3.26E+07 2.49E+07 2.30E+07 1.71E+07 1.57E+07 1.13E+07 9.24E+06 7.44E+06 5.52E+06 4.65E+06 3.28E+06 2.44E+06 1.95E+06 1.31E+06 9.44E+05 7.28E+05 4.68E+05 3.04E+05 2.00E+05 1.51E+05 8.87E+04 5.17E+04 2.98E+04 1.81E+04 1.06E+04
   9.00  0.633  3.37E+09 4.22E+09 1.19E+11 3.30E+07 6.53E+07 9.63E+07 1.25E+08 1.52E+08 1.76E+08 1.97E+08 2.15E+08 2.30E+08 2.42E+08 2.29E+08 2.17E+08 2.18E+08 2.14E+08 2.12E+08 1.83E+08 1.71E+08 1.65E+08 1.39E+08 1.29E+08 1.23E+08 1.01E+08 9.26E+07 8.11E+07 6.89E+07 6.47E+07 5.04E+07 4.68E+07 3.57E+07 3.30E+07 2.43E+07 2.02E+07 1.65E+07 1.25E+07 1.07E+07 7.72E+06 5.85E+06 4.75E+06 3.28E+06 2.42E+06 1.90E+06 1.27E+06 8.48E+05 5.73E+05 4.38E+05 2.66E+05 1.61E+05 9.57E+04 6.02E+04 3.62E+04
   9.50  0.650  6.29E+09 7.47E+09 2.15E+11 5.64E+07 1.12E+08 1.65E+08 2.14E+08 2.60E+08 3.01E+08 3.37E+08 3.68E+08 3.94E+08 4.16E+08 3.95E+08 3.77E+08 3.79E+08 3.73E+08 3.70E+08 3.23E+08 3.03E+08 2.93E+08 2.50E+08 2.33E+08 2.23E+08 1.84E+08 1.71E+08 1.51E+08 1.30E+08 1.22E+08 9.71E+07 9.06E+07 7.05E+07 6.55E+07 4.93E+07 4.16E+07 3.46E+07 2.68E+07 2.31E+07 1.71E+07 1.32E+07 1.09E+07 7.72E+06 5.83E+06 4.62E+06 3.18E+06 2.20E+06 1.53E+06 1.18E+06 7.48E+05 4.68E+05 2.88E+05 1.86E+05 1.15E+05
  10.00  0.667  1.14E+10 1.28E+10 3.78E+11 9.36E+07 1.85E+08 2.73E+08 3.56E+08 4.32E+08 5.01E+08 5.61E+08 6.13E+08 6.58E+08 6.94E+08 6.63E+08 6.35E+08 6.39E+08 6.31E+08 6.26E+08 5.52E+08 5.20E+08 5.04E+08 4.34E+08 4.06E+08 3.90E+08 3.26E+08 3.03E+08 2.70E+08 2.34E+08 2.21E+08 1.79E+08 1.67E+08 1.32E+08 1.24E+08 9.51E+07 8.12E+07 6.84E+07 5.40E+07 4.71E+07 3.57E+07 2.82E+07 2.35E+07 1.71E+07 1.32E+07 1.06E+07 7.50E+06 5.32E+06 3.79E+06 2.99E+06 1.95E+06 1.27E+06 8.06E+05 5.37E+05 3.43E+05
  11.00  0.700  3.54E+10 3.52E+10 1.08E+12 2.43E+08 4.80E+08 7.09E+08 9.24E+08 1.12E+09 1.30E+09 1.46E+09 1.60E+09 1.72E+09 1.81E+09 1.75E+09 1.69E+09 1.70E+09 1.69E+09 1.68E+09 1.50E+09 1.42E+09 1.38E+09 1.20E+09 1.13E+09 1.09E+09 9.31E+08 8.72E+08 7.85E+08 6.91E+08 6.57E+08 5.43E+08 5.12E+08 4.16E+08 3.92E+08 3.11E+08 2.70E+08 2.33E+08 1.90E+08 1.68E+08 1.32E+08 1.08E+08 9.25E+07 7.05E+07 5.63E+07 4.68E+07 3.48E+07 2.60E+07 1.94E+07 1.57E+07 1.09E+07 7.50E+06 5.08E+06 3.58E+06 2.44E+06
  12.00  0.731  9.80E+10 9.00E+10 2.84E+12 5.93E+08 1.17E+09 1.73E+09 2.26E+09 2.75E+09 3.19E+09 3.59E+09 3.93E+09 4.22E+09 4.47E+09 4.33E+09 4.20E+09 4.25E+09 4.21E+09 4.20E+09 3.78E+09 3.60E+09 3.50E+09 3.09E+09 2.92E+09 2.83E+09 2.43E+09 2.29E+09 2.08E+09 1.85E+09 1.76E+09 1.48E+09 1.40E+09 1.16E+09 1.10E+09 8.91E+08 7.86E+08 6.87E+08 5.72E+08 5.14E+08 4.16E+08 3.48E+08 3.03E+08 2.39E+08 1.97E+08 1.67E+08 1.30E+08 1.01E+08 7.84E+07 6.55E+07 4.78E+07 3.48E+07 2.50E+07 1.85E+07 1.32E+07
  13.00  0.761  2.53E+11 2.21E+11 7.12E+12 1.41E+09 2.79E+09 4.11E+09 5.37E+09 6.53E+09 7.59E+09 8.54E+09 9.37E+09 1.01E+10 1.07E+10 1.04E+10 1.01E+10 1.02E+10 1.02E+10 1.01E+10 9.17E+09 8.76E+09 8.53E+09 7.58E+09 7.18E+09 6.95E+09 6.04E+09 5.69E+09 5.19E+09 4.64E+09 4.44E+09 3.76E+09 3.57E+09 3.00E+09 2.84E+09 2.34E+09 2.08E+09 1.84E+09 1.55E+09 1.41E+09 1.16E+09 9.87E+08 8.71E+08 7.03E+08 5.91E+08 5.12E+08 4.09E+08 3.27E+08 2.62E+08 2.24E+08 1.71E+08 1.30E+08 9.75E+07 7.52E+07 5.66E+07
  14.00  0.790  6.30E+11 5.33E+11 1.74E+13 3.32E+09 6.58E+09 9.72E+09 1.27E+10 1.55E+10 1.80E+10 2.03E+10 2.22E+10 2.40E+10 2.54E+10 2.48E+10 2.41E+10 2.45E+10 2.44E+10 2.43E+10 2.20E+10 2.11E+10 2.05E+10 1.83E+10 1.73E+10 1.68E+10 1.46E+10 1.38E+10 1.26E+10 1.13E+10 1.08E+10 9.20E+09 8.73E+09 7.37E+09 7.00E+09 5.82E+09 5.20E+09 4.62E+09 3.94E+09 3.59E+09 3.00E+09 2.57E+09 2.29E+09 1.88E+09 1.60E+09 1.40E+09 1.14E+09 9.34E+08 7.64E+08 6.64E+08 5.21E+08 4.09E+08 3.17E+08 2.53E+08 1.97E+08
  15.00  0.817  1.54E+12 1.29E+12 4.25E+13 7.94E+09 1.57E+10 2.33E+10 3.04E+10 3.71E+10 4.32E+10 4.87E+10 5.36E+10 5.79E+10 6.15E+10 5.99E+10 5.85E+10 5.94E+10 5.91E+10 5.90E+10 5.36E+10 5.12E+10 4.99E+10 4.44E+10 4.21E+10 4.07E+10 3.55E+10 3.34E+10 3.05E+10 2.73E+10 2.61E+10 2.23E+10 2.11E+10 1.79E+10 1.69E+10 1.41E+10 1.26E+10 1.12E+10 9.62E+09 8.78E+09 7.37E+09 6.37E+09 5.69E+09 4.72E+09 4.05E+09 3.57E+09 2.95E+09 2.44E+09 2.03E+09 1.78E+09 1.43E+09 1.14E+09 9.09E+08 7.41E+08 5.93E+08
  16.00  0.844  3.78E+12 3.19E+12 1.05E+14 1.94E+10 3.85E+10 5.70E+10 7.45E+10 9.10E+10 1.06E+11 1.20E+11 1.32E+11 1.43E+11 1.52E+11 1.48E+11 1.45E+11 1.47E+11 1.47E+11 1.46E+11 1.33E+11 1.27E+11 1.24E+11 1.10E+11 1.04E+11 1.01E+11 8.77E+10 8.24E+10 7.52E+10 6.72E+10 6.39E+10 5.45E+10 5.15E+10 4.35E+10 4.12E+10 3.43E+10 3.07E+10 2.72E+10 2.33E+10 2.12E+10 1.79E+10 1.54E+10 1.38E+10 1.15E+10 9.89E+09 8.74E+09 7.26E+09 6.07E+09 5.08E+09 4.48E+09 3.63E+09 2.95E+09 2.38E+09 1.97E+09 1.61E+09
  17.00  0.870  9.38E+12 8.01E+12 2.63E+14 4.84E+10 9.60E+10 1.42E+11 1.86E+11 2.28E+11 2.66E+11 3.00E+11 3.31E+11 3.59E+11 3.82E+11 3.73E+11 3.65E+11 3.71E+11 3.70E+11 3.70E+11 3.36E+11 3.22E+11 3.13E+11 2.79E+11 2.64E+11 2.54E+11 2.21E+11 2.08E+11 1.89E+11 1.69E+11 1.60E+11 1.36E+11 1.29E+11 1.08E+11 1.02E+11 8.47E+10 7.56E+10 6.70E+10 5.72E+10 5.19E+10 4.35E+10 3.76E+10 3.35E+10 2.78E+10 2.40E+10 2.11E+10 1.76E+10 1.47E+10 1.23E+10 1.09E+10 8.87E+09 7.26E+09 5.92E+09 4.94E+09 4.07E+09
  18.00  0.895  2.36E+13 2.04E+13 6.69E+14 1.22E+11 2.43E+11 3.59E+11 4.71E+11 5.76E+11 6.73E+11 7.62E+11 8.42E+11 9.12E+11 9.74E+11 9.52E+11 9.31E+11 9.49E+11 9.48E+11 9.48E+11 8.63E+11 8.25E+11 8.03E+11 7.16E+11 6.78E+11 6.53E+11 5.69E+11 5.33E+11 4.85E+11 4.32E+11 4.09E+11 3.48E+11 3.27E+11 2.75E+11 2.59E+11 2.14E+11 1.91E+11 1.68E+11 1.43E+11 1.30E+11 1.08E+11 9.32E+10 8.27E+10 6.85E+10 5.88E+10 5.16E+10 4.29E+10 3.58E+10 2.99E+10 2.64E+10 2.15E+10 1.76E+10 1.44E+10 1.20E+10 9.93E+09
  19.00  0.920  5.99E+13 5.23E+13 1.72E+15 3.09E+11 6.14E+11 9.11E+11 1.19E+12 1.46E+12 1.71E+12 1.94E+12 2.14E+12 2.33E+12 2.48E+12 2.43E+12 2.38E+12 2.43E+12 2.43E+12 2.43E+12 2.22E+12 2.13E+12 2.07E+12 1.85E+12 1.75E+12 1.69E+12 1.47E+12 1.38E+12 1.26E+12 1.12E+12 1.06E+12 8.99E+11 8.45E+11 7.10E+11 6.67E+11 5.51E+11 4.90E+11 4.32E+11 3.66E+11 3.30E+11 2.75E+11 2.36E+11 2.09E+11 1.72E+11 1.47E+11 1.29E+11 1.07E+11 8.87E+10 7.38E+10 6.47E+10 5.25E+10 4.29E+10 3.49E+10 2.91E+10 2.41E+10
  20.00  0.944  1.53E+14 1.34E+14 4.41E+15 7.81E+11 1.55E+12 2.30E+12 3.02E+12 3.69E+12 4.33E+12 4.90E+12 5.43E+12 5.90E+12 6.31E+12 6.19E+12 6.08E+12 6.21E+12 6.22E+12 6.23E+12 5.69E+12 5.46E+12 5.32E+12 4.76E+12 4.52E+12 4.35E+12 3.80E+12 3.57E+12 3.25E+12 2.90E+12 2.74E+12 2.33E+12 2.19E+12 1.84E+12 1.73E+12 1.43E+12 1.27E+12 1.12E+12 9.48E+11 8.53E+11 7.11E+11 6.09E+11 5.37E+11 4.42E+11 3.77E+11 3.28E+11 2.71E+11 2.25E+11 1.86E+11 1.62E+11 1.31E+11 1.07E+11 8.64E+10 7.18E+10 5.90E+10
  22.50  1.001  2.00E+15 1.34E+15 4.50E+16 7.53E+12 1.50E+13 2.22E+13 2.92E+13 3.58E+13 4.19E+13 4.76E+13 5.28E+13 5.75E+13 6.16E+13 6.08E+13 5.99E+13 6.14E+13 6.17E+13 6.19E+13 5.70E+13 5.49E+13 5.36E+13 4.83E+13 4.60E+13 4.44E+13 3.91E+13 3.68E+13 3.37E+13 3.01E+13 2.85E+13 2.44E+13 2.30E+13 1.95E+13 1.83E+13 1.52E+13 1.35E+13 1.19E+13 1.02E+13 9.15E+12 7.65E+12 6.57E+12 5.78E+12 4.77E+12 4.07E+12 3.54E+12 2.92E+12 2.42E+12 2.00E+12 1.73E+12 1.39E+12 1.13E+12 9.06E+11 7.47E+11 6.09E+11
  25.00  1.055  1.92E+16 1.24E+16 4.23E+17 6.66E+13 1.32E+14 1.97E+14 2.58E+14 3.17E+14 3.72E+14 4.23E+14 4.70E+14 5.12E+14 5.50E+14 5.45E+14 5.40E+14 5.55E+14 5.59E+14 5.62E+14 5.21E+14 5.04E+14 4.93E+14 4.48E+14 4.28E+14 4.14E+14 3.68E+14 3.47E+14 3.19E+14 2.87E+14 2.72E+14 2.35E+14 2.22E+14 1.89E+14 1.78E+14 1.49E+14 1.34E+14 1.19E+14 1.02E+14 9.17E+13 7.73E+13 6.68E+13 5.89E+13 4.90E+13 4.21E+13 3.66E+13 3.05E+13 2.54E+13 2.11E+13 1.83E+13 1.48E+13 1.20E+13 9.73E+12 8.04E+12 6.57E+12
  30.00  1.156  2.07E+18 8.10E+17 2.88E+19 4.04E+15 8.02E+15 1.19E+16 1.57E+16 1.93E+16 2.27E+16 2.58E+16 2.88E+16 3.14E+16 3.38E+16 3.38E+16 3.38E+16 3.48E+16 3.52E+16 3.56E+16 3.34E+16 3.25E+16 3.19E+16 2.93E+16 2.82E+16 2.74E+16 2.47E+16 2.34E+16 2.17E+16 1.97E+16 1.88E+16 1.65E+16 1.56E+16 1.35E+16 1.27E+16 1.09E+16 9.83E+15 8.80E+15 7.64E+15 6.95E+15 5.94E+15 5.20E+15 4.63E+15 3.91E+15 3.40E+15 2.99E+15 2.53E+15 2.14E+15 1.80E+15 1.58E+15 1.30E+15 1.08E+15 8.86E+14 7.43E+14 6.17E+14
  40.00  1.335  7.49E+21 1.50E+21 5.68E+22 6.60E+18 1.31E+19 1.95E+19 2.57E+19 3.17E+19 3.74E+19 4.27E+19 4.77E+19 5.23E+19 5.65E+19 5.71E+19 5.77E+19 5.98E+19 6.09E+19 6.19E+19 5.90E+19 5.80E+19 5.74E+19 5.37E+19 5.22E+19 5.10E+19 4.68E+19 4.48E+19 4.20E+19 3.88E+19 3.73E+19 3.33E+19 3.17E+19 2.81E+19 2.67E+19 2.33E+19 2.14E+19 1.94E+19 1.72E+19 1.58E+19 1.38E+19 1.23E+19 1.11E+19 9.60E+18 8.50E+18 7.59E+18 6.58E+18 5.69E+18 4.90E+18 4.37E+18 3.69E+18 3.14E+18 2.66E+18 2.28E+18 1.95E+18
  50.00  1.492  5.24E+24 1.04E+24 4.17E+25 4.19E+21 8.33E+21 1.24E+22 1.64E+22 2.02E+22 2.39E+22 2.73E+22 3.06E+22 3.36E+22 3.64E+22 3.71E+22 3.77E+22 3.93E+22 4.02E+22 4.10E+22 3.95E+22 3.92E+22 3.89E+22 3.68E+22 3.60E+22 3.54E+22 3.29E+22 3.17E+22 3.00E+22 2.80E+22 2.70E+22 2.45E+22 2.35E+22 2.11E+22 2.01E+22 1.79E+22 1.65E+22 1.52E+22 1.36E+22 1.26E+22 1.12E+22 1.01E+22 9.18E+21 8.07E+21 7.23E+21 6.53E+21 5.75E+21 5.05E+21 4.41E+21 3.97E+21 3.42E+21 2.96E+21 2.55E+21 2.23E+21 1.93E+21
  60.00  1.635  6.35E+27 1.27E+27 5.50E+28 3.95E+24 7.86E+24 1.17E+25 1.55E+25 1.91E+25 2.26E+25 2.59E+25 2.90E+25 3.19E+25 3.46E+25 3.71E+25 3.94E+25 4.15E+25 4.33E+25 4.49E+25 4.64E+25 4.76E+25 4.87E+25 4.96E+25 5.04E+25 5.11E+25 4.18E+25 3.81E+25 3.62E+25 3.46E+25 3.34E+25 3.24E+25 3.20E+25 3.14E+25 3.12E+25 2.36E+25 2.15E+25 1.99E+25 1.89E+25 1.83E+25 1.78E+25 1.54E+25 1.29E+25 1.14E+25 1.06E+25 1.02E+25 9.94E+24 7.96E+24 6.69E+24 6.00E+24 5.65E+24 5.50E+24 4.25E+24 3.59E+24 3.30E+24
  70.00  1.766  1.70E+30 3.38E+29 1.51E+31 9.93E+26 1.98E+27 2.95E+27 3.89E+27 4.81E+27 5.70E+27 6.54E+27 7.34E+27 8.09E+27 8.79E+27 9.44E+27 1.00E+28 1.06E+28 1.11E+28 1.15E+28 1.19E+28 1.22E+28 1.25E+28 1.28E+28 1.30E+28 1.32E+28 1.10E+28 1.01E+28 9.70E+27 9.32E+27 9.00E+27 8.76E+27 8.68E+27 8.52E+27 8.47E+27 6.58E+27 6.04E+27 5.61E+27 5.36E+27 5.19E+27 5.06E+27 4.41E+27 3.77E+27 3.36E+27 3.15E+27 3.02E+27 2.94E+27 2.40E+27 2.05E+27 1.85E+27 1.75E+27 1.70E+27 1.34E+27 1.15E+27 1.06E+27
  80.00  1.888  3.19E+32 6.32E+31 2.91E+33 1.76E+29 3.51E+29 5.23E+29 6.92E+29 8.56E+29 1.01E+30 1.17E+30 1.31E+30 1.44E+30 1.57E+30 1.69E+30 1.80E+30 1.90E+30 1.99E+30 2.07E+30 2.14E+30 2.21E+30 2.27E+30 2.32E+30 2.36E+30 2.40E+30 2.03E+30 1.89E+30 1.81E+30 1.75E+30 1.70E+30 1.65E+30 1.64E+30 1.61E+30 1.60E+30 1.27E+30 1.17E+30 1.10E+30 1.05E+30 1.02E+30 9.94E+29 8.75E+29 7.58E+29 6.79E+29 6.39E+29 6.15E+29 5.99E+29 4.96E+29 4.29E+29 3.89E+29 3.68E+29 3.58E+29 2.88E+29 2.50E+29 2.31E+29
  90.00  2.002  4.46E+34 8.80E+33 4.16E+35 2.34E+31 4.67E+31 6.96E+31 9.21E+31 1.14E+32 1.35E+32 1.55E+32 1.75E+32 1.93E+32 2.10E+32 2.26E+32 2.41E+32 2.55E+32 2.67E+32 2.79E+32 2.89E+32 2.98E+32 3.06E+32 3.13E+32 3.20E+32 3.25E+32 2.79E+32 2.61E+32 2.51E+32 2.44E+32 2.37E+32 2.31E+32 2.30E+32 2.26E+32 2.25E+32 1.81E+32 1.69E+32 1.58E+32 1.52E+32 1.47E+32 1.44E+32 1.28E+32 1.12E+32 1.01E+32 9.52E+31 9.17E+31 8.93E+31 7.50E+31 6.54E+31 5.97E+31 5.64E+31 5.49E+31 4.49E+31 3.93E+31 3.65E+31
 100.00  2.110  4.86E+36 9.55E+35 4.62E+37 2.43E+33 4.85E+33 7.24E+33 9.58E+33 1.19E+34 1.41E+34 1.62E+34 1.82E+34 2.02E+34 2.20E+34 2.37E+34 2.53E+34 2.67E+34 2.81E+34 2.93E+34 3.04E+34 3.14E+34 3.23E+34 3.31E+34 3.38E+34 3.44E+34 2.98E+34 2.80E+34 2.72E+34 2.64E+34 2.57E+34 2.52E+34 2.50E+34 2.47E+34 2.46E+34 2.01E+34 1.87E+34 1.77E+34 1.70E+34 1.65E+34 1.61E+34 1.44E+34 1.27E+34 1.15E+34 1.09E+34 1.05E+34 1.03E+34 8.72E+33 7.66E+33 7.02E+33 6.65E+33 6.47E+33 5.36E+33 4.72E+33 4.40E+33
 110.00  2.213  4.27E+38 8.35E+37 4.12E+39 2.05E+35 4.09E+35 6.10E+35 8.07E+35 1.00E+36 1.19E+36 1.37E+36 1.54E+36 1.70E+36 1.86E+36 2.00E+36 2.14E+36 2.27E+36 2.38E+36 2.49E+36 2.59E+36 2.67E+36 2.75E+36 2.82E+36 2.89E+36 2.94E+36 2.57E+36 2.43E+36 2.36E+36 2.30E+36 2.25E+36 2.20E+36 2.20E+36 2.16E+36 2.16E+36 1.78E+36 1.67E+36 1.58E+36 1.52E+36 1.48E+36 1.45E+36 1.30E+36 1.16E+36 1.06E+36 1.00E+36 9.68E+35 9.44E+35 8.08E+35 7.15E+35 6.58E+35 6.24E+35 6.08E+35 5.09E+35 4.51E+35 4.22E+35
 120.00  2.312  3.11E+40 6.06E+39 3.05E+41 1.43E+37 2.86E+37 4.27E+37 5.65E+37 7.01E+37 8.32E+37 9.59E+37 1.08E+38 1.20E+38 1.31E+38 1.41E+38 1.51E+38 1.60E+38 1.68E+38 1.76E+38 1.83E+38 1.89E+38 1.95E+38 2.00E+38 2.05E+38 2.09E+38 1.84E+38 1.75E+38 1.70E+38 1.66E+38 1.63E+38 1.60E+38 1.59E+38 1.57E+38 1.57E+38 1.31E+38 1.23E+38 1.17E+38 1.13E+38 1.10E+38 1.08E+38 9.73E+37 8.71E+37 7.97E+37 7.58E+37 7.32E+37 7.14E+37 6.16E+37 5.49E+37 5.07E+37 4.81E+37 4.69E+37 3.96E+37 3.53E+37 3.31E+37
 130.00  2.406  1.92E+42 3.72E+41 1.91E+43 8.53E+38 1.70E+39 2.54E+39 3.36E+39 4.17E+39 4.95E+39 5.71E+39 6.44E+39 7.13E+39 7.79E+39 8.41E+39 9.00E+39 9.55E+39 1.01E+40 1.05E+40 1.09E+40 1.13E+40 1.17E+40 1.20E+40 1.23E+40 1.26E+40 1.11E+40 1.06E+40 1.04E+40 1.02E+40 9.96E+39 9.80E+39 9.78E+39 9.66E+39 9.64E+39 8.13E+39 7.68E+39 7.30E+39 7.05E+39 6.88E+39 6.74E+39 6.13E+39 5.51E+39 5.06E+39 4.82E+39 4.66E+39 4.55E+39 3.96E+39 3.54E+39 3.28E+39 3.12E+39 3.04E+39 2.59E+39 2.32E+39 2.18E+39
 140.00  2.497  1.03E+44 1.97E+43 1.03E+45 4.38E+40 8.74E+40 1.31E+41 1.73E+41 2.15E+41 2.55E+41 2.94E+41 3.32E+41 3.68E+41 4.02E+41 4.34E+41 4.65E+41 4.93E+41 5.20E+41 5.44E+41 5.67E+41 5.88E+41 6.07E+41 6.24E+41 6.39E+41 6.53E+41 5.83E+41 5.58E+41 5.46E+41 5.35E+41 5.26E+41 5.18E+41 5.17E+41 5.11E+41 5.11E+41 4.34E+41 4.11E+41 3.92E+41 3.79E+41 3.70E+41 3.63E+41 3.31E+41 3.00E+41 2.76E+41 2.64E+41 2.55E+41 2.49E+41 2.18E+41 1.96E+41 1.82E+41 1.73E+41 1.69E+41 1.45E+41 1.30E+41 1.23E+41
 150.00  2.585  4.79E+45 9.17E+44 4.86E+46 1.98E+42 3.94E+42 5.89E+42 7.81E+42 9.68E+42 1.15E+43 1.33E+43 1.50E+43 1.66E+43 1.82E+43 1.97E+43 2.10E+43 2.24E+43 2.36E+43 2.47E+43 2.57E+43 2.67E+43 2.76E+43 2.84E+43 2.91E+43 2.97E+43 2.67E+43 2.56E+43 2.51E+43 2.47E+43 2.43E+43 2.40E+43 2.40E+43 2.37E+43 2.37E+43 2.03E+43 1.93E+43 1.84E+43 1.78E+43 1.74E+43 1.71E+43 1.57E+43 1.42E+43 1.32E+43 1.26E+43 1.22E+43 1.19E+43 1.05E+43 9.45E+42 8.80E+42 8.38E+42 8.18E+42 7.06E+42 6.38E+42 6.01E+42
 160.00  2.669  1.98E+47 3.78E+46 2.03E+48 7.92E+43 1.58E+44 2.36E+44 3.13E+44 3.88E+44 4.62E+44 5.33E+44 6.01E+44 6.67E+44 7.30E+44 7.90E+44 8.46E+44 9.00E+44 9.49E+44 9.95E+44 1.04E+45 1.08E+45 1.11E+45 1.15E+45 1.18E+45 1.20E+45 1.09E+45 1.04E+45 1.03E+45 1.01E+45 9.95E+44 9.83E+44 9.83E+44 9.74E+44 9.74E+44 8.39E+44 7.99E+44 7.65E+44 7.42E+44 7.26E+44 7.12E+44 6.55E+44 5.98E+44 5.54E+44 5.30E+44 5.14E+44 5.03E+44 4.44E+44 4.03E+44 3.76E+44 3.58E+44 3.50E+44 3.04E+44 2.75E+44 2.60E+44
 170.00  2.752  7.36E+48 1.39E+48 7.60E+49 2.85E+45 5.69E+45 8.50E+45 1.13E+46 1.40E+46 1.66E+46 1.92E+46 2.17E+46 2.41E+46 2.63E+46 2.85E+46 3.06E+46 3.25E+46 3.43E+46 3.60E+46 3.76E+46 3.90E+46 4.03E+46 4.15E+46 4.27E+46 4.37E+46 3.96E+46 3.82E+46 3.76E+46 3.70E+46 3.65E+46 3.61E+46 3.62E+46 3.58E+46 3.59E+46 3.11E+46 2.97E+46 2.85E+46 2.76E+46 2.70E+46 2.66E+46 2.45E+46 2.25E+46 2.09E+46 2.00E+46 1.94E+46 1.90E+46 1.68E+46 1.53E+46 1.43E+46 1.37E+46 1.34E+46 1.17E+46 1.06E+46 1.00E+46
 180.00  2.831  2.47E+50 4.66E+49 2.57E+51 9.29E+46 1.85E+47 2.77E+47 3.67E+47 4.56E+47 5.42E+47 6.26E+47 7.07E+47 7.86E+47 8.60E+47 9.32E+47 9.99E+47 1.06E+48 1.12E+48 1.18E+48 1.23E+48 1.28E+48 1.32E+48 1.36E+48 1.40E+48 1.43E+48 1.31E+48 1.26E+48 1.24E+48 1.23E+48 1.21E+48 1.20E+48 1.20E+48 1.19E+48 1.19E+48 1.04E+48 9.95E+47 9.56E+47 9.29E+47 9.11E+47 8.95E+47 8.28E+47 7.61E+47 7.09E+47 6.81E+47 6.61E+47 6.47E+47 5.76E+47 5.26E+47 4.93E+47 4.71E+47 4.60E+47 4.03E+47 3.68E+47 3.48E+47
 190.00  2.909  7.58E+51 1.42E+51 7.93E+52 2.77E+48 5.52E+48 8.25E+48 1.09E+49 1.36E+49 1.62E+49 1.87E+49 2.11E+49 2.34E+49 2.57E+49 2.78E+49 2.98E+49 3.17E+49 3.35E+49 3.52E+49 3.68E+49 3.83E+49 3.96E+49 4.09E+49 4.20E+49 4.30E+49 3.93E+49 3.81E+49 3.76E+49 3.71E+49 3.67E+49 3.64E+49 3.65E+49 3.62E+49 3.63E+49 3.18E+49 3.04E+49 2.93E+49 2.85E+49 2.79E+49 2.75E+49 2.55E+49 2.35E+49 2.19E+49 2.11E+49 2.05E+49 2.01E+49 1.79E+49 1.64E+49 1.54E+49 1.47E+49 1.44E+49 1.27E+49 1.16E+49 1.10E+49
 200.00  2.984  1.58E+53 2.86E+52 1.61E+54 5.46E+49 1.09E+50 1.63E+50 2.16E+50 2.68E+50 3.19E+50 3.68E+50 4.17E+50 4.63E+50 5.07E+50 5.50E+50 5.90E+50 6.28E+50 6.64E+50 6.98E+50 7.29E+50 7.58E+50 7.85E+50 8.10E+50 8.33E+50 8.54E+50 7.83E+50 7.60E+50 7.51E+50 7.43E+50 7.36E+50 7.29E+50 7.31E+50 7.26E+50 7.28E+50 6.40E+50 6.14E+50 5.92E+50 5.76E+50 5.66E+50 5.57E+50 5.18E+50 4.78E+50 4.47E+50 4.30E+50 4.18E+50 4.10E+50 3.68E+50 3.37E+50 3.17E+50 3.04E+50 2.97E+50 2.62E+50 2.41E+50 2.28E+50
 
