                    **********************************************************************************************************************************
                    *  Z= 98 A=255: Positive-Parity Spin-dependent Level Density [MeV-1] for CF255 B=  1.69 hw=  0.05 b2= 1.276 b3= 0.000 b4= 0.941  *
                    **********************************************************************************************************************************
 U[MeV]  T[MeV]  NCUMUL   RHOOBS   RHOTOT    J=01/2   J=03/2   J=05/2   J=07/2   J=09/2   J=11/2   J=13/2   J=15/2   J=17/2   J=19/2   J=21/2   J=23/2   J=25/2   J=27/2   J=29/2   J=31/2   J=33/2   J=35/2   J=37/2   J=39/2   J=41/2   J=43/2   J=45/2   J=47/2   J=49/2   J=51/2   J=53/2   J=55/2   J=57/2   J=59/2   J=61/2   J=63/2   J=65/2   J=67/2   J=69/2   J=71/2   J=73/2   J=75/2   J=77/2   J=79/2   J=81/2   J=83/2   J=85/2   J=87/2   J=89/2   J=91/2   J=93/2   J=95/2   J=97/2   J=99/2
   0.25  0.104  4.00E+00 3.47E+01 6.85E+02 0.00E+00 1.33E+00 1.33E+00 1.33E+00 1.33E+00 2.67E+00 2.67E+00 2.67E+00 2.67E+00 2.67E+00 2.67E+00 2.67E+00 2.67E+00 2.67E+00 2.67E+00 1.33E+00 1.33E+00 0.00E+00 0.00E+00 0.00E+00 0.00E+00 0.00E+00 0.00E+00 0.00E+00 0.00E+00 0.00E+00 0.00E+00 0.00E+00 0.00E+00 0.00E+00 0.00E+00 0.00E+00 0.00E+00 0.00E+00 0.00E+00 0.00E+00 0.00E+00 0.00E+00 0.00E+00 0.00E+00 0.00E+00 0.00E+00 0.00E+00 0.00E+00 0.00E+00 0.00E+00 0.00E+00 0.00E+00 0.00E+00 0.00E+00
   0.50  0.147  1.50E+01 5.80E+01 1.05E+03 1.00E+00 3.00E+00 3.00E+00 4.00E+00 4.00E+00 5.00E+00 5.00E+00 5.00E+00 5.00E+00 5.00E+00 2.00E+00 2.00E+00 2.00E+00 2.00E+00 2.00E+00 2.00E+00 2.00E+00 2.00E+00 1.00E+00 1.00E+00 0.00E+00 0.00E+00 0.00E+00 0.00E+00 0.00E+00 0.00E+00 0.00E+00 0.00E+00 0.00E+00 0.00E+00 0.00E+00 0.00E+00 0.00E+00 0.00E+00 0.00E+00 0.00E+00 0.00E+00 0.00E+00 0.00E+00 0.00E+00 0.00E+00 0.00E+00 0.00E+00 0.00E+00 0.00E+00 0.00E+00 0.00E+00 0.00E+00 0.00E+00 0.00E+00
   0.75  0.180  5.10E+01 2.25E+02 4.03E+03 2.00E+00 3.00E+00 6.00E+00 1.20E+01 1.40E+01 2.10E+01 2.40E+01 2.60E+01 2.80E+01 2.80E+01 2.00E+01 9.00E+00 7.00E+00 6.00E+00 4.00E+00 4.00E+00 3.00E+00 2.00E+00 2.00E+00 2.00E+00 1.00E+00 1.00E+00 0.00E+00 0.00E+00 0.00E+00 0.00E+00 0.00E+00 0.00E+00 0.00E+00 0.00E+00 0.00E+00 0.00E+00 0.00E+00 0.00E+00 0.00E+00 0.00E+00 0.00E+00 0.00E+00 0.00E+00 0.00E+00 0.00E+00 0.00E+00 0.00E+00 0.00E+00 0.00E+00 0.00E+00 0.00E+00 0.00E+00 0.00E+00 0.00E+00
   1.00  0.208  1.32E+02 4.22E+02 8.47E+03 3.00E+00 9.00E+00 1.20E+01 2.00E+01 2.20E+01 2.80E+01 3.10E+01 3.50E+01 3.70E+01 3.80E+01 3.10E+01 3.20E+01 3.20E+01 3.20E+01 2.20E+01 1.30E+01 7.00E+00 4.00E+00 4.00E+00 3.00E+00 2.00E+00 2.00E+00 2.00E+00 1.00E+00 0.00E+00 0.00E+00 0.00E+00 0.00E+00 0.00E+00 0.00E+00 0.00E+00 0.00E+00 0.00E+00 0.00E+00 0.00E+00 0.00E+00 0.00E+00 0.00E+00 0.00E+00 0.00E+00 0.00E+00 0.00E+00 0.00E+00 0.00E+00 0.00E+00 0.00E+00 0.00E+00 0.00E+00 0.00E+00 0.00E+00
   1.25  0.232  3.05E+02 9.61E+02 1.85E+04 1.40E+01 3.10E+01 4.00E+01 5.30E+01 5.90E+01 6.90E+01 7.50E+01 7.90E+01 8.30E+01 8.90E+01 5.90E+01 5.00E+01 5.20E+01 4.60E+01 3.70E+01 3.60E+01 3.40E+01 2.40E+01 9.00E+00 7.00E+00 4.00E+00 4.00E+00 2.00E+00 2.00E+00 2.00E+00 1.00E+00 0.00E+00 0.00E+00 0.00E+00 0.00E+00 0.00E+00 0.00E+00 0.00E+00 0.00E+00 0.00E+00 0.00E+00 0.00E+00 0.00E+00 0.00E+00 0.00E+00 0.00E+00 0.00E+00 0.00E+00 0.00E+00 0.00E+00 0.00E+00 0.00E+00 0.00E+00 0.00E+00 0.00E+00
   1.50  0.254  6.94E+02 2.15E+03 4.23E+04 2.30E+01 5.20E+01 7.60E+01 1.04E+02 1.25E+02 1.53E+02 1.71E+02 1.88E+02 2.03E+02 2.13E+02 1.68E+02 1.26E+02 1.16E+02 1.05E+02 6.70E+01 6.10E+01 5.60E+01 4.00E+01 3.50E+01 3.30E+01 1.60E+01 7.00E+00 4.00E+00 4.00E+00 2.00E+00 2.00E+00 2.00E+00 1.00E+00 0.00E+00 0.00E+00 0.00E+00 0.00E+00 0.00E+00 0.00E+00 0.00E+00 0.00E+00 0.00E+00 0.00E+00 0.00E+00 0.00E+00 0.00E+00 0.00E+00 0.00E+00 0.00E+00 0.00E+00 0.00E+00 0.00E+00 0.00E+00 0.00E+00 0.00E+00
   1.75  0.275  1.51E+03 4.37E+03 8.80E+04 5.70E+01 1.22E+02 1.66E+02 2.13E+02 2.46E+02 2.84E+02 3.09E+02 3.37E+02 3.63E+02 3.88E+02 2.97E+02 2.80E+02 2.81E+02 2.62E+02 1.88E+02 1.52E+02 1.17E+02 7.50E+01 6.10E+01 5.10E+01 3.90E+01 3.40E+01 2.20E+01 9.00E+00 4.00E+00 4.00E+00 2.00E+00 2.00E+00 2.00E+00 1.00E+00 0.00E+00 0.00E+00 0.00E+00 0.00E+00 0.00E+00 0.00E+00 0.00E+00 0.00E+00 0.00E+00 0.00E+00 0.00E+00 0.00E+00 0.00E+00 0.00E+00 0.00E+00 0.00E+00 0.00E+00 0.00E+00 0.00E+00 0.00E+00
   2.00  0.294  3.11E+03 8.44E+03 1.75E+05 1.01E+02 2.07E+02 2.95E+02 3.88E+02 4.63E+02 5.40E+02 5.98E+02 6.53E+02 7.00E+02 7.39E+02 5.92E+02 5.04E+02 4.94E+02 4.73E+02 3.50E+02 3.26E+02 2.96E+02 2.17E+02 1.38E+02 1.17E+02 6.80E+01 6.00E+01 4.00E+01 3.50E+01 2.40E+01 9.00E+00 4.00E+00 4.00E+00 2.00E+00 2.00E+00 1.00E+00 0.00E+00 0.00E+00 0.00E+00 0.00E+00 0.00E+00 0.00E+00 0.00E+00 0.00E+00 0.00E+00 0.00E+00 0.00E+00 0.00E+00 0.00E+00 0.00E+00 0.00E+00 0.00E+00 0.00E+00 0.00E+00 0.00E+00
   2.25  0.312  6.49E+03 1.86E+04 3.80E+05 2.08E+02 4.23E+02 6.26E+02 8.43E+02 1.05E+03 1.24E+03 1.40E+03 1.55E+03 1.67E+03 1.76E+03 1.37E+03 1.07E+03 1.02E+03 9.36E+02 6.90E+02 6.13E+02 5.38E+02 4.05E+02 3.37E+02 2.97E+02 1.84E+02 1.25E+02 7.30E+01 6.20E+01 4.00E+01 3.50E+01 2.40E+01 7.00E+00 4.00E+00 3.00E+00 2.00E+00 2.00E+00 1.00E+00 0.00E+00 0.00E+00 0.00E+00 0.00E+00 0.00E+00 0.00E+00 0.00E+00 0.00E+00 0.00E+00 0.00E+00 0.00E+00 0.00E+00 0.00E+00 0.00E+00 0.00E+00 0.00E+00 0.00E+00
   2.50  0.328  1.34E+04 3.70E+04 7.74E+05 4.42E+02 8.68E+02 1.26E+03 1.64E+03 1.98E+03 2.29E+03 2.56E+03 2.82E+03 3.04E+03 3.23E+03 2.60E+03 2.38E+03 2.36E+03 2.22E+03 1.60E+03 1.33E+03 1.09E+03 8.12E+02 6.17E+02 5.59E+02 3.90E+02 3.24E+02 2.13E+02 1.44E+02 7.80E+01 6.20E+01 4.00E+01 3.40E+01 2.20E+01 7.00E+00 4.00E+00 2.00E+00 2.00E+00 1.00E+00 0.00E+00 0.00E+00 0.00E+00 0.00E+00 0.00E+00 0.00E+00 0.00E+00 0.00E+00 0.00E+00 0.00E+00 0.00E+00 0.00E+00 0.00E+00 0.00E+00 0.00E+00 0.00E+00
   2.75  0.344  2.74E+04 7.42E+04 1.57E+06 8.30E+02 1.65E+03 2.44E+03 3.22E+03 3.92E+03 4.58E+03 5.17E+03 5.70E+03 6.13E+03 6.50E+03 5.23E+03 4.46E+03 4.38E+03 4.15E+03 3.19E+03 2.94E+03 2.60E+03 1.93E+03 1.32E+03 1.14E+03 7.61E+02 6.12E+02 4.24E+02 3.54E+02 2.32E+02 1.47E+02 7.90E+01 6.00E+01 4.00E+01 3.40E+01 1.30E+01 5.00E+00 4.00E+00 2.00E+00 2.00E+00 1.00E+00 0.00E+00 0.00E+00 0.00E+00 0.00E+00 0.00E+00 0.00E+00 0.00E+00 0.00E+00 0.00E+00 0.00E+00 0.00E+00 0.00E+00 0.00E+00 0.00E+00
   3.00  0.360  5.53E+04 1.50E+05 3.19E+06 1.66E+03 3.29E+03 4.85E+03 6.38E+03 7.78E+03 9.12E+03 1.03E+04 1.14E+04 1.23E+04 1.30E+04 1.05E+04 9.09E+03 8.97E+03 8.43E+03 6.38E+03 5.65E+03 4.90E+03 3.77E+03 3.06E+03 2.72E+03 1.76E+03 1.28E+03 8.62E+02 6.74E+02 4.50E+02 3.64E+02 2.36E+02 1.35E+02 7.80E+01 5.80E+01 3.70E+01 2.90E+01 7.00E+00 4.00E+00 3.00E+00 2.00E+00 1.00E+00 0.00E+00 0.00E+00 0.00E+00 0.00E+00 0.00E+00 0.00E+00 0.00E+00 0.00E+00 0.00E+00 0.00E+00 0.00E+00 0.00E+00 0.00E+00
   3.25  0.374  1.11E+05 2.93E+05 6.33E+06 3.24E+03 6.44E+03 9.46E+03 1.23E+04 1.49E+04 1.74E+04 1.95E+04 2.15E+04 2.33E+04 2.49E+04 2.02E+04 1.80E+04 1.80E+04 1.71E+04 1.31E+04 1.16E+04 1.00E+04 7.65E+03 5.80E+03 5.19E+03 3.72E+03 3.04E+03 2.03E+03 1.47E+03 9.32E+02 6.91E+02 4.58E+02 3.48E+02 2.24E+02 1.31E+02 6.40E+01 4.30E+01 3.40E+01 1.60E+01 5.00E+00 4.00E+00 2.00E+00 2.00E+00 1.00E+00 0.00E+00 0.00E+00 0.00E+00 0.00E+00 0.00E+00 0.00E+00 0.00E+00 0.00E+00 0.00E+00 0.00E+00 0.00E+00
   3.50  0.389  2.16E+05 5.54E+05 1.22E+07 5.73E+03 1.14E+04 1.69E+04 2.22E+04 2.72E+04 3.19E+04 3.61E+04 3.99E+04 4.32E+04 4.61E+04 3.86E+04 3.39E+04 3.38E+04 3.23E+04 2.52E+04 2.30E+04 2.05E+04 1.58E+04 1.21E+04 1.07E+04 7.42E+03 5.82E+03 4.14E+03 3.40E+03 2.24E+03 1.52E+03 9.60E+02 6.76E+02 4.53E+02 3.40E+02 1.74E+02 8.80E+01 6.10E+01 3.70E+01 3.00E+01 7.00E+00 4.00E+00 2.00E+00 2.00E+00 1.00E+00 0.00E+00 0.00E+00 0.00E+00 0.00E+00 0.00E+00 0.00E+00 0.00E+00 0.00E+00 0.00E+00 0.00E+00
   3.75  0.402  4.13E+05 1.02E+06 2.29E+07 1.03E+04 2.05E+04 3.04E+04 3.99E+04 4.88E+04 5.72E+04 6.48E+04 7.17E+04 7.78E+04 8.30E+04 6.99E+04 6.27E+04 6.27E+04 6.00E+04 4.76E+04 4.32E+04 3.85E+04 3.01E+04 2.41E+04 2.18E+04 1.53E+04 1.21E+04 8.42E+03 6.58E+03 4.42E+03 3.50E+03 2.30E+03 1.45E+03 9.37E+02 6.56E+02 3.97E+02 2.61E+02 1.37E+02 7.10E+01 4.60E+01 3.40E+01 1.30E+01 4.00E+00 3.00E+00 2.00E+00 1.00E+00 0.00E+00 0.00E+00 0.00E+00 0.00E+00 0.00E+00 0.00E+00 0.00E+00 0.00E+00 0.00E+00
   4.00  0.415  7.68E+05 1.81E+06 4.15E+07 1.77E+04 3.52E+04 5.21E+04 6.84E+04 8.37E+04 9.79E+04 1.11E+05 1.23E+05 1.33E+05 1.43E+05 1.22E+05 1.11E+05 1.12E+05 1.08E+05 8.68E+04 7.97E+04 7.14E+04 5.69E+04 4.52E+04 4.11E+04 2.98E+04 2.43E+04 1.74E+04 1.37E+04 9.12E+03 6.80E+03 4.57E+03 3.41E+03 2.22E+03 1.40E+03 7.90E+02 5.03E+02 3.56E+02 1.91E+02 9.30E+01 6.10E+01 3.70E+01 2.20E+01 7.00E+00 4.00E+00 2.00E+00 1.00E+00 0.00E+00 0.00E+00 0.00E+00 0.00E+00 0.00E+00 0.00E+00 0.00E+00 0.00E+00
   4.25  0.428  1.39E+06 3.12E+06 7.28E+07 2.93E+04 5.82E+04 8.64E+04 1.14E+05 1.40E+05 1.64E+05 1.86E+05 2.06E+05 2.24E+05 2.40E+05 2.08E+05 1.89E+05 1.91E+05 1.85E+05 1.51E+05 1.40E+05 1.28E+05 1.03E+05 8.34E+04 7.60E+04 5.57E+04 4.55E+04 3.31E+04 2.71E+04 1.87E+04 1.41E+04 9.38E+03 6.59E+03 4.53E+03 3.32E+03 1.77E+03 1.07E+03 6.93E+02 4.18E+02 2.78E+02 1.35E+02 6.40E+01 4.00E+01 3.30E+01 7.00E+00 4.00E+00 2.00E+00 2.00E+00 0.00E+00 0.00E+00 0.00E+00 0.00E+00 0.00E+00 0.00E+00 0.00E+00
   4.50  0.441  2.43E+06 5.27E+06 1.25E+08 4.85E+04 9.63E+04 1.43E+05 1.87E+05 2.30E+05 2.69E+05 3.05E+05 3.39E+05 3.68E+05 3.95E+05 3.44E+05 3.18E+05 3.21E+05 3.12E+05 2.58E+05 2.39E+05 2.18E+05 1.78E+05 1.48E+05 1.36E+05 1.02E+05 8.43E+04 6.23E+04 5.07E+04 3.56E+04 2.79E+04 1.92E+04 1.35E+04 9.18E+03 6.37E+03 3.93E+03 2.56E+03 1.50E+03 8.58E+02 5.22E+02 3.52E+02 1.74E+02 7.80E+01 5.30E+01 3.40E+01 9.00E+00 4.00E+00 2.00E+00 2.00E+00 1.00E+00 0.00E+00 0.00E+00 0.00E+00 0.00E+00 0.00E+00
   4.75  0.453  4.18E+06 8.71E+06 2.10E+08 7.80E+04 1.55E+05 2.30E+05 3.02E+05 3.70E+05 4.34E+05 4.93E+05 5.46E+05 5.95E+05 6.37E+05 5.60E+05 5.19E+05 5.26E+05 5.14E+05 4.28E+05 4.01E+05 3.68E+05 3.04E+05 2.51E+05 2.32E+05 1.77E+05 1.50E+05 1.13E+05 9.33E+04 6.69E+04 5.21E+04 3.65E+04 2.70E+04 1.88E+04 1.31E+04 7.72E+03 5.01E+03 3.49E+03 1.96E+03 1.15E+03 6.85E+02 4.00E+02 2.27E+02 1.26E+02 6.10E+01 3.50E+01 1.60E+01 4.00E+00 2.00E+00 2.00E+00 1.00E+00 0.00E+00 0.00E+00 0.00E+00 0.00E+00
   5.00  0.464  7.03E+06 1.41E+07 3.45E+08 1.22E+05 2.43E+05 3.62E+05 4.75E+05 5.84E+05 6.85E+05 7.79E+05 8.65E+05 9.42E+05 1.01E+06 8.96E+05 8.34E+05 8.46E+05 8.28E+05 6.95E+05 6.53E+05 6.03E+05 5.02E+05 4.22E+05 3.92E+05 3.01E+05 2.55E+05 1.95E+05 1.64E+05 1.20E+05 9.57E+04 6.84E+04 5.04E+04 3.58E+04 2.63E+04 1.59E+04 1.03E+04 6.76E+03 4.20E+03 2.72E+03 1.46E+03 7.94E+02 4.61E+02 3.22E+02 1.35E+02 6.30E+01 3.70E+01 2.20E+01 5.00E+00 3.00E+00 2.00E+00 1.00E+00 0.00E+00 0.00E+00 0.00E+00
   5.50  0.487  1.95E+07 3.56E+07 8.94E+08 2.96E+05 5.89E+05 8.74E+05 1.15E+06 1.41E+06 1.66E+06 1.89E+06 2.10E+06 2.29E+06 2.46E+06 2.21E+06 2.07E+06 2.11E+06 2.08E+06 1.76E+06 1.67E+06 1.55E+06 1.31E+06 1.11E+06 1.04E+06 8.19E+05 7.05E+05 5.52E+05 4.71E+05 3.54E+05 2.87E+05 2.13E+05 1.65E+05 1.21E+05 9.05E+04 5.81E+04 3.95E+04 2.77E+04 1.71E+04 1.09E+04 6.63E+03 3.97E+03 2.27E+03 1.34E+03 6.85E+02 3.78E+02 1.91E+02 7.80E+01 4.50E+01 3.30E+01 7.00E+00 4.00E+00 2.00E+00 1.00E+00 0.00E+00
   6.00  0.509  4.93E+07 8.39E+07 2.17E+09 6.66E+05 1.32E+06 1.97E+06 2.59E+06 3.18E+06 3.74E+06 4.26E+06 4.74E+06 5.18E+06 5.57E+06 5.06E+06 4.80E+06 4.90E+06 4.85E+06 4.20E+06 4.00E+06 3.75E+06 3.21E+06 2.77E+06 2.60E+06 2.08E+06 1.81E+06 1.44E+06 1.24E+06 9.52E+05 7.90E+05 5.99E+05 4.72E+05 3.57E+05 2.75E+05 1.86E+05 1.33E+05 9.50E+04 6.19E+04 4.17E+04 2.73E+04 1.60E+04 9.37E+03 6.17E+03 3.45E+03 1.61E+03 8.59E+02 4.61E+02 2.74E+02 1.26E+02 5.80E+01 3.40E+01 9.00E+00 4.00E+00 2.00E+00
   6.50  0.530  1.16E+08 1.83E+08 4.87E+09 1.37E+06 2.72E+06 4.04E+06 5.32E+06 6.54E+06 7.70E+06 8.77E+06 9.77E+06 1.07E+07 1.15E+07 1.06E+07 1.02E+07 1.05E+07 1.04E+07 9.18E+06 8.82E+06 8.36E+06 7.26E+06 6.36E+06 6.02E+06 4.90E+06 4.34E+06 3.51E+06 3.06E+06 2.39E+06 2.01E+06 1.56E+06 1.24E+06 9.60E+05 7.58E+05 5.29E+05 3.88E+05 2.87E+05 1.97E+05 1.40E+05 9.41E+04 5.87E+04 3.66E+04 2.54E+04 1.37E+04 7.19E+03 4.22E+03 2.27E+03 1.12E+03 6.38E+02 3.43E+02 1.35E+02 6.30E+01 3.50E+01 9.00E+00
   7.00  0.550  2.54E+08 3.71E+08 1.02E+10 2.63E+06 5.24E+06 7.79E+06 1.03E+07 1.26E+07 1.49E+07 1.69E+07 1.89E+07 2.06E+07 2.22E+07 2.08E+07 2.02E+07 2.08E+07 2.07E+07 1.85E+07 1.79E+07 1.71E+07 1.51E+07 1.34E+07 1.28E+07 1.07E+07 9.56E+06 7.88E+06 6.97E+06 5.58E+06 4.76E+06 3.76E+06 3.06E+06 2.40E+06 1.93E+06 1.38E+06 1.03E+06 7.87E+05 5.55E+05 4.06E+05 2.84E+05 1.88E+05 1.24E+05 8.83E+04 5.11E+04 2.93E+04 1.71E+04 9.37E+03 5.18E+03 3.17E+03 1.42E+03 6.85E+02 3.67E+02 1.51E+02 6.30E+01
   7.50  0.569  5.26E+08 7.14E+08 2.02E+10 4.88E+06 9.71E+06 1.44E+07 1.90E+07 2.34E+07 2.75E+07 3.14E+07 3.50E+07 3.83E+07 4.12E+07 3.88E+07 3.78E+07 3.89E+07 3.90E+07 3.51E+07 3.41E+07 3.28E+07 2.93E+07 2.63E+07 2.53E+07 2.13E+07 1.94E+07 1.63E+07 1.46E+07 1.20E+07 1.04E+07 8.38E+06 6.95E+06 5.59E+06 4.58E+06 3.36E+06 2.57E+06 2.00E+06 1.44E+06 1.08E+06 7.79E+05 5.32E+05 3.63E+05 2.69E+05 1.67E+05 1.00E+05 6.21E+04 3.66E+04 2.17E+04 1.27E+04 6.45E+03 3.45E+03 1.57E+03 7.24E+02 3.76E+02
   8.00  0.587  1.04E+09 1.33E+09 3.84E+10 8.81E+06 1.75E+07 2.61E+07 3.43E+07 4.22E+07 4.97E+07 5.67E+07 6.32E+07 6.91E+07 7.44E+07 7.05E+07 6.90E+07 7.10E+07 7.12E+07 6.45E+07 6.29E+07 6.05E+07 5.43E+07 4.92E+07 4.73E+07 4.04E+07 3.70E+07 3.15E+07 2.85E+07 2.38E+07 2.09E+07 1.72E+07 1.46E+07 1.20E+07 1.00E+07 7.56E+06 5.94E+06 4.71E+06 3.49E+06 2.67E+06 1.98E+06 1.39E+06 9.73E+05 7.41E+05 4.77E+05 3.01E+05 1.97E+05 1.24E+05 7.66E+04 4.80E+04 2.66E+04 1.37E+04 7.01E+03 3.69E+03 1.61E+03
   8.50  0.606  1.97E+09 2.41E+09 7.09E+10 1.56E+07 3.11E+07 4.62E+07 6.09E+07 7.49E+07 8.82E+07 1.01E+08 1.12E+08 1.23E+08 1.32E+08 1.26E+08 1.23E+08 1.27E+08 1.28E+08 1.16E+08 1.13E+08 1.09E+08 9.84E+07 8.95E+07 8.64E+07 7.42E+07 6.82E+07 5.85E+07 5.32E+07 4.48E+07 3.97E+07 3.32E+07 2.85E+07 2.38E+07 2.02E+07 1.57E+07 1.27E+07 1.03E+07 7.82E+06 6.16E+06 4.68E+06 3.37E+06 2.43E+06 1.89E+06 1.25E+06 8.21E+05 5.56E+05 3.63E+05 2.35E+05 1.57E+05 9.18E+04 5.11E+04 2.87E+04 1.48E+04 7.15E+03
   9.00  0.623  3.65E+09 4.29E+09 1.28E+11 2.72E+07 5.40E+07 8.03E+07 1.06E+08 1.30E+08 1.53E+08 1.75E+08 1.95E+08 2.14E+08 2.30E+08 2.20E+08 2.16E+08 2.23E+08 2.24E+08 2.04E+08 2.00E+08 1.93E+08 1.75E+08 1.60E+08 1.54E+08 1.33E+08 1.23E+08 1.06E+08 9.66E+07 8.19E+07 7.30E+07 6.15E+07 5.31E+07 4.48E+07 3.86E+07 3.05E+07 2.50E+07 2.07E+07 1.62E+07 1.31E+07 1.02E+07 7.59E+06 5.64E+06 4.49E+06 3.07E+06 2.08E+06 1.44E+06 9.73E+05 6.56E+05 4.52E+05 2.78E+05 1.67E+05 9.83E+04 5.45E+04 2.93E+04
   9.50  0.640  6.59E+09 7.46E+09 2.25E+11 4.63E+07 9.21E+07 1.37E+08 1.80E+08 2.22E+08 2.61E+08 2.98E+08 3.33E+08 3.64E+08 3.92E+08 3.76E+08 3.71E+08 3.82E+08 3.85E+08 3.53E+08 3.46E+08 3.35E+08 3.05E+08 2.79E+08 2.70E+08 2.34E+08 2.17E+08 1.88E+08 1.72E+08 1.47E+08 1.31E+08 1.11E+08 9.66E+07 8.20E+07 7.11E+07 5.67E+07 4.70E+07 3.94E+07 3.14E+07 2.57E+07 2.06E+07 1.58E+07 1.21E+07 9.85E+06 6.98E+06 4.89E+06 3.49E+06 2.43E+06 1.69E+06 1.19E+06 7.65E+05 4.77E+05 2.95E+05 1.76E+05 1.00E+05
  10.00  0.657  1.16E+10 1.28E+10 3.90E+11 7.78E+07 1.55E+08 2.30E+08 3.03E+08 3.73E+08 4.40E+08 5.02E+08 5.59E+08 6.12E+08 6.60E+08 6.34E+08 6.26E+08 6.46E+08 6.51E+08 5.99E+08 5.87E+08 5.70E+08 5.20E+08 4.78E+08 4.63E+08 4.04E+08 3.75E+08 3.26E+08 3.00E+08 2.57E+08 2.31E+08 1.97E+08 1.72E+08 1.47E+08 1.28E+08 1.03E+08 8.59E+07 7.25E+07 5.83E+07 4.83E+07 3.92E+07 3.06E+07 2.39E+07 1.99E+07 1.46E+07 1.06E+07 7.83E+06 5.64E+06 4.04E+06 2.94E+06 1.94E+06 1.25E+06 8.07E+05 5.02E+05 3.00E+05
  11.00  0.689  3.60E+10 3.59E+10 1.12E+12 2.13E+08 4.25E+08 6.32E+08 8.32E+08 1.02E+09 1.21E+09 1.38E+09 1.54E+09 1.68E+09 1.81E+09 1.75E+09 1.73E+09 1.78E+09 1.80E+09 1.66E+09 1.63E+09 1.59E+09 1.45E+09 1.34E+09 1.30E+09 1.15E+09 1.07E+09 9.36E+08 8.65E+08 7.48E+08 6.76E+08 5.82E+08 5.13E+08 4.42E+08 3.89E+08 3.18E+08 2.69E+08 2.29E+08 1.87E+08 1.57E+08 1.30E+08 1.03E+08 8.25E+07 7.01E+07 5.33E+07 4.05E+07 3.14E+07 2.39E+07 1.83E+07 1.41E+07 1.01E+07 6.98E+06 4.82E+06 3.21E+06 2.07E+06
  12.00  0.719  1.03E+11 9.82E+10 3.10E+12 5.76E+08 1.15E+09 1.70E+09 2.25E+09 2.76E+09 3.26E+09 3.72E+09 4.14E+09 4.54E+09 4.89E+09 4.72E+09 4.67E+09 4.82E+09 4.87E+09 4.51E+09 4.43E+09 4.31E+09 3.96E+09 3.66E+09 3.56E+09 3.13E+09 2.93E+09 2.58E+09 2.39E+09 2.07E+09 1.88E+09 1.63E+09 1.44E+09 1.25E+09 1.11E+09 9.15E+08 7.80E+08 6.73E+08 5.56E+08 4.72E+08 3.95E+08 3.19E+08 2.59E+08 2.22E+08 1.73E+08 1.34E+08 1.06E+08 8.25E+07 6.48E+07 5.18E+07 3.88E+07 2.86E+07 2.11E+07 1.52E+07 1.06E+07
  13.00  0.749  2.85E+11 2.66E+11 8.44E+12 1.55E+09 3.08E+09 4.58E+09 6.03E+09 7.42E+09 8.74E+09 9.98E+09 1.11E+10 1.22E+10 1.31E+10 1.27E+10 1.26E+10 1.30E+10 1.31E+10 1.21E+10 1.19E+10 1.16E+10 1.07E+10 9.87E+09 9.61E+09 8.47E+09 7.91E+09 6.98E+09 6.47E+09 5.63E+09 5.12E+09 4.44E+09 3.94E+09 3.43E+09 3.05E+09 2.53E+09 2.16E+09 1.87E+09 1.56E+09 1.33E+09 1.12E+09 9.18E+08 7.53E+08 6.53E+08 5.16E+08 4.06E+08 3.26E+08 2.59E+08 2.07E+08 1.68E+08 1.28E+08 9.69E+07 7.37E+07 5.50E+07 4.05E+07
  14.00  0.777  7.76E+11 7.17E+11 2.29E+13 4.16E+09 8.28E+09 1.23E+10 1.62E+10 2.00E+10 2.35E+10 2.68E+10 2.99E+10 3.28E+10 3.53E+10 3.41E+10 3.38E+10 3.49E+10 3.53E+10 3.26E+10 3.21E+10 3.13E+10 2.87E+10 2.66E+10 2.59E+10 2.29E+10 2.14E+10 1.88E+10 1.75E+10 1.52E+10 1.38E+10 1.20E+10 1.07E+10 9.30E+09 8.26E+09 6.87E+09 5.89E+09 5.11E+09 4.27E+09 3.66E+09 3.09E+09 2.54E+09 2.09E+09 1.82E+09 1.45E+09 1.15E+09 9.37E+08 7.53E+08 6.10E+08 5.02E+08 3.91E+08 3.01E+08 2.33E+08 1.78E+08 1.33E+08
  15.00  0.804  2.10E+12 1.94E+12 6.19E+13 1.12E+10 2.23E+10 3.31E+10 4.36E+10 5.37E+10 6.32E+10 7.22E+10 8.05E+10 8.82E+10 9.51E+10 9.18E+10 9.10E+10 9.41E+10 9.50E+10 8.81E+10 8.67E+10 8.45E+10 7.76E+10 7.19E+10 7.00E+10 6.18E+10 5.78E+10 5.10E+10 4.73E+10 4.12E+10 3.75E+10 3.26E+10 2.89E+10 2.52E+10 2.24E+10 1.86E+10 1.60E+10 1.39E+10 1.16E+10 9.92E+09 8.40E+09 6.90E+09 5.70E+09 4.98E+09 3.97E+09 3.17E+09 2.59E+09 2.09E+09 1.71E+09 1.42E+09 1.11E+09 8.70E+08 6.83E+08 5.29E+08 4.06E+08
  16.00  0.831  5.68E+12 5.21E+12 1.67E+14 3.00E+10 5.96E+10 8.86E+10 1.17E+11 1.44E+11 1.69E+11 1.93E+11 2.16E+11 2.36E+11 2.55E+11 2.46E+11 2.45E+11 2.53E+11 2.55E+11 2.37E+11 2.33E+11 2.28E+11 2.09E+11 1.94E+11 1.89E+11 1.67E+11 1.56E+11 1.38E+11 1.28E+11 1.12E+11 1.02E+11 8.84E+10 7.86E+10 6.85E+10 6.08E+10 5.05E+10 4.34E+10 3.76E+10 3.14E+10 2.69E+10 2.28E+10 1.87E+10 1.55E+10 1.35E+10 1.08E+10 8.62E+09 7.04E+09 5.71E+09 4.66E+09 3.88E+09 3.06E+09 2.41E+09 1.90E+09 1.49E+09 1.15E+09
  17.00  0.856  1.53E+13 1.40E+13 4.49E+14 7.95E+10 1.58E+11 2.35E+11 3.10E+11 3.82E+11 4.50E+11 5.14E+11 5.73E+11 6.28E+11 6.78E+11 6.56E+11 6.52E+11 6.74E+11 6.82E+11 6.33E+11 6.24E+11 6.09E+11 5.62E+11 5.22E+11 5.08E+11 4.50E+11 4.21E+11 3.73E+11 3.47E+11 3.02E+11 2.75E+11 2.40E+11 2.13E+11 1.86E+11 1.65E+11 1.37E+11 1.18E+11 1.02E+11 8.55E+10 7.33E+10 6.20E+10 5.09E+10 4.21E+10 3.67E+10 2.93E+10 2.34E+10 1.91E+10 1.55E+10 1.27E+10 1.05E+10 8.33E+09 6.55E+09 5.19E+09 4.07E+09 3.17E+09
  18.00  0.881  4.07E+13 3.70E+13 1.20E+15 2.08E+11 4.15E+11 6.17E+11 8.13E+11 1.00E+12 1.18E+12 1.35E+12 1.50E+12 1.65E+12 1.78E+12 1.72E+12 1.72E+12 1.78E+12 1.80E+12 1.67E+12 1.65E+12 1.61E+12 1.49E+12 1.39E+12 1.35E+12 1.20E+12 1.12E+12 9.97E+11 9.28E+11 8.11E+11 7.40E+11 6.45E+11 5.75E+11 5.02E+11 4.46E+11 3.72E+11 3.20E+11 2.78E+11 2.32E+11 1.99E+11 1.68E+11 1.38E+11 1.14E+11 9.97E+10 7.97E+10 6.37E+10 5.20E+10 4.21E+10 3.44E+10 2.86E+10 2.26E+10 1.78E+10 1.41E+10 1.11E+10 8.61E+09
  19.00  0.905  1.08E+14 9.67E+13 3.15E+15 5.38E+11 1.07E+12 1.59E+12 2.10E+12 2.58E+12 3.05E+12 3.48E+12 3.89E+12 4.26E+12 4.60E+12 4.47E+12 4.45E+12 4.61E+12 4.67E+12 4.36E+12 4.31E+12 4.21E+12 3.90E+12 3.63E+12 3.55E+12 3.16E+12 2.96E+12 2.63E+12 2.45E+12 2.15E+12 1.96E+12 1.72E+12 1.53E+12 1.34E+12 1.19E+12 9.97E+11 8.59E+11 7.48E+11 6.27E+11 5.38E+11 4.56E+11 3.75E+11 3.11E+11 2.71E+11 2.17E+11 1.73E+11 1.42E+11 1.15E+11 9.35E+10 7.77E+10 6.15E+10 4.83E+10 3.83E+10 3.00E+10 2.34E+10
  20.00  0.929  2.80E+14 2.49E+14 8.16E+15 1.37E+12 2.72E+12 4.04E+12 5.33E+12 6.57E+12 7.74E+12 8.85E+12 9.88E+12 1.08E+13 1.17E+13 1.14E+13 1.14E+13 1.18E+13 1.19E+13 1.12E+13 1.10E+13 1.08E+13 1.00E+13 9.37E+12 9.16E+12 8.17E+12 7.68E+12 6.84E+12 6.39E+12 5.61E+12 5.14E+12 4.50E+12 4.03E+12 3.53E+12 3.15E+12 2.64E+12 2.28E+12 1.99E+12 1.67E+12 1.44E+12 1.22E+12 1.01E+12 8.35E+11 7.29E+11 5.85E+11 4.68E+11 3.84E+11 3.11E+11 2.54E+11 2.11E+11 1.67E+11 1.31E+11 1.04E+11 8.17E+10 6.36E+10
  22.50  0.985  3.67E+15 2.47E+15 8.25E+16 1.31E+13 2.60E+13 3.87E+13 5.10E+13 6.28E+13 7.41E+13 8.48E+13 9.47E+13 1.04E+14 1.12E+14 1.10E+14 1.10E+14 1.14E+14 1.16E+14 1.09E+14 1.08E+14 1.06E+14 9.91E+13 9.30E+13 9.11E+13 8.19E+13 7.72E+13 6.93E+13 6.50E+13 5.75E+13 5.29E+13 4.66E+13 4.19E+13 3.70E+13 3.32E+13 2.81E+13 2.44E+13 2.14E+13 1.81E+13 1.57E+13 1.34E+13 1.12E+13 9.33E+12 8.19E+12 6.62E+12 5.35E+12 4.41E+12 3.60E+12 2.96E+12 2.47E+12 1.97E+12 1.56E+12 1.24E+12 9.81E+11 7.67E+11
  25.00  1.038  3.44E+16 2.21E+16 7.54E+17 1.13E+14 2.25E+14 3.35E+14 4.42E+14 5.44E+14 6.43E+14 7.35E+14 8.22E+14 9.03E+14 9.77E+14 9.60E+14 9.64E+14 1.00E+15 1.02E+15 9.64E+14 9.59E+14 9.44E+14 8.85E+14 8.34E+14 8.19E+14 7.41E+14 7.01E+14 6.33E+14 5.96E+14 5.30E+14 4.90E+14 4.35E+14 3.93E+14 3.49E+14 3.15E+14 2.68E+14 2.35E+14 2.07E+14 1.77E+14 1.54E+14 1.33E+14 1.11E+14 9.40E+13 8.29E+13 6.77E+13 5.52E+13 4.60E+13 3.79E+13 3.14E+13 2.64E+13 2.13E+13 1.70E+13 1.37E+13 1.09E+13 8.60E+12
  30.00  1.138  3.51E+18 1.37E+18 4.84E+19 6.55E+15 1.30E+16 1.94E+16 2.56E+16 3.16E+16 3.74E+16 4.28E+16 4.79E+16 5.27E+16 5.71E+16 5.65E+16 5.71E+16 5.95E+16 6.08E+16 5.80E+16 5.79E+16 5.73E+16 5.41E+16 5.14E+16 5.07E+16 4.63E+16 4.41E+16 4.02E+16 3.81E+16 3.43E+16 3.19E+16 2.86E+16 2.62E+16 2.35E+16 2.14E+16 1.85E+16 1.63E+16 1.46E+16 1.26E+16 1.11E+16 9.69E+15 8.25E+15 7.06E+15 6.29E+15 5.23E+15 4.34E+15 3.67E+15 3.07E+15 2.59E+15 2.21E+15 1.81E+15 1.48E+15 1.21E+15 9.84E+14 7.93E+14
  40.00  1.314  1.16E+22 2.32E+21 8.72E+22 1.00E+19 1.99E+19 2.97E+19 3.92E+19 4.85E+19 5.73E+19 6.58E+19 7.38E+19 8.13E+19 8.83E+19 8.85E+19 9.01E+19 9.42E+19 9.67E+19 9.34E+19 9.40E+19 9.36E+19 8.96E+19 8.60E+19 8.54E+19 7.93E+19 7.62E+19 7.06E+19 6.75E+19 6.17E+19 5.81E+19 5.30E+19 4.90E+19 4.47E+19 4.12E+19 3.63E+19 3.27E+19 2.96E+19 2.62E+19 2.34E+19 2.08E+19 1.81E+19 1.58E+19 1.43E+19 1.22E+19 1.04E+19 8.96E+18 7.68E+18 6.61E+18 5.76E+18 4.86E+18 4.07E+18 3.43E+18 2.86E+18 2.38E+18
  50.00  1.469  7.68E+24 1.53E+24 6.03E+25 6.05E+21 1.21E+22 1.80E+22 2.38E+22 2.94E+22 3.48E+22 4.00E+22 4.49E+22 4.96E+22 5.39E+22 5.45E+22 5.59E+22 5.85E+22 6.03E+22 5.89E+22 5.95E+22 5.95E+22 5.75E+22 5.57E+22 5.55E+22 5.21E+22 5.04E+22 4.72E+22 4.54E+22 4.20E+22 3.99E+22 3.68E+22 3.43E+22 3.17E+22 2.95E+22 2.63E+22 2.40E+22 2.20E+22 1.97E+22 1.78E+22 1.60E+22 1.41E+22 1.25E+22 1.14E+22 9.90E+21 8.57E+21 7.52E+21 6.55E+21 5.72E+21 5.06E+21 4.34E+21 3.70E+21 3.18E+21 2.70E+21 2.29E+21
  60.00  1.609  8.36E+27 1.67E+27 7.12E+28 5.11E+24 1.02E+25 1.52E+25 2.01E+25 2.49E+25 2.95E+25 3.39E+25 3.82E+25 4.22E+25 4.59E+25 4.94E+25 5.27E+25 5.57E+25 5.85E+25 6.10E+25 6.32E+25 6.52E+25 6.70E+25 6.86E+25 7.00E+25 5.83E+25 5.38E+25 5.15E+25 4.96E+25 4.79E+25 4.74E+25 4.62E+25 4.59E+25 3.89E+25 3.44E+25 3.12E+25 2.91E+25 2.79E+25 2.70E+25 2.43E+25 1.99E+25 1.80E+25 1.66E+25 1.58E+25 1.50E+25 1.16E+25 1.02E+25 9.30E+24 8.63E+24 8.33E+24 6.21E+24 5.45E+24 4.89E+24 4.67E+24 3.52E+24
  70.00  1.738  2.19E+30 4.36E+29 1.92E+31 1.26E+27 2.52E+27 3.76E+27 4.97E+27 6.16E+27 7.31E+27 8.41E+27 9.47E+27 1.05E+28 1.14E+28 1.23E+28 1.31E+28 1.39E+28 1.46E+28 1.53E+28 1.58E+28 1.64E+28 1.69E+28 1.73E+28 1.76E+28 1.50E+28 1.39E+28 1.34E+28 1.30E+28 1.26E+28 1.25E+28 1.22E+28 1.21E+28 1.04E+28 9.33E+27 8.55E+27 8.00E+27 7.70E+27 7.46E+27 6.77E+27 5.65E+27 5.15E+27 4.79E+27 4.55E+27 4.33E+27 3.42E+27 3.04E+27 2.80E+27 2.61E+27 2.52E+27 1.93E+27 1.71E+27 1.54E+27 1.47E+27 1.14E+27
  80.00  1.858  4.04E+32 7.99E+31 3.61E+33 2.20E+29 4.39E+29 6.56E+29 8.68E+29 1.08E+30 1.28E+30 1.47E+30 1.66E+30 1.84E+30 2.00E+30 2.16E+30 2.31E+30 2.45E+30 2.58E+30 2.69E+30 2.80E+30 2.90E+30 2.99E+30 3.06E+30 3.13E+30 2.69E+30 2.52E+30 2.44E+30 2.37E+30 2.31E+30 2.30E+30 2.25E+30 2.24E+30 1.95E+30 1.76E+30 1.62E+30 1.53E+30 1.47E+30 1.43E+30 1.31E+30 1.11E+30 1.01E+30 9.49E+29 9.04E+29 8.61E+29 6.94E+29 6.22E+29 5.74E+29 5.37E+29 5.19E+29 4.05E+29 3.63E+29 3.29E+29 3.15E+29 2.47E+29
  90.00  1.970  5.54E+34 1.09E+34 5.07E+35 2.88E+31 5.74E+31 8.57E+31 1.14E+32 1.41E+32 1.67E+32 1.93E+32 2.17E+32 2.41E+32 2.63E+32 2.84E+32 3.04E+32 3.22E+32 3.40E+32 3.55E+32 3.70E+32 3.83E+32 3.95E+32 4.06E+32 4.16E+32 3.61E+32 3.41E+32 3.31E+32 3.23E+32 3.15E+32 3.14E+32 3.08E+32 3.08E+32 2.70E+32 2.46E+32 2.28E+32 2.15E+32 2.08E+32 2.03E+32 1.86E+32 1.59E+32 1.47E+32 1.38E+32 1.32E+32 1.26E+32 1.03E+32 9.29E+31 8.62E+31 8.07E+31 7.81E+31 6.21E+31 5.59E+31 5.09E+31 4.88E+31 3.90E+31
 100.00  2.077  5.93E+36 1.16E+36 5.52E+37 2.95E+33 5.87E+33 8.77E+33 1.16E+34 1.44E+34 1.71E+34 1.98E+34 2.23E+34 2.47E+34 2.70E+34 2.92E+34 3.13E+34 3.32E+34 3.50E+34 3.67E+34 3.82E+34 3.96E+34 4.09E+34 4.21E+34 4.31E+34 3.78E+34 3.59E+34 3.50E+34 3.42E+34 3.35E+34 3.34E+34 3.29E+34 3.28E+34 2.91E+34 2.66E+34 2.48E+34 2.35E+34 2.28E+34 2.22E+34 2.05E+34 1.78E+34 1.64E+34 1.55E+34 1.48E+34 1.42E+34 1.17E+34 1.07E+34 9.93E+33 9.33E+33 9.04E+33 7.28E+33 6.60E+33 6.03E+33 5.78E+33 4.68E+33
 110.00  2.178  5.12E+38 1.00E+38 4.85E+39 2.44E+35 4.86E+35 7.27E+35 9.63E+35 1.19E+36 1.42E+36 1.64E+36 1.85E+36 2.05E+36 2.25E+36 2.43E+36 2.60E+36 2.77E+36 2.92E+36 3.06E+36 3.19E+36 3.31E+36 3.42E+36 3.52E+36 3.61E+36 3.20E+36 3.05E+36 2.98E+36 2.92E+36 2.87E+36 2.86E+36 2.82E+36 2.82E+36 2.51E+36 2.32E+36 2.17E+36 2.06E+36 2.01E+36 1.96E+36 1.82E+36 1.58E+36 1.47E+36 1.39E+36 1.34E+36 1.28E+36 1.07E+36 9.77E+35 9.13E+35 8.59E+35 8.33E+35 6.80E+35 6.19E+35 5.67E+35 5.45E+35 4.46E+35
 120.00  2.275  3.67E+40 7.13E+39 3.52E+41 1.68E+37 3.35E+37 5.00E+37 6.63E+37 8.23E+37 9.79E+37 1.13E+38 1.28E+38 1.42E+38 1.55E+38 1.68E+38 1.80E+38 1.91E+38 2.02E+38 2.12E+38 2.21E+38 2.30E+38 2.38E+38 2.45E+38 2.51E+38 2.24E+38 2.14E+38 2.10E+38 2.06E+38 2.03E+38 2.03E+38 2.01E+38 2.01E+38 1.80E+38 1.67E+38 1.57E+38 1.50E+38 1.46E+38 1.42E+38 1.32E+38 1.16E+38 1.09E+38 1.03E+38 9.90E+37 9.49E+37 8.02E+37 7.35E+37 6.89E+37 6.50E+37 6.30E+37 5.20E+37 4.75E+37 4.37E+37 4.20E+37 3.48E+37
 130.00  2.368  2.23E+42 4.31E+41 2.17E+43 9.82E+38 1.96E+39 2.93E+39 3.88E+39 4.82E+39 5.73E+39 6.62E+39 7.48E+39 8.31E+39 9.10E+39 9.85E+39 1.06E+40 1.12E+40 1.19E+40 1.25E+40 1.30E+40 1.35E+40 1.40E+40 1.44E+40 1.48E+40 1.33E+40 1.28E+40 1.26E+40 1.24E+40 1.22E+40 1.22E+40 1.21E+40 1.21E+40 1.09E+40 1.01E+40 9.57E+39 9.16E+39 8.93E+39 8.73E+39 8.16E+39 7.22E+39 6.76E+39 6.43E+39 6.18E+39 5.93E+39 5.06E+39 4.66E+39 4.37E+39 4.13E+39 4.01E+39 3.34E+39 3.07E+39 2.83E+39 2.72E+39 2.27E+39
 140.00  2.457  1.17E+44 2.25E+43 1.15E+45 4.96E+40 9.91E+40 1.48E+41 1.96E+41 2.44E+41 2.90E+41 3.35E+41 3.79E+41 4.21E+41 4.61E+41 5.00E+41 5.36E+41 5.71E+41 6.04E+41 6.34E+41 6.63E+41 6.89E+41 7.14E+41 7.37E+41 7.57E+41 6.83E+41 6.58E+41 6.48E+41 6.39E+41 6.31E+41 6.33E+41 6.27E+41 6.28E+41 5.69E+41 5.32E+41 5.03E+41 4.82E+41 4.71E+41 4.61E+41 4.33E+41 3.85E+41 3.61E+41 3.44E+41 3.32E+41 3.19E+41 2.74E+41 2.53E+41 2.38E+41 2.25E+41 2.19E+41 1.84E+41 1.69E+41 1.57E+41 1.51E+41 1.27E+41
 150.00  2.544  5.35E+45 1.03E+45 5.33E+46 2.20E+42 4.39E+42 6.57E+42 8.71E+42 1.08E+43 1.29E+43 1.49E+43 1.68E+43 1.87E+43 2.05E+43 2.22E+43 2.39E+43 2.54E+43 2.69E+43 2.83E+43 2.96E+43 3.08E+43 3.19E+43 3.29E+43 3.39E+43 3.07E+43 2.97E+43 2.93E+43 2.89E+43 2.86E+43 2.87E+43 2.85E+43 2.85E+43 2.60E+43 2.44E+43 2.31E+43 2.22E+43 2.17E+43 2.13E+43 2.00E+43 1.79E+43 1.69E+43 1.61E+43 1.55E+43 1.49E+43 1.29E+43 1.20E+43 1.13E+43 1.07E+43 1.04E+43 8.82E+42 8.14E+42 7.55E+42 7.27E+42 6.16E+42
 160.00  2.627  2.18E+47 4.15E+46 2.19E+48 8.68E+43 1.73E+44 2.59E+44 3.44E+44 4.27E+44 5.08E+44 5.87E+44 6.64E+44 7.39E+44 8.10E+44 8.79E+44 9.44E+44 1.01E+45 1.06E+45 1.12E+45 1.17E+45 1.22E+45 1.26E+45 1.31E+45 1.34E+45 1.23E+45 1.19E+45 1.17E+45 1.16E+45 1.15E+45 1.16E+45 1.15E+45 1.15E+45 1.05E+45 9.89E+44 9.40E+44 9.06E+44 8.87E+44 8.70E+44 8.20E+44 7.37E+44 6.96E+44 6.66E+44 6.43E+44 6.19E+44 5.39E+44 5.01E+44 4.74E+44 4.49E+44 4.38E+44 3.73E+44 3.45E+44 3.21E+44 3.09E+44 2.64E+44
 170.00  2.708  7.96E+48 1.51E+48 8.06E+49 3.07E+45 6.13E+45 9.16E+45 1.22E+46 1.51E+46 1.80E+46 2.08E+46 2.35E+46 2.62E+46 2.87E+46 3.12E+46 3.35E+46 3.57E+46 3.78E+46 3.98E+46 4.17E+46 4.34E+46 4.50E+46 4.65E+46 4.79E+46 4.38E+46 4.26E+46 4.22E+46 4.18E+46 4.14E+46 4.17E+46 4.14E+46 4.15E+46 3.81E+46 3.60E+46 3.43E+46 3.31E+46 3.24E+46 3.18E+46 3.01E+46 2.71E+46 2.57E+46 2.46E+46 2.38E+46 2.30E+46 2.01E+46 1.87E+46 1.77E+46 1.68E+46 1.64E+46 1.41E+46 1.31E+46 1.22E+46 1.17E+46 1.01E+46
 180.00  2.787  2.63E+50 4.95E+49 2.68E+51 9.85E+46 1.97E+47 2.94E+47 3.90E+47 4.85E+47 5.77E+47 6.68E+47 7.56E+47 8.41E+47 9.23E+47 1.00E+48 1.08E+48 1.15E+48 1.22E+48 1.28E+48 1.34E+48 1.40E+48 1.45E+48 1.50E+48 1.55E+48 1.42E+48 1.38E+48 1.37E+48 1.36E+48 1.35E+48 1.36E+48 1.35E+48 1.36E+48 1.25E+48 1.18E+48 1.13E+48 1.09E+48 1.07E+48 1.05E+48 9.97E+47 9.03E+47 8.56E+47 8.22E+47 7.96E+47 7.68E+47 6.75E+47 6.31E+47 5.98E+47 5.70E+47 5.55E+47 4.78E+47 4.45E+47 4.15E+47 4.01E+47 3.46E+47
 190.00  2.863  7.93E+51 1.48E+51 8.14E+52 2.88E+48 5.75E+48 8.60E+48 1.14E+49 1.42E+49 1.69E+49 1.96E+49 2.21E+49 2.46E+49 2.71E+49 2.94E+49 3.16E+49 3.37E+49 3.57E+49 3.76E+49 3.94E+49 4.11E+49 4.27E+49 4.42E+49 4.55E+49 4.20E+49 4.09E+49 4.06E+49 4.04E+49 4.01E+49 4.04E+49 4.02E+49 4.04E+49 3.74E+49 3.54E+49 3.39E+49 3.28E+49 3.22E+49 3.17E+49 3.01E+49 2.73E+49 2.60E+49 2.50E+49 2.42E+49 2.34E+49 2.06E+49 1.93E+49 1.84E+49 1.75E+49 1.71E+49 1.48E+49 1.38E+49 1.29E+49 1.25E+49 1.08E+49
 200.00  2.937  1.62E+53 2.94E+52 1.63E+54 5.60E+49 1.12E+50 1.67E+50 2.22E+50 2.76E+50 3.29E+50 3.81E+50 4.31E+50 4.80E+50 5.27E+50 5.72E+50 6.15E+50 6.57E+50 6.96E+50 7.34E+50 7.69E+50 8.02E+50 8.33E+50 8.62E+50 8.89E+50 8.22E+50 8.03E+50 7.99E+50 7.94E+50 7.90E+50 7.96E+50 7.93E+50 7.98E+50 7.39E+50 7.02E+50 6.73E+50 6.52E+50 6.41E+50 6.31E+50 6.00E+50 5.47E+50 5.20E+50 5.01E+50 4.86E+50 4.70E+50 4.16E+50 3.91E+50 3.72E+50 3.55E+50 3.46E+50 3.01E+50 2.82E+50 2.63E+50 2.55E+50 2.21E+50
 
                    **********************************************************************************************************************************
                    *  Z= 98 A=255: Negative-parity Spin-dependent Level Density [MeV-1] for CF255 B=  1.69 hw=  0.05 b2= 1.276 b3= 0.000 b4= 0.941  *
                    **********************************************************************************************************************************
 U[MeV]  T[MeV]  NCUMUL   RHOOBS   RHOTOT    J=01/2   J=03/2   J=05/2   J=07/2   J=09/2   J=11/2   J=13/2   J=15/2   J=17/2   J=19/2   J=21/2   J=23/2   J=25/2   J=27/2   J=29/2   J=31/2   J=33/2   J=35/2   J=37/2   J=39/2   J=41/2   J=43/2   J=45/2   J=47/2   J=49/2   J=51/2   J=53/2   J=55/2   J=57/2   J=59/2   J=61/2   J=63/2   J=65/2   J=67/2   J=69/2   J=71/2   J=73/2   J=75/2   J=77/2   J=79/2   J=81/2   J=83/2   J=85/2   J=87/2   J=89/2   J=91/2   J=93/2   J=95/2   J=97/2   J=99/2
   0.25  0.104  2.00E+00 1.73E+01 4.16E+02 0.00E+00 0.00E+00 0.00E+00 0.00E+00 0.00E+00 1.33E+00 1.33E+00 1.33E+00 1.33E+00 1.33E+00 1.33E+00 1.33E+00 1.33E+00 1.33E+00 1.33E+00 1.33E+00 1.33E+00 1.33E+00 0.00E+00 0.00E+00 0.00E+00 0.00E+00 0.00E+00 0.00E+00 0.00E+00 0.00E+00 0.00E+00 0.00E+00 0.00E+00 0.00E+00 0.00E+00 0.00E+00 0.00E+00 0.00E+00 0.00E+00 0.00E+00 0.00E+00 0.00E+00 0.00E+00 0.00E+00 0.00E+00 0.00E+00 0.00E+00 0.00E+00 0.00E+00 0.00E+00 0.00E+00 0.00E+00 0.00E+00 0.00E+00
   0.50  0.147  9.00E+00 4.30E+01 8.00E+02 1.00E+00 1.00E+00 1.00E+00 2.00E+00 2.00E+00 4.00E+00 4.00E+00 5.00E+00 5.00E+00 5.00E+00 3.00E+00 2.00E+00 1.00E+00 1.00E+00 1.00E+00 1.00E+00 1.00E+00 1.00E+00 1.00E+00 1.00E+00 0.00E+00 0.00E+00 0.00E+00 0.00E+00 0.00E+00 0.00E+00 0.00E+00 0.00E+00 0.00E+00 0.00E+00 0.00E+00 0.00E+00 0.00E+00 0.00E+00 0.00E+00 0.00E+00 0.00E+00 0.00E+00 0.00E+00 0.00E+00 0.00E+00 0.00E+00 0.00E+00 0.00E+00 0.00E+00 0.00E+00 0.00E+00 0.00E+00 0.00E+00 0.00E+00
   0.75  0.180  4.20E+01 2.22E+02 3.65E+03 5.00E+00 1.10E+01 1.30E+01 1.60E+01 1.70E+01 1.80E+01 1.90E+01 2.20E+01 2.20E+01 2.40E+01 1.20E+01 1.10E+01 1.00E+01 8.00E+00 4.00E+00 3.00E+00 1.00E+00 1.00E+00 1.00E+00 1.00E+00 1.00E+00 1.00E+00 1.00E+00 0.00E+00 0.00E+00 0.00E+00 0.00E+00 0.00E+00 0.00E+00 0.00E+00 0.00E+00 0.00E+00 0.00E+00 0.00E+00 0.00E+00 0.00E+00 0.00E+00 0.00E+00 0.00E+00 0.00E+00 0.00E+00 0.00E+00 0.00E+00 0.00E+00 0.00E+00 0.00E+00 0.00E+00 0.00E+00 0.00E+00 0.00E+00
   1.00  0.208  1.26E+02 4.46E+02 8.46E+03 6.00E+00 1.20E+01 1.60E+01 2.20E+01 2.50E+01 3.20E+01 3.50E+01 3.90E+01 4.10E+01 4.30E+01 3.90E+01 2.90E+01 2.90E+01 2.80E+01 1.40E+01 1.40E+01 1.10E+01 4.00E+00 1.00E+00 1.00E+00 1.00E+00 1.00E+00 1.00E+00 1.00E+00 1.00E+00 0.00E+00 0.00E+00 0.00E+00 0.00E+00 0.00E+00 0.00E+00 0.00E+00 0.00E+00 0.00E+00 0.00E+00 0.00E+00 0.00E+00 0.00E+00 0.00E+00 0.00E+00 0.00E+00 0.00E+00 0.00E+00 0.00E+00 0.00E+00 0.00E+00 0.00E+00 0.00E+00 0.00E+00 0.00E+00
   1.25  0.232  3.07E+02 1.01E+03 1.95E+04 9.00E+00 2.10E+01 3.50E+01 4.90E+01 5.90E+01 7.40E+01 8.20E+01 9.30E+01 9.70E+01 1.01E+02 7.70E+01 5.70E+01 5.20E+01 5.00E+01 4.20E+01 3.40E+01 2.90E+01 1.50E+01 1.20E+01 9.00E+00 3.00E+00 1.00E+00 1.00E+00 1.00E+00 1.00E+00 1.00E+00 1.00E+00 0.00E+00 0.00E+00 0.00E+00 0.00E+00 0.00E+00 0.00E+00 0.00E+00 0.00E+00 0.00E+00 0.00E+00 0.00E+00 0.00E+00 0.00E+00 0.00E+00 0.00E+00 0.00E+00 0.00E+00 0.00E+00 0.00E+00 0.00E+00 0.00E+00 0.00E+00 0.00E+00
   1.50  0.254  7.05E+02 2.17E+03 4.28E+04 2.80E+01 6.00E+01 8.50E+01 1.09E+02 1.27E+02 1.48E+02 1.61E+02 1.77E+02 1.87E+02 2.00E+02 1.49E+02 1.35E+02 1.35E+02 1.22E+02 8.50E+01 6.70E+01 5.50E+01 4.40E+01 3.20E+01 2.90E+01 1.50E+01 1.20E+01 4.00E+00 1.00E+00 1.00E+00 1.00E+00 1.00E+00 1.00E+00 1.00E+00 0.00E+00 0.00E+00 0.00E+00 0.00E+00 0.00E+00 0.00E+00 0.00E+00 0.00E+00 0.00E+00 0.00E+00 0.00E+00 0.00E+00 0.00E+00 0.00E+00 0.00E+00 0.00E+00 0.00E+00 0.00E+00 0.00E+00 0.00E+00 0.00E+00
   1.75  0.275  1.53E+03 4.40E+03 8.97E+04 4.30E+01 9.20E+01 1.41E+02 1.92E+02 2.38E+02 2.94E+02 3.30E+02 3.66E+02 3.91E+02 4.12E+02 3.41E+02 2.65E+02 2.56E+02 2.39E+02 1.74E+02 1.62E+02 1.45E+02 1.01E+02 6.20E+01 5.40E+01 3.60E+01 3.00E+01 1.40E+01 1.20E+01 4.00E+00 1.00E+00 1.00E+00 1.00E+00 1.00E+00 1.00E+00 0.00E+00 0.00E+00 0.00E+00 0.00E+00 0.00E+00 0.00E+00 0.00E+00 0.00E+00 0.00E+00 0.00E+00 0.00E+00 0.00E+00 0.00E+00 0.00E+00 0.00E+00 0.00E+00 0.00E+00 0.00E+00 0.00E+00 0.00E+00
   2.00  0.294  3.14E+03 8.48E+03 1.76E+05 9.50E+01 1.93E+02 2.85E+02 3.72E+02 4.56E+02 5.40E+02 5.99E+02 6.61E+02 7.06E+02 7.47E+02 5.94E+02 5.27E+02 5.20E+02 4.91E+02 3.75E+02 3.12E+02 2.69E+02 1.95E+02 1.57E+02 1.38E+02 8.20E+01 5.60E+01 4.20E+01 3.20E+01 1.50E+01 1.20E+01 4.00E+00 1.00E+00 1.00E+00 1.00E+00 1.00E+00 1.00E+00 0.00E+00 0.00E+00 0.00E+00 0.00E+00 0.00E+00 0.00E+00 0.00E+00 0.00E+00 0.00E+00 0.00E+00 0.00E+00 0.00E+00 0.00E+00 0.00E+00 0.00E+00 0.00E+00 0.00E+00 0.00E+00
   2.25  0.312  6.49E+03 1.84E+04 3.74E+05 2.46E+02 4.78E+02 6.92E+02 8.84E+02 1.05E+03 1.21E+03 1.33E+03 1.45E+03 1.56E+03 1.66E+03 1.22E+03 1.06E+03 1.06E+03 9.62E+02 7.26E+02 6.40E+02 5.55E+02 4.27E+02 2.98E+02 2.68E+02 1.80E+02 1.52E+02 9.50E+01 6.30E+01 4.40E+01 3.20E+01 1.50E+01 1.20E+01 4.00E+00 1.00E+00 1.00E+00 1.00E+00 1.00E+00 0.00E+00 0.00E+00 0.00E+00 0.00E+00 0.00E+00 0.00E+00 0.00E+00 0.00E+00 0.00E+00 0.00E+00 0.00E+00 0.00E+00 0.00E+00 0.00E+00 0.00E+00 0.00E+00 0.00E+00
   2.50  0.328  1.34E+04 3.70E+04 7.72E+05 4.16E+02 8.23E+02 1.23E+03 1.63E+03 2.00E+03 2.34E+03 2.64E+03 2.92E+03 3.13E+03 3.32E+03 2.72E+03 2.27E+03 2.21E+03 2.08E+03 1.47E+03 1.32E+03 1.15E+03 8.55E+02 6.46E+02 5.70E+02 3.71E+02 2.85E+02 1.95E+02 1.62E+02 1.04E+02 6.40E+01 4.40E+01 3.00E+01 1.40E+01 1.10E+01 3.00E+00 1.00E+00 1.00E+00 1.00E+00 1.00E+00 0.00E+00 0.00E+00 0.00E+00 0.00E+00 0.00E+00 0.00E+00 0.00E+00 0.00E+00 0.00E+00 0.00E+00 0.00E+00 0.00E+00 0.00E+00 0.00E+00 0.00E+00
   2.75  0.344  2.73E+04 7.41E+04 1.56E+06 8.72E+02 1.69E+03 2.48E+03 3.24E+03 3.93E+03 4.56E+03 5.13E+03 5.66E+03 6.08E+03 6.47E+03 5.18E+03 4.56E+03 4.50E+03 4.24E+03 3.24E+03 2.80E+03 2.42E+03 1.73E+03 1.35E+03 1.18E+03 7.93E+02 6.21E+02 4.29E+02 3.13E+02 2.06E+02 1.63E+02 1.04E+02 5.80E+01 4.20E+01 2.90E+01 1.40E+01 5.00E+00 1.00E+00 1.00E+00 1.00E+00 1.00E+00 0.00E+00 0.00E+00 0.00E+00 0.00E+00 0.00E+00 0.00E+00 0.00E+00 0.00E+00 0.00E+00 0.00E+00 0.00E+00 0.00E+00 0.00E+00 0.00E+00
   3.00  0.360  5.52E+04 1.49E+05 3.18E+06 1.68E+03 3.32E+03 4.91E+03 6.42E+03 7.80E+03 9.07E+03 1.02E+04 1.13E+04 1.21E+04 1.29E+04 1.04E+04 9.03E+03 8.95E+03 8.43E+03 6.44E+03 5.78E+03 5.04E+03 3.87E+03 2.87E+03 2.56E+03 1.68E+03 1.33E+03 9.02E+02 6.98E+02 4.71E+02 3.21E+02 2.13E+02 1.61E+02 9.90E+01 5.90E+01 3.50E+01 1.70E+01 1.20E+01 3.00E+00 1.00E+00 1.00E+00 1.00E+00 1.00E+00 0.00E+00 0.00E+00 0.00E+00 0.00E+00 0.00E+00 0.00E+00 0.00E+00 0.00E+00 0.00E+00 0.00E+00 0.00E+00 0.00E+00
   3.25  0.374  1.10E+05 2.93E+05 6.33E+06 3.09E+03 6.15E+03 9.16E+03 1.21E+04 1.48E+04 1.74E+04 1.97E+04 2.18E+04 2.36E+04 2.52E+04 2.08E+04 1.79E+04 1.77E+04 1.67E+04 1.28E+04 1.15E+04 1.01E+04 7.75E+03 6.03E+03 5.36E+03 3.70E+03 2.85E+03 1.87E+03 1.49E+03 9.70E+02 7.18E+02 4.85E+02 3.13E+02 2.11E+02 1.59E+02 7.60E+01 4.80E+01 3.00E+01 1.50E+01 8.00E+00 1.00E+00 1.00E+00 1.00E+00 1.00E+00 0.00E+00 0.00E+00 0.00E+00 0.00E+00 0.00E+00 0.00E+00 0.00E+00 0.00E+00 0.00E+00 0.00E+00 0.00E+00
   3.50  0.389  2.17E+05 5.56E+05 1.22E+07 5.83E+03 1.16E+04 1.71E+04 2.23E+04 2.73E+04 3.19E+04 3.60E+04 3.98E+04 4.31E+04 4.61E+04 3.83E+04 3.44E+04 3.45E+04 3.29E+04 2.57E+04 2.29E+04 2.01E+04 1.54E+04 1.20E+04 1.08E+04 7.60E+03 6.02E+03 4.22E+03 3.23E+03 2.03E+03 1.54E+03 1.00E+03 6.90E+02 4.65E+02 3.09E+02 1.85E+02 1.16E+02 6.00E+01 3.70E+01 1.70E+01 1.20E+01 3.00E+00 1.00E+00 1.00E+00 1.00E+00 0.00E+00 0.00E+00 0.00E+00 0.00E+00 0.00E+00 0.00E+00 0.00E+00 0.00E+00 0.00E+00 0.00E+00
   3.75  0.402  4.14E+05 1.02E+06 2.30E+07 1.04E+04 2.06E+04 3.06E+04 4.00E+04 4.90E+04 5.73E+04 6.48E+04 7.16E+04 7.77E+04 8.30E+04 6.98E+04 6.25E+04 6.27E+04 6.03E+04 4.79E+04 4.39E+04 3.93E+04 3.09E+04 2.38E+04 2.14E+04 1.51E+04 1.21E+04 8.58E+03 6.84E+03 4.61E+03 3.34E+03 2.10E+03 1.50E+03 9.85E+02 6.75E+02 3.71E+02 2.32E+02 1.65E+02 8.30E+01 5.10E+01 3.00E+01 1.40E+01 4.00E+00 1.00E+00 1.00E+00 1.00E+00 0.00E+00 0.00E+00 0.00E+00 0.00E+00 0.00E+00 0.00E+00 0.00E+00 0.00E+00 0.00E+00
   4.00  0.415  7.69E+05 1.81E+06 4.15E+07 1.76E+04 3.49E+04 5.18E+04 6.80E+04 8.34E+04 9.77E+04 1.11E+05 1.23E+05 1.33E+05 1.42E+05 1.22E+05 1.11E+05 1.12E+05 1.08E+05 8.63E+04 7.92E+04 7.14E+04 5.69E+04 4.60E+04 4.18E+04 3.00E+04 2.40E+04 1.70E+04 1.36E+04 9.24E+03 7.05E+03 4.75E+03 3.24E+03 2.07E+03 1.44E+03 8.28E+02 5.36E+02 3.20E+02 1.98E+02 1.25E+02 5.90E+01 3.50E+01 1.40E+01 9.00E+00 1.00E+00 1.00E+00 1.00E+00 1.00E+00 0.00E+00 0.00E+00 0.00E+00 0.00E+00 0.00E+00 0.00E+00 0.00E+00
   4.25  0.428  1.39E+06 3.13E+06 7.29E+07 2.99E+04 5.92E+04 8.77E+04 1.15E+05 1.41E+05 1.64E+05 1.86E+05 2.06E+05 2.24E+05 2.40E+05 2.07E+05 1.90E+05 1.92E+05 1.86E+05 1.52E+05 1.40E+05 1.27E+05 1.02E+05 8.29E+04 7.59E+04 5.60E+04 4.64E+04 3.38E+04 2.69E+04 1.83E+04 1.40E+04 9.46E+03 6.76E+03 4.61E+03 3.12E+03 1.74E+03 1.10E+03 7.11E+02 4.09E+02 2.39E+02 1.64E+02 7.60E+01 4.30E+01 2.90E+01 1.20E+01 1.00E+00 1.00E+00 1.00E+00 1.00E+00 0.00E+00 0.00E+00 0.00E+00 0.00E+00 0.00E+00 0.00E+00
   4.50  0.441  2.44E+06 5.27E+06 1.25E+08 4.83E+04 9.59E+04 1.42E+05 1.87E+05 2.30E+05 2.69E+05 3.06E+05 3.39E+05 3.69E+05 3.95E+05 3.45E+05 3.17E+05 3.20E+05 3.12E+05 2.57E+05 2.40E+05 2.19E+05 1.79E+05 1.47E+05 1.35E+05 1.01E+05 8.39E+04 6.24E+04 5.14E+04 3.63E+04 2.76E+04 1.88E+04 1.35E+04 9.31E+03 6.55E+03 3.83E+03 2.34E+03 1.54E+03 8.89E+02 5.66E+02 3.17E+02 1.86E+02 1.00E+02 5.60E+01 3.00E+01 1.20E+01 3.00E+00 1.00E+00 1.00E+00 1.00E+00 0.00E+00 0.00E+00 0.00E+00 0.00E+00 0.00E+00
   4.75  0.453  4.18E+06 8.69E+06 2.09E+08 7.73E+04 1.54E+05 2.28E+05 3.00E+05 3.68E+05 4.32E+05 4.91E+05 5.45E+05 5.93E+05 6.36E+05 5.60E+05 5.19E+05 5.25E+05 5.12E+05 4.27E+05 3.99E+05 3.66E+05 3.02E+05 2.52E+05 2.34E+05 1.78E+05 1.49E+05 1.12E+05 9.26E+04 6.66E+04 5.28E+04 3.72E+04 2.66E+04 1.84E+04 1.31E+04 7.96E+03 5.19E+03 3.31E+03 1.89E+03 1.18E+03 7.02E+02 3.73E+02 2.13E+02 1.46E+02 5.90E+01 3.30E+01 1.50E+01 4.00E+00 1.00E+00 1.00E+00 1.00E+00 0.00E+00 0.00E+00 0.00E+00 0.00E+00
   5.00  0.464  7.03E+06 1.41E+07 3.45E+08 1.23E+05 2.45E+05 3.64E+05 4.78E+05 5.86E+05 6.88E+05 7.82E+05 8.67E+05 9.44E+05 1.01E+06 8.95E+05 8.34E+05 8.46E+05 8.28E+05 6.97E+05 6.54E+05 6.02E+05 5.02E+05 4.21E+05 3.91E+05 3.01E+05 2.56E+05 1.96E+05 1.64E+05 1.19E+05 9.50E+04 6.81E+04 5.12E+04 3.64E+04 2.58E+04 1.58E+04 1.03E+04 6.95E+03 4.17E+03 2.49E+03 1.51E+03 8.35E+02 4.72E+02 2.96E+02 1.64E+02 6.60E+01 3.70E+01 1.40E+01 7.00E+00 1.00E+00 1.00E+00 1.00E+00 0.00E+00 0.00E+00 0.00E+00
   5.50  0.487  1.95E+07 3.56E+07 8.94E+08 2.96E+05 5.89E+05 8.74E+05 1.15E+06 1.41E+06 1.66E+06 1.89E+06 2.10E+06 2.29E+06 2.46E+06 2.20E+06 2.08E+06 2.11E+06 2.08E+06 1.77E+06 1.67E+06 1.55E+06 1.31E+06 1.12E+06 1.04E+06 8.21E+05 7.06E+05 5.52E+05 4.69E+05 3.53E+05 2.89E+05 2.14E+05 1.64E+05 1.20E+05 9.04E+04 5.87E+04 4.03E+04 2.73E+04 1.69E+04 1.10E+04 6.84E+03 3.87E+03 2.10E+03 1.37E+03 7.02E+02 3.41E+02 1.98E+02 1.00E+02 4.90E+01 2.90E+01 1.10E+01 1.00E+00 1.00E+00 1.00E+00 0.00E+00
   6.00  0.509  4.93E+07 8.39E+07 2.17E+09 6.64E+05 1.32E+06 1.96E+06 2.58E+06 3.18E+06 3.74E+06 4.26E+06 4.74E+06 5.17E+06 5.56E+06 5.06E+06 4.81E+06 4.91E+06 4.85E+06 4.19E+06 3.99E+06 3.74E+06 3.21E+06 2.77E+06 2.61E+06 2.08E+06 1.81E+06 1.44E+06 1.24E+06 9.55E+05 7.91E+05 6.00E+05 4.71E+05 3.56E+05 2.76E+05 1.86E+05 1.32E+05 9.48E+04 6.24E+04 4.28E+04 2.70E+04 1.59E+04 9.52E+03 6.36E+03 3.26E+03 1.64E+03 8.90E+02 4.72E+02 2.35E+02 1.46E+02 5.90E+01 3.00E+01 1.20E+01 1.00E+00 1.00E+00
   6.50  0.530  1.16E+08 1.83E+08 4.87E+09 1.37E+06 2.72E+06 4.05E+06 5.33E+06 6.55E+06 7.71E+06 8.79E+06 9.79E+06 1.07E+07 1.15E+07 1.06E+07 1.02E+07 1.05E+07 1.04E+07 9.17E+06 8.82E+06 8.36E+06 7.27E+06 6.36E+06 6.03E+06 4.90E+06 4.33E+06 3.51E+06 3.07E+06 2.40E+06 2.01E+06 1.55E+06 1.24E+06 9.63E+05 7.58E+05 5.27E+05 3.86E+05 2.88E+05 1.97E+05 1.39E+05 9.37E+04 5.93E+04 3.72E+04 2.51E+04 1.37E+04 7.42E+03 4.18E+03 2.10E+03 1.15E+03 6.51E+02 3.11E+02 1.64E+02 6.20E+01 3.20E+01 1.20E+01
   7.00  0.550  2.54E+08 3.71E+08 1.02E+10 2.64E+06 5.24E+06 7.79E+06 1.03E+07 1.26E+07 1.49E+07 1.69E+07 1.89E+07 2.06E+07 2.22E+07 2.08E+07 2.02E+07 2.08E+07 2.07E+07 1.85E+07 1.79E+07 1.71E+07 1.51E+07 1.34E+07 1.28E+07 1.06E+07 9.57E+06 7.89E+06 6.97E+06 5.58E+06 4.75E+06 3.76E+06 3.06E+06 2.41E+06 1.93E+06 1.38E+06 1.04E+06 7.88E+05 5.54E+05 4.04E+05 2.85E+05 1.88E+05 1.23E+05 8.82E+04 5.20E+04 2.91E+04 1.70E+04 9.52E+03 5.41E+03 3.02E+03 1.46E+03 7.02E+02 3.35E+02 1.72E+02 6.60E+01
   7.50  0.569  5.26E+08 7.14E+08 2.02E+10 4.88E+06 9.71E+06 1.44E+07 1.90E+07 2.34E+07 2.75E+07 3.14E+07 3.50E+07 3.82E+07 4.12E+07 3.88E+07 3.79E+07 3.89E+07 3.90E+07 3.51E+07 3.41E+07 3.27E+07 2.92E+07 2.63E+07 2.53E+07 2.14E+07 1.94E+07 1.63E+07 1.46E+07 1.20E+07 1.04E+07 8.39E+06 6.95E+06 5.58E+06 4.57E+06 3.36E+06 2.58E+06 2.00E+06 1.44E+06 1.08E+06 7.80E+05 5.31E+05 3.62E+05 2.70E+05 1.66E+05 9.98E+04 6.26E+04 3.72E+04 2.13E+04 1.27E+04 6.65E+03 3.26E+03 1.61E+03 7.58E+02 3.39E+02
   8.00  0.587  1.04E+09 1.33E+09 3.84E+10 8.81E+06 1.75E+07 2.61E+07 3.43E+07 4.22E+07 4.97E+07 5.67E+07 6.32E+07 6.91E+07 7.45E+07 7.05E+07 6.90E+07 7.10E+07 7.12E+07 6.45E+07 6.28E+07 6.05E+07 5.43E+07 4.92E+07 4.74E+07 4.04E+07 3.70E+07 3.15E+07 2.85E+07 2.38E+07 2.09E+07 1.72E+07 1.46E+07 1.19E+07 1.00E+07 7.57E+06 5.94E+06 4.71E+06 3.49E+06 2.68E+06 1.98E+06 1.39E+06 9.76E+05 7.41E+05 4.76E+05 3.02E+05 1.97E+05 1.23E+05 7.62E+04 4.86E+04 2.62E+04 1.37E+04 7.20E+03 3.52E+03 1.63E+03
   8.50  0.606  1.97E+09 2.41E+09 7.09E+10 1.56E+07 3.11E+07 4.62E+07 6.09E+07 7.49E+07 8.82E+07 1.01E+08 1.12E+08 1.23E+08 1.32E+08 1.26E+08 1.23E+08 1.27E+08 1.28E+08 1.16E+08 1.13E+08 1.09E+08 9.85E+07 8.95E+07 8.64E+07 7.42E+07 6.82E+07 5.85E+07 5.32E+07 4.48E+07 3.97E+07 3.32E+07 2.85E+07 2.38E+07 2.03E+07 1.57E+07 1.26E+07 1.03E+07 7.83E+06 6.15E+06 4.67E+06 3.38E+06 2.43E+06 1.89E+06 1.25E+06 8.23E+05 5.55E+05 3.62E+05 2.37E+05 1.57E+05 9.17E+04 5.20E+04 2.84E+04 1.47E+04 7.39E+03
   9.00  0.623  3.65E+09 4.29E+09 1.28E+11 2.72E+07 5.40E+07 8.03E+07 1.06E+08 1.30E+08 1.53E+08 1.75E+08 1.95E+08 2.13E+08 2.30E+08 2.20E+08 2.16E+08 2.23E+08 2.24E+08 2.05E+08 2.00E+08 1.93E+08 1.75E+08 1.60E+08 1.54E+08 1.33E+08 1.23E+08 1.06E+08 9.67E+07 8.19E+07 7.30E+07 6.15E+07 5.32E+07 4.48E+07 3.86E+07 3.05E+07 2.50E+07 2.07E+07 1.62E+07 1.30E+07 1.02E+07 7.60E+06 5.63E+06 4.48E+06 3.08E+06 2.08E+06 1.44E+06 9.76E+05 6.57E+05 4.51E+05 2.80E+05 1.66E+05 9.79E+04 5.53E+04 2.90E+04
   9.50  0.640  6.59E+09 7.46E+09 2.25E+11 4.63E+07 9.21E+07 1.37E+08 1.80E+08 2.22E+08 2.62E+08 2.99E+08 3.33E+08 3.64E+08 3.93E+08 3.76E+08 3.71E+08 3.82E+08 3.85E+08 3.53E+08 3.46E+08 3.35E+08 3.05E+08 2.79E+08 2.70E+08 2.34E+08 2.17E+08 1.88E+08 1.72E+08 1.47E+08 1.31E+08 1.11E+08 9.66E+07 8.19E+07 7.10E+07 5.68E+07 4.71E+07 3.94E+07 3.14E+07 2.58E+07 2.06E+07 1.58E+07 1.20E+07 9.85E+06 6.98E+06 4.88E+06 3.49E+06 2.43E+06 1.69E+06 1.19E+06 7.65E+05 4.76E+05 2.96E+05 1.76E+05 9.96E+04
  10.00  0.657  1.16E+10 1.28E+10 3.90E+11 7.78E+07 1.55E+08 2.30E+08 3.03E+08 3.73E+08 4.39E+08 5.02E+08 5.59E+08 6.12E+08 6.60E+08 6.34E+08 6.26E+08 6.46E+08 6.51E+08 5.99E+08 5.87E+08 5.70E+08 5.20E+08 4.78E+08 4.63E+08 4.04E+08 3.75E+08 3.26E+08 3.00E+08 2.57E+08 2.31E+08 1.97E+08 1.72E+08 1.47E+08 1.28E+08 1.03E+08 8.58E+07 7.25E+07 5.83E+07 4.83E+07 3.92E+07 3.06E+07 2.39E+07 1.99E+07 1.46E+07 1.06E+07 7.83E+06 5.63E+06 4.04E+06 2.94E+06 1.94E+06 1.25E+06 8.09E+05 5.01E+05 3.01E+05
  11.00  0.689  3.60E+10 3.59E+10 1.12E+12 2.13E+08 4.25E+08 6.32E+08 8.32E+08 1.02E+09 1.21E+09 1.38E+09 1.54E+09 1.68E+09 1.81E+09 1.75E+09 1.73E+09 1.78E+09 1.80E+09 1.66E+09 1.63E+09 1.59E+09 1.45E+09 1.34E+09 1.30E+09 1.14E+09 1.07E+09 9.36E+08 8.65E+08 7.48E+08 6.76E+08 5.82E+08 5.13E+08 4.42E+08 3.89E+08 3.18E+08 2.69E+08 2.29E+08 1.87E+08 1.57E+08 1.30E+08 1.03E+08 8.24E+07 7.00E+07 5.34E+07 4.05E+07 3.14E+07 2.39E+07 1.83E+07 1.41E+07 1.01E+07 6.98E+06 4.82E+06 3.22E+06 2.07E+06
  12.00  0.719  1.03E+11 9.82E+10 3.10E+12 5.76E+08 1.15E+09 1.70E+09 2.25E+09 2.76E+09 3.26E+09 3.72E+09 4.14E+09 4.54E+09 4.89E+09 4.72E+09 4.67E+09 4.82E+09 4.87E+09 4.51E+09 4.43E+09 4.31E+09 3.96E+09 3.66E+09 3.56E+09 3.13E+09 2.93E+09 2.58E+09 2.39E+09 2.07E+09 1.88E+09 1.63E+09 1.44E+09 1.25E+09 1.11E+09 9.15E+08 7.80E+08 6.73E+08 5.56E+08 4.72E+08 3.95E+08 3.19E+08 2.59E+08 2.22E+08 1.73E+08 1.34E+08 1.06E+08 8.25E+07 6.48E+07 5.18E+07 3.87E+07 2.86E+07 2.11E+07 1.51E+07 1.06E+07
  13.00  0.749  2.85E+11 2.66E+11 8.44E+12 1.55E+09 3.08E+09 4.58E+09 6.03E+09 7.42E+09 8.74E+09 9.98E+09 1.11E+10 1.22E+10 1.31E+10 1.27E+10 1.26E+10 1.30E+10 1.31E+10 1.21E+10 1.19E+10 1.16E+10 1.07E+10 9.87E+09 9.61E+09 8.47E+09 7.91E+09 6.98E+09 6.47E+09 5.63E+09 5.12E+09 4.44E+09 3.94E+09 3.43E+09 3.04E+09 2.53E+09 2.16E+09 1.87E+09 1.56E+09 1.33E+09 1.12E+09 9.18E+08 7.53E+08 6.54E+08 5.16E+08 4.06E+08 3.26E+08 2.59E+08 2.07E+08 1.68E+08 1.28E+08 9.70E+07 7.37E+07 5.50E+07 4.05E+07
  14.00  0.777  7.76E+11 7.17E+11 2.29E+13 4.16E+09 8.28E+09 1.23E+10 1.62E+10 2.00E+10 2.35E+10 2.68E+10 2.99E+10 3.28E+10 3.53E+10 3.41E+10 3.38E+10 3.49E+10 3.53E+10 3.26E+10 3.21E+10 3.13E+10 2.87E+10 2.66E+10 2.59E+10 2.29E+10 2.14E+10 1.88E+10 1.75E+10 1.52E+10 1.38E+10 1.20E+10 1.07E+10 9.30E+09 8.26E+09 6.87E+09 5.89E+09 5.11E+09 4.27E+09 3.66E+09 3.09E+09 2.54E+09 2.09E+09 1.82E+09 1.45E+09 1.15E+09 9.37E+08 7.53E+08 6.10E+08 5.02E+08 3.91E+08 3.01E+08 2.33E+08 1.78E+08 1.33E+08
  15.00  0.804  2.10E+12 1.94E+12 6.19E+13 1.12E+10 2.23E+10 3.31E+10 4.36E+10 5.37E+10 6.32E+10 7.22E+10 8.05E+10 8.82E+10 9.51E+10 9.18E+10 9.10E+10 9.41E+10 9.50E+10 8.81E+10 8.67E+10 8.45E+10 7.76E+10 7.19E+10 7.00E+10 6.18E+10 5.78E+10 5.10E+10 4.73E+10 4.12E+10 3.75E+10 3.26E+10 2.89E+10 2.52E+10 2.24E+10 1.86E+10 1.60E+10 1.39E+10 1.16E+10 9.92E+09 8.40E+09 6.90E+09 5.70E+09 4.98E+09 3.97E+09 3.17E+09 2.59E+09 2.09E+09 1.71E+09 1.42E+09 1.11E+09 8.70E+08 6.83E+08 5.29E+08 4.05E+08
  16.00  0.831  5.68E+12 5.21E+12 1.67E+14 3.00E+10 5.96E+10 8.86E+10 1.17E+11 1.44E+11 1.69E+11 1.93E+11 2.16E+11 2.36E+11 2.55E+11 2.46E+11 2.45E+11 2.53E+11 2.55E+11 2.37E+11 2.33E+11 2.28E+11 2.09E+11 1.94E+11 1.89E+11 1.67E+11 1.56E+11 1.38E+11 1.28E+11 1.12E+11 1.02E+11 8.84E+10 7.86E+10 6.85E+10 6.08E+10 5.05E+10 4.34E+10 3.76E+10 3.14E+10 2.69E+10 2.28E+10 1.87E+10 1.55E+10 1.35E+10 1.08E+10 8.62E+09 7.04E+09 5.71E+09 4.66E+09 3.88E+09 3.06E+09 2.41E+09 1.90E+09 1.49E+09 1.15E+09
  17.00  0.856  1.53E+13 1.40E+13 4.49E+14 7.95E+10 1.58E+11 2.35E+11 3.10E+11 3.82E+11 4.50E+11 5.14E+11 5.73E+11 6.28E+11 6.78E+11 6.56E+11 6.52E+11 6.74E+11 6.82E+11 6.33E+11 6.24E+11 6.09E+11 5.62E+11 5.22E+11 5.08E+11 4.50E+11 4.21E+11 3.73E+11 3.47E+11 3.02E+11 2.75E+11 2.40E+11 2.13E+11 1.86E+11 1.65E+11 1.37E+11 1.18E+11 1.02E+11 8.55E+10 7.32E+10 6.20E+10 5.09E+10 4.21E+10 3.67E+10 2.93E+10 2.34E+10 1.91E+10 1.55E+10 1.26E+10 1.05E+10 8.33E+09 6.55E+09 5.19E+09 4.07E+09 3.17E+09
  18.00  0.881  4.07E+13 3.70E+13 1.20E+15 2.08E+11 4.15E+11 6.17E+11 8.13E+11 1.00E+12 1.18E+12 1.35E+12 1.50E+12 1.65E+12 1.78E+12 1.72E+12 1.72E+12 1.78E+12 1.80E+12 1.67E+12 1.65E+12 1.61E+12 1.49E+12 1.39E+12 1.35E+12 1.20E+12 1.12E+12 9.97E+11 9.28E+11 8.11E+11 7.40E+11 6.45E+11 5.75E+11 5.02E+11 4.46E+11 3.72E+11 3.20E+11 2.78E+11 2.32E+11 1.99E+11 1.68E+11 1.38E+11 1.14E+11 9.97E+10 7.97E+10 6.37E+10 5.20E+10 4.21E+10 3.44E+10 2.86E+10 2.26E+10 1.78E+10 1.41E+10 1.11E+10 8.62E+09
  19.00  0.905  1.08E+14 9.67E+13 3.15E+15 5.38E+11 1.07E+12 1.59E+12 2.10E+12 2.58E+12 3.05E+12 3.48E+12 3.89E+12 4.26E+12 4.60E+12 4.47E+12 4.45E+12 4.61E+12 4.67E+12 4.36E+12 4.31E+12 4.21E+12 3.90E+12 3.63E+12 3.55E+12 3.16E+12 2.96E+12 2.63E+12 2.45E+12 2.15E+12 1.96E+12 1.72E+12 1.53E+12 1.34E+12 1.19E+12 9.97E+11 8.59E+11 7.48E+11 6.27E+11 5.38E+11 4.56E+11 3.75E+11 3.11E+11 2.71E+11 2.17E+11 1.73E+11 1.42E+11 1.15E+11 9.35E+10 7.77E+10 6.15E+10 4.83E+10 3.83E+10 3.00E+10 2.34E+10
  20.00  0.929  2.80E+14 2.49E+14 8.16E+15 1.37E+12 2.72E+12 4.04E+12 5.33E+12 6.57E+12 7.74E+12 8.85E+12 9.88E+12 1.08E+13 1.17E+13 1.14E+13 1.14E+13 1.18E+13 1.19E+13 1.12E+13 1.10E+13 1.08E+13 1.00E+13 9.37E+12 9.16E+12 8.17E+12 7.68E+12 6.84E+12 6.39E+12 5.61E+12 5.14E+12 4.50E+12 4.03E+12 3.53E+12 3.15E+12 2.64E+12 2.28E+12 1.99E+12 1.67E+12 1.44E+12 1.22E+12 1.01E+12 8.35E+11 7.29E+11 5.85E+11 4.68E+11 3.84E+11 3.11E+11 2.54E+11 2.11E+11 1.67E+11 1.31E+11 1.04E+11 8.17E+10 6.36E+10
  22.50  0.985  3.67E+15 2.47E+15 8.25E+16 1.31E+13 2.60E+13 3.87E+13 5.10E+13 6.28E+13 7.41E+13 8.48E+13 9.47E+13 1.04E+14 1.12E+14 1.10E+14 1.10E+14 1.14E+14 1.16E+14 1.09E+14 1.08E+14 1.06E+14 9.91E+13 9.30E+13 9.11E+13 8.19E+13 7.72E+13 6.93E+13 6.50E+13 5.75E+13 5.29E+13 4.66E+13 4.19E+13 3.70E+13 3.32E+13 2.81E+13 2.44E+13 2.14E+13 1.81E+13 1.57E+13 1.34E+13 1.12E+13 9.33E+12 8.19E+12 6.62E+12 5.35E+12 4.41E+12 3.60E+12 2.96E+12 2.47E+12 1.97E+12 1.56E+12 1.24E+12 9.81E+11 7.67E+11
  25.00  1.038  3.44E+16 2.21E+16 7.54E+17 1.13E+14 2.25E+14 3.35E+14 4.42E+14 5.44E+14 6.43E+14 7.35E+14 8.22E+14 9.03E+14 9.77E+14 9.60E+14 9.64E+14 1.00E+15 1.02E+15 9.64E+14 9.59E+14 9.44E+14 8.85E+14 8.34E+14 8.19E+14 7.41E+14 7.01E+14 6.33E+14 5.96E+14 5.30E+14 4.90E+14 4.35E+14 3.93E+14 3.49E+14 3.15E+14 2.68E+14 2.35E+14 2.07E+14 1.77E+14 1.54E+14 1.33E+14 1.11E+14 9.40E+13 8.29E+13 6.77E+13 5.52E+13 4.60E+13 3.79E+13 3.14E+13 2.64E+13 2.13E+13 1.70E+13 1.37E+13 1.09E+13 8.60E+12
  30.00  1.138  3.51E+18 1.37E+18 4.84E+19 6.55E+15 1.30E+16 1.94E+16 2.56E+16 3.16E+16 3.74E+16 4.28E+16 4.79E+16 5.27E+16 5.71E+16 5.65E+16 5.71E+16 5.95E+16 6.08E+16 5.80E+16 5.79E+16 5.73E+16 5.41E+16 5.14E+16 5.07E+16 4.63E+16 4.41E+16 4.02E+16 3.81E+16 3.43E+16 3.19E+16 2.86E+16 2.62E+16 2.35E+16 2.14E+16 1.85E+16 1.63E+16 1.46E+16 1.26E+16 1.11E+16 9.69E+15 8.25E+15 7.06E+15 6.29E+15 5.23E+15 4.34E+15 3.67E+15 3.07E+15 2.59E+15 2.21E+15 1.81E+15 1.48E+15 1.21E+15 9.84E+14 7.93E+14
  40.00  1.314  1.16E+22 2.32E+21 8.72E+22 1.00E+19 1.99E+19 2.97E+19 3.92E+19 4.85E+19 5.73E+19 6.58E+19 7.38E+19 8.13E+19 8.83E+19 8.85E+19 9.01E+19 9.42E+19 9.67E+19 9.34E+19 9.40E+19 9.36E+19 8.96E+19 8.60E+19 8.54E+19 7.93E+19 7.62E+19 7.06E+19 6.75E+19 6.17E+19 5.81E+19 5.30E+19 4.90E+19 4.47E+19 4.12E+19 3.63E+19 3.27E+19 2.96E+19 2.62E+19 2.34E+19 2.08E+19 1.81E+19 1.58E+19 1.43E+19 1.22E+19 1.04E+19 8.96E+18 7.68E+18 6.61E+18 5.76E+18 4.86E+18 4.07E+18 3.43E+18 2.86E+18 2.38E+18
  50.00  1.469  7.68E+24 1.53E+24 6.03E+25 6.05E+21 1.21E+22 1.80E+22 2.38E+22 2.94E+22 3.48E+22 4.00E+22 4.49E+22 4.96E+22 5.39E+22 5.45E+22 5.59E+22 5.85E+22 6.03E+22 5.89E+22 5.95E+22 5.95E+22 5.75E+22 5.57E+22 5.55E+22 5.21E+22 5.04E+22 4.72E+22 4.54E+22 4.20E+22 3.99E+22 3.68E+22 3.43E+22 3.17E+22 2.95E+22 2.63E+22 2.40E+22 2.20E+22 1.97E+22 1.78E+22 1.60E+22 1.41E+22 1.25E+22 1.14E+22 9.90E+21 8.57E+21 7.52E+21 6.55E+21 5.72E+21 5.06E+21 4.34E+21 3.70E+21 3.18E+21 2.70E+21 2.29E+21
  60.00  1.609  8.36E+27 1.67E+27 7.12E+28 5.11E+24 1.02E+25 1.52E+25 2.01E+25 2.49E+25 2.95E+25 3.39E+25 3.82E+25 4.22E+25 4.59E+25 4.94E+25 5.27E+25 5.57E+25 5.85E+25 6.10E+25 6.32E+25 6.52E+25 6.70E+25 6.86E+25 7.00E+25 5.83E+25 5.38E+25 5.15E+25 4.96E+25 4.79E+25 4.74E+25 4.62E+25 4.59E+25 3.89E+25 3.44E+25 3.12E+25 2.91E+25 2.79E+25 2.70E+25 2.43E+25 1.99E+25 1.80E+25 1.66E+25 1.58E+25 1.50E+25 1.16E+25 1.02E+25 9.30E+24 8.63E+24 8.33E+24 6.21E+24 5.45E+24 4.89E+24 4.67E+24 3.52E+24
  70.00  1.738  2.19E+30 4.36E+29 1.92E+31 1.26E+27 2.52E+27 3.76E+27 4.97E+27 6.16E+27 7.31E+27 8.41E+27 9.47E+27 1.05E+28 1.14E+28 1.23E+28 1.31E+28 1.39E+28 1.46E+28 1.53E+28 1.58E+28 1.64E+28 1.69E+28 1.73E+28 1.76E+28 1.50E+28 1.39E+28 1.34E+28 1.30E+28 1.26E+28 1.25E+28 1.22E+28 1.21E+28 1.04E+28 9.33E+27 8.55E+27 8.00E+27 7.70E+27 7.46E+27 6.77E+27 5.65E+27 5.15E+27 4.79E+27 4.55E+27 4.33E+27 3.42E+27 3.04E+27 2.80E+27 2.61E+27 2.52E+27 1.93E+27 1.71E+27 1.54E+27 1.47E+27 1.14E+27
  80.00  1.858  4.04E+32 7.99E+31 3.61E+33 2.20E+29 4.39E+29 6.56E+29 8.68E+29 1.08E+30 1.28E+30 1.47E+30 1.66E+30 1.84E+30 2.00E+30 2.16E+30 2.31E+30 2.45E+30 2.58E+30 2.69E+30 2.80E+30 2.90E+30 2.99E+30 3.06E+30 3.13E+30 2.69E+30 2.52E+30 2.44E+30 2.37E+30 2.31E+30 2.30E+30 2.25E+30 2.24E+30 1.95E+30 1.76E+30 1.62E+30 1.53E+30 1.47E+30 1.43E+30 1.31E+30 1.11E+30 1.01E+30 9.49E+29 9.04E+29 8.61E+29 6.94E+29 6.22E+29 5.74E+29 5.37E+29 5.19E+29 4.05E+29 3.63E+29 3.29E+29 3.15E+29 2.47E+29
  90.00  1.970  5.54E+34 1.09E+34 5.07E+35 2.88E+31 5.74E+31 8.57E+31 1.14E+32 1.41E+32 1.67E+32 1.93E+32 2.17E+32 2.41E+32 2.63E+32 2.84E+32 3.04E+32 3.22E+32 3.40E+32 3.55E+32 3.70E+32 3.83E+32 3.95E+32 4.06E+32 4.16E+32 3.61E+32 3.41E+32 3.31E+32 3.23E+32 3.15E+32 3.14E+32 3.08E+32 3.08E+32 2.70E+32 2.46E+32 2.28E+32 2.15E+32 2.08E+32 2.03E+32 1.86E+32 1.59E+32 1.47E+32 1.38E+32 1.32E+32 1.26E+32 1.03E+32 9.29E+31 8.62E+31 8.07E+31 7.81E+31 6.21E+31 5.59E+31 5.09E+31 4.88E+31 3.90E+31
 100.00  2.077  5.93E+36 1.16E+36 5.52E+37 2.95E+33 5.87E+33 8.77E+33 1.16E+34 1.44E+34 1.71E+34 1.98E+34 2.23E+34 2.47E+34 2.70E+34 2.92E+34 3.13E+34 3.32E+34 3.50E+34 3.67E+34 3.82E+34 3.96E+34 4.09E+34 4.21E+34 4.31E+34 3.78E+34 3.59E+34 3.50E+34 3.42E+34 3.35E+34 3.34E+34 3.29E+34 3.28E+34 2.91E+34 2.66E+34 2.48E+34 2.35E+34 2.28E+34 2.22E+34 2.05E+34 1.78E+34 1.64E+34 1.55E+34 1.48E+34 1.42E+34 1.17E+34 1.07E+34 9.93E+33 9.33E+33 9.04E+33 7.28E+33 6.60E+33 6.03E+33 5.78E+33 4.68E+33
 110.00  2.178  5.12E+38 1.00E+38 4.85E+39 2.44E+35 4.86E+35 7.27E+35 9.63E+35 1.19E+36 1.42E+36 1.64E+36 1.85E+36 2.05E+36 2.25E+36 2.43E+36 2.60E+36 2.77E+36 2.92E+36 3.06E+36 3.19E+36 3.31E+36 3.42E+36 3.52E+36 3.61E+36 3.20E+36 3.05E+36 2.98E+36 2.92E+36 2.87E+36 2.86E+36 2.82E+36 2.82E+36 2.51E+36 2.32E+36 2.17E+36 2.06E+36 2.01E+36 1.96E+36 1.82E+36 1.58E+36 1.47E+36 1.39E+36 1.34E+36 1.28E+36 1.07E+36 9.77E+35 9.13E+35 8.59E+35 8.33E+35 6.80E+35 6.19E+35 5.67E+35 5.45E+35 4.46E+35
 120.00  2.275  3.67E+40 7.13E+39 3.52E+41 1.68E+37 3.35E+37 5.00E+37 6.63E+37 8.23E+37 9.79E+37 1.13E+38 1.28E+38 1.42E+38 1.55E+38 1.68E+38 1.80E+38 1.91E+38 2.02E+38 2.12E+38 2.21E+38 2.30E+38 2.38E+38 2.45E+38 2.51E+38 2.24E+38 2.14E+38 2.10E+38 2.06E+38 2.03E+38 2.03E+38 2.01E+38 2.01E+38 1.80E+38 1.67E+38 1.57E+38 1.50E+38 1.46E+38 1.42E+38 1.32E+38 1.16E+38 1.09E+38 1.03E+38 9.90E+37 9.49E+37 8.02E+37 7.35E+37 6.89E+37 6.50E+37 6.30E+37 5.20E+37 4.75E+37 4.37E+37 4.20E+37 3.48E+37
 130.00  2.368  2.23E+42 4.31E+41 2.17E+43 9.82E+38 1.96E+39 2.93E+39 3.88E+39 4.82E+39 5.73E+39 6.62E+39 7.48E+39 8.31E+39 9.10E+39 9.85E+39 1.06E+40 1.12E+40 1.19E+40 1.25E+40 1.30E+40 1.35E+40 1.40E+40 1.44E+40 1.48E+40 1.33E+40 1.28E+40 1.26E+40 1.24E+40 1.22E+40 1.22E+40 1.21E+40 1.21E+40 1.09E+40 1.01E+40 9.57E+39 9.16E+39 8.93E+39 8.73E+39 8.16E+39 7.22E+39 6.76E+39 6.43E+39 6.18E+39 5.93E+39 5.06E+39 4.66E+39 4.37E+39 4.13E+39 4.01E+39 3.34E+39 3.07E+39 2.83E+39 2.72E+39 2.27E+39
 140.00  2.457  1.17E+44 2.25E+43 1.15E+45 4.96E+40 9.91E+40 1.48E+41 1.96E+41 2.44E+41 2.90E+41 3.35E+41 3.79E+41 4.21E+41 4.61E+41 5.00E+41 5.36E+41 5.71E+41 6.04E+41 6.34E+41 6.63E+41 6.89E+41 7.14E+41 7.37E+41 7.57E+41 6.83E+41 6.58E+41 6.48E+41 6.39E+41 6.31E+41 6.33E+41 6.27E+41 6.28E+41 5.69E+41 5.32E+41 5.03E+41 4.82E+41 4.71E+41 4.61E+41 4.33E+41 3.85E+41 3.61E+41 3.44E+41 3.32E+41 3.19E+41 2.74E+41 2.53E+41 2.38E+41 2.25E+41 2.19E+41 1.84E+41 1.69E+41 1.57E+41 1.51E+41 1.27E+41
 150.00  2.544  5.35E+45 1.03E+45 5.33E+46 2.20E+42 4.39E+42 6.57E+42 8.71E+42 1.08E+43 1.29E+43 1.49E+43 1.68E+43 1.87E+43 2.05E+43 2.22E+43 2.39E+43 2.54E+43 2.69E+43 2.83E+43 2.96E+43 3.08E+43 3.19E+43 3.29E+43 3.39E+43 3.07E+43 2.97E+43 2.93E+43 2.89E+43 2.86E+43 2.87E+43 2.85E+43 2.85E+43 2.60E+43 2.44E+43 2.31E+43 2.22E+43 2.17E+43 2.13E+43 2.00E+43 1.79E+43 1.69E+43 1.61E+43 1.55E+43 1.49E+43 1.29E+43 1.20E+43 1.13E+43 1.07E+43 1.04E+43 8.82E+42 8.14E+42 7.55E+42 7.27E+42 6.16E+42
 160.00  2.627  2.18E+47 4.15E+46 2.19E+48 8.68E+43 1.73E+44 2.59E+44 3.44E+44 4.27E+44 5.08E+44 5.87E+44 6.64E+44 7.39E+44 8.10E+44 8.79E+44 9.44E+44 1.01E+45 1.06E+45 1.12E+45 1.17E+45 1.22E+45 1.26E+45 1.31E+45 1.34E+45 1.23E+45 1.19E+45 1.17E+45 1.16E+45 1.15E+45 1.16E+45 1.15E+45 1.15E+45 1.05E+45 9.89E+44 9.40E+44 9.06E+44 8.87E+44 8.70E+44 8.20E+44 7.37E+44 6.96E+44 6.66E+44 6.43E+44 6.19E+44 5.39E+44 5.01E+44 4.74E+44 4.49E+44 4.38E+44 3.73E+44 3.45E+44 3.21E+44 3.09E+44 2.64E+44
 170.00  2.708  7.96E+48 1.51E+48 8.06E+49 3.07E+45 6.13E+45 9.16E+45 1.22E+46 1.51E+46 1.80E+46 2.08E+46 2.35E+46 2.62E+46 2.87E+46 3.12E+46 3.35E+46 3.57E+46 3.78E+46 3.98E+46 4.17E+46 4.34E+46 4.50E+46 4.65E+46 4.79E+46 4.38E+46 4.26E+46 4.22E+46 4.18E+46 4.14E+46 4.17E+46 4.14E+46 4.15E+46 3.81E+46 3.60E+46 3.43E+46 3.31E+46 3.24E+46 3.18E+46 3.01E+46 2.71E+46 2.57E+46 2.46E+46 2.38E+46 2.30E+46 2.01E+46 1.87E+46 1.77E+46 1.68E+46 1.64E+46 1.41E+46 1.31E+46 1.22E+46 1.17E+46 1.01E+46
 180.00  2.787  2.63E+50 4.95E+49 2.68E+51 9.85E+46 1.97E+47 2.94E+47 3.90E+47 4.85E+47 5.77E+47 6.68E+47 7.56E+47 8.41E+47 9.23E+47 1.00E+48 1.08E+48 1.15E+48 1.22E+48 1.28E+48 1.34E+48 1.40E+48 1.45E+48 1.50E+48 1.55E+48 1.42E+48 1.38E+48 1.37E+48 1.36E+48 1.35E+48 1.36E+48 1.35E+48 1.36E+48 1.25E+48 1.18E+48 1.13E+48 1.09E+48 1.07E+48 1.05E+48 9.97E+47 9.03E+47 8.56E+47 8.22E+47 7.96E+47 7.68E+47 6.75E+47 6.31E+47 5.98E+47 5.70E+47 5.55E+47 4.78E+47 4.45E+47 4.15E+47 4.01E+47 3.46E+47
 190.00  2.863  7.93E+51 1.48E+51 8.14E+52 2.88E+48 5.75E+48 8.60E+48 1.14E+49 1.42E+49 1.69E+49 1.96E+49 2.21E+49 2.46E+49 2.71E+49 2.94E+49 3.16E+49 3.37E+49 3.57E+49 3.76E+49 3.94E+49 4.11E+49 4.27E+49 4.42E+49 4.55E+49 4.20E+49 4.09E+49 4.06E+49 4.04E+49 4.01E+49 4.04E+49 4.02E+49 4.04E+49 3.74E+49 3.54E+49 3.39E+49 3.28E+49 3.22E+49 3.17E+49 3.01E+49 2.73E+49 2.60E+49 2.50E+49 2.42E+49 2.34E+49 2.06E+49 1.93E+49 1.84E+49 1.75E+49 1.71E+49 1.48E+49 1.38E+49 1.29E+49 1.25E+49 1.08E+49
 200.00  2.937  1.62E+53 2.94E+52 1.63E+54 5.60E+49 1.12E+50 1.67E+50 2.22E+50 2.76E+50 3.29E+50 3.81E+50 4.31E+50 4.80E+50 5.27E+50 5.72E+50 6.15E+50 6.57E+50 6.96E+50 7.34E+50 7.69E+50 8.02E+50 8.33E+50 8.62E+50 8.89E+50 8.22E+50 8.03E+50 7.99E+50 7.94E+50 7.90E+50 7.96E+50 7.93E+50 7.98E+50 7.39E+50 7.02E+50 6.73E+50 6.52E+50 6.41E+50 6.31E+50 6.00E+50 5.47E+50 5.20E+50 5.01E+50 4.86E+50 4.70E+50 4.16E+50 3.91E+50 3.72E+50 3.55E+50 3.46E+50 3.01E+50 2.82E+50 2.63E+50 2.55E+50 2.21E+50
 
