                    **********************************************************************************************************************************
                    *  Z= 93 A=234: Positive-Parity Spin-dependent Level Density [MeV-1] for NP234 B=  4.44 hw=  0.14 b2= 1.290 b3=-0.436 b4= 1.396  *
                    **********************************************************************************************************************************
 U[MeV]  T[MeV]  NCUMUL   RHOOBS   RHOTOT     J=00     J=01     J=02     J=03     J=04     J=05     J=06     J=07     J=08     J=09     J=10     J=11     J=12     J=13     J=14     J=15     J=16     J=17     J=18     J=19     J=20     J=21     J=22     J=23     J=24     J=25     J=26     J=27     J=28     J=29     J=30     J=31     J=32     J=33     J=34     J=35     J=36     J=37     J=38     J=39     J=40     J=41     J=42     J=43     J=44     J=45     J=46     J=47     J=48     J=49
   0.25  0.108  2.00E+01 1.63E+02 2.54E+03 2.67E+00 4.00E+00 1.07E+01 9.33E+00 1.33E+01 1.33E+01 1.73E+01 1.47E+01 1.73E+01 1.33E+01 1.33E+01 9.33E+00 1.20E+01 5.33E+00 2.67E+00 2.67E+00 1.33E+00 0.00E+00 0.00E+00 0.00E+00 0.00E+00 0.00E+00 0.00E+00 0.00E+00 0.00E+00 0.00E+00 0.00E+00 0.00E+00 0.00E+00 0.00E+00 0.00E+00 0.00E+00 0.00E+00 0.00E+00 0.00E+00 0.00E+00 0.00E+00 0.00E+00 0.00E+00 0.00E+00 0.00E+00 0.00E+00 0.00E+00 0.00E+00 0.00E+00 0.00E+00 0.00E+00 0.00E+00 0.00E+00 0.00E+00
   0.50  0.153  6.70E+01 2.17E+02 3.63E+03 2.00E+00 6.00E+00 1.30E+01 1.30E+01 1.70E+01 1.70E+01 2.10E+01 1.90E+01 2.10E+01 1.60E+01 1.40E+01 1.10E+01 1.30E+01 9.00E+00 1.00E+01 7.00E+00 4.00E+00 2.00E+00 2.00E+00 0.00E+00 0.00E+00 0.00E+00 0.00E+00 0.00E+00 0.00E+00 0.00E+00 0.00E+00 0.00E+00 0.00E+00 0.00E+00 0.00E+00 0.00E+00 0.00E+00 0.00E+00 0.00E+00 0.00E+00 0.00E+00 0.00E+00 0.00E+00 0.00E+00 0.00E+00 0.00E+00 0.00E+00 0.00E+00 0.00E+00 0.00E+00 0.00E+00 0.00E+00 0.00E+00 0.00E+00
   0.75  0.188  1.59E+02 5.13E+02 8.32E+03 1.00E+01 1.00E+01 3.30E+01 3.10E+01 4.60E+01 4.10E+01 5.40E+01 4.70E+01 5.70E+01 4.30E+01 2.80E+01 2.20E+01 2.10E+01 1.40E+01 1.40E+01 1.10E+01 1.10E+01 7.00E+00 9.00E+00 2.00E+00 2.00E+00 0.00E+00 0.00E+00 0.00E+00 0.00E+00 0.00E+00 0.00E+00 0.00E+00 0.00E+00 0.00E+00 0.00E+00 0.00E+00 0.00E+00 0.00E+00 0.00E+00 0.00E+00 0.00E+00 0.00E+00 0.00E+00 0.00E+00 0.00E+00 0.00E+00 0.00E+00 0.00E+00 0.00E+00 0.00E+00 0.00E+00 0.00E+00 0.00E+00 0.00E+00
   1.00  0.217  3.57E+02 1.07E+03 1.78E+04 2.00E+01 2.10E+01 6.20E+01 6.20E+01 9.40E+01 8.20E+01 1.09E+02 9.40E+01 1.18E+02 8.70E+01 7.00E+01 5.30E+01 5.70E+01 3.50E+01 2.50E+01 1.90E+01 1.60E+01 1.10E+01 1.30E+01 8.00E+00 9.00E+00 4.00E+00 2.00E+00 0.00E+00 0.00E+00 0.00E+00 0.00E+00 0.00E+00 0.00E+00 0.00E+00 0.00E+00 0.00E+00 0.00E+00 0.00E+00 0.00E+00 0.00E+00 0.00E+00 0.00E+00 0.00E+00 0.00E+00 0.00E+00 0.00E+00 0.00E+00 0.00E+00 0.00E+00 0.00E+00 0.00E+00 0.00E+00 0.00E+00 0.00E+00
   1.25  0.242  7.57E+02 2.14E+03 3.64E+04 4.20E+01 4.10E+01 1.17E+02 1.10E+02 1.81E+02 1.55E+02 2.11E+02 1.79E+02 2.28E+02 1.70E+02 1.45E+02 1.10E+02 1.23E+02 8.00E+01 6.80E+01 4.70E+01 3.70E+01 2.20E+01 2.10E+01 1.20E+01 1.30E+01 8.00E+00 9.00E+00 4.00E+00 2.00E+00 0.00E+00 0.00E+00 0.00E+00 0.00E+00 0.00E+00 0.00E+00 0.00E+00 0.00E+00 0.00E+00 0.00E+00 0.00E+00 0.00E+00 0.00E+00 0.00E+00 0.00E+00 0.00E+00 0.00E+00 0.00E+00 0.00E+00 0.00E+00 0.00E+00 0.00E+00 0.00E+00 0.00E+00 0.00E+00
   1.50  0.266  1.56E+03 4.31E+03 7.45E+04 8.60E+01 7.60E+01 2.37E+02 2.18E+02 3.58E+02 3.11E+02 4.23E+02 3.58E+02 4.56E+02 3.45E+02 2.92E+02 2.15E+02 2.42E+02 1.62E+02 1.39E+02 1.04E+02 9.00E+01 5.40E+01 5.70E+01 2.30E+01 2.10E+01 1.20E+01 1.30E+01 8.00E+00 9.00E+00 2.00E+00 2.00E+00 0.00E+00 0.00E+00 0.00E+00 0.00E+00 0.00E+00 0.00E+00 0.00E+00 0.00E+00 0.00E+00 0.00E+00 0.00E+00 0.00E+00 0.00E+00 0.00E+00 0.00E+00 0.00E+00 0.00E+00 0.00E+00 0.00E+00 0.00E+00 0.00E+00 0.00E+00 0.00E+00
   1.75  0.287  3.14E+03 8.28E+03 1.46E+05 1.52E+02 1.51E+02 4.36E+02 4.08E+02 6.61E+02 5.87E+02 7.98E+02 6.81E+02 8.60E+02 6.49E+02 5.82E+02 4.25E+02 4.83E+02 3.16E+02 2.71E+02 2.01E+02 1.82E+02 1.12E+02 1.24E+02 5.80E+01 5.70E+01 2.60E+01 2.10E+01 1.20E+01 1.30E+01 8.00E+00 9.00E+00 2.00E+00 0.00E+00 0.00E+00 0.00E+00 0.00E+00 0.00E+00 0.00E+00 0.00E+00 0.00E+00 0.00E+00 0.00E+00 0.00E+00 0.00E+00 0.00E+00 0.00E+00 0.00E+00 0.00E+00 0.00E+00 0.00E+00 0.00E+00 0.00E+00 0.00E+00 0.00E+00
   2.00  0.307  6.12E+03 1.55E+04 2.79E+05 2.72E+02 2.69E+02 7.89E+02 7.35E+02 1.20E+03 1.07E+03 1.46E+03 1.26E+03 1.58E+03 1.22E+03 1.10E+03 8.31E+02 9.27E+02 6.22E+02 5.49E+02 3.99E+02 3.59E+02 2.17E+02 2.43E+02 1.19E+02 1.24E+02 6.10E+01 5.70E+01 2.60E+01 2.10E+01 1.20E+01 1.30E+01 7.00E+00 4.00E+00 2.00E+00 0.00E+00 0.00E+00 0.00E+00 0.00E+00 0.00E+00 0.00E+00 0.00E+00 0.00E+00 0.00E+00 0.00E+00 0.00E+00 0.00E+00 0.00E+00 0.00E+00 0.00E+00 0.00E+00 0.00E+00 0.00E+00 0.00E+00 0.00E+00
   2.25  0.325  1.16E+04 2.86E+04 5.22E+05 4.92E+02 4.74E+02 1.41E+03 1.30E+03 2.13E+03 1.91E+03 2.61E+03 2.27E+03 2.86E+03 2.23E+03 2.03E+03 1.56E+03 1.72E+03 1.19E+03 1.06E+03 7.83E+02 7.12E+02 4.32E+02 4.85E+02 2.30E+02 2.43E+02 1.27E+02 1.24E+02 6.10E+01 5.70E+01 2.30E+01 2.10E+01 1.10E+01 1.00E+01 7.00E+00 2.00E+00 0.00E+00 0.00E+00 0.00E+00 0.00E+00 0.00E+00 0.00E+00 0.00E+00 0.00E+00 0.00E+00 0.00E+00 0.00E+00 0.00E+00 0.00E+00 0.00E+00 0.00E+00 0.00E+00 0.00E+00 0.00E+00 0.00E+00
   2.50  0.343  2.17E+04 5.17E+04 9.60E+05 8.66E+02 8.50E+02 2.48E+03 2.30E+03 3.78E+03 3.40E+03 4.64E+03 4.05E+03 5.11E+03 3.99E+03 3.67E+03 2.84E+03 3.13E+03 2.20E+03 1.96E+03 1.46E+03 1.35E+03 8.52E+02 9.36E+02 4.72E+02 4.85E+02 2.53E+02 2.43E+02 1.27E+02 1.24E+02 5.80E+01 5.70E+01 1.90E+01 1.40E+01 1.10E+01 9.00E+00 4.00E+00 2.00E+00 0.00E+00 0.00E+00 0.00E+00 0.00E+00 0.00E+00 0.00E+00 0.00E+00 0.00E+00 0.00E+00 0.00E+00 0.00E+00 0.00E+00 0.00E+00 0.00E+00 0.00E+00 0.00E+00 0.00E+00
   2.75  0.360  3.99E+04 9.38E+04 1.76E+06 1.53E+03 1.48E+03 4.39E+03 4.09E+03 6.71E+03 6.08E+03 8.30E+03 7.30E+03 9.20E+03 7.30E+03 6.67E+03 5.19E+03 5.68E+03 4.01E+03 3.60E+03 2.68E+03 2.49E+03 1.61E+03 1.74E+03 9.21E+02 9.36E+02 5.11E+02 4.85E+02 2.53E+02 2.43E+02 1.19E+02 1.19E+02 5.20E+01 2.80E+01 1.90E+01 1.30E+01 8.00E+00 7.00E+00 2.00E+00 0.00E+00 0.00E+00 0.00E+00 0.00E+00 0.00E+00 0.00E+00 0.00E+00 0.00E+00 0.00E+00 0.00E+00 0.00E+00 0.00E+00 0.00E+00 0.00E+00 0.00E+00 0.00E+00
   3.00  0.376  7.24E+04 1.66E+05 3.17E+06 2.60E+03 2.55E+03 7.55E+03 7.11E+03 1.16E+04 1.06E+04 1.44E+04 1.28E+04 1.61E+04 1.29E+04 1.20E+04 9.41E+03 1.03E+04 7.37E+03 6.58E+03 4.92E+03 4.56E+03 2.95E+03 3.18E+03 1.73E+03 1.74E+03 9.91E+02 9.36E+02 5.11E+02 4.85E+02 2.29E+02 2.37E+02 1.07E+02 7.10E+01 4.70E+01 2.10E+01 1.20E+01 1.30E+01 7.00E+00 2.00E+00 0.00E+00 0.00E+00 0.00E+00 0.00E+00 0.00E+00 0.00E+00 0.00E+00 0.00E+00 0.00E+00 0.00E+00 0.00E+00 0.00E+00 0.00E+00 0.00E+00 0.00E+00
   3.25  0.391  1.29E+05 2.87E+05 5.56E+06 4.31E+03 4.26E+03 1.26E+04 1.19E+04 1.94E+04 1.77E+04 2.42E+04 2.15E+04 2.71E+04 2.19E+04 2.07E+04 1.65E+04 1.81E+04 1.31E+04 1.19E+04 9.00E+03 8.35E+03 5.46E+03 5.81E+03 3.18E+03 3.18E+03 1.86E+03 1.74E+03 9.91E+02 9.36E+02 4.65E+02 4.79E+02 2.06E+02 1.47E+02 1.04E+02 6.20E+01 2.60E+01 2.10E+01 1.10E+01 9.00E+00 2.00E+00 1.00E+00 0.00E+00 0.00E+00 0.00E+00 0.00E+00 0.00E+00 0.00E+00 0.00E+00 0.00E+00 0.00E+00 0.00E+00 0.00E+00 0.00E+00 0.00E+00
   3.50  0.406  2.26E+05 4.89E+05 9.61E+06 7.14E+03 7.02E+03 2.09E+04 1.98E+04 3.23E+04 2.96E+04 4.04E+04 3.61E+04 4.54E+04 3.70E+04 3.51E+04 2.81E+04 3.07E+04 2.26E+04 2.08E+04 1.59E+04 1.49E+04 9.94E+03 1.06E+04 5.87E+03 5.81E+03 3.40E+03 3.18E+03 1.86E+03 1.74E+03 9.07E+02 9.11E+02 4.16E+02 2.95E+02 2.01E+02 1.27E+02 6.10E+01 4.90E+01 1.90E+01 1.30E+01 8.00E+00 4.00E+00 2.00E+00 0.00E+00 0.00E+00 0.00E+00 0.00E+00 0.00E+00 0.00E+00 0.00E+00 0.00E+00 0.00E+00 0.00E+00 0.00E+00 0.00E+00
   3.75  0.420  3.90E+05 8.23E+05 1.64E+07 1.17E+04 1.15E+04 3.41E+04 3.25E+04 5.30E+04 4.88E+04 6.66E+04 5.98E+04 7.52E+04 6.17E+04 5.90E+04 4.76E+04 5.20E+04 3.87E+04 3.55E+04 2.73E+04 2.57E+04 1.75E+04 1.87E+04 1.07E+04 1.06E+04 6.28E+03 5.81E+03 3.40E+03 3.18E+03 1.70E+03 1.70E+03 8.11E+02 5.97E+02 3.99E+02 2.48E+02 1.27E+02 1.09E+02 4.70E+01 2.40E+01 1.20E+01 1.00E+01 7.00E+00 2.00E+00 0.00E+00 0.00E+00 0.00E+00 0.00E+00 0.00E+00 0.00E+00 0.00E+00 0.00E+00 0.00E+00 0.00E+00 0.00E+00
   4.00  0.434  6.64E+05 1.37E+06 2.76E+07 1.90E+04 1.87E+04 5.54E+04 5.27E+04 8.62E+04 7.95E+04 1.09E+05 9.79E+04 1.23E+05 1.02E+05 9.79E+04 7.95E+04 8.68E+04 6.53E+04 6.01E+04 4.66E+04 4.40E+04 3.02E+04 3.19E+04 1.88E+04 1.87E+04 1.14E+04 1.06E+04 6.28E+03 5.81E+03 3.13E+03 3.12E+03 1.53E+03 1.14E+03 7.84E+02 5.02E+02 2.53E+02 2.15E+02 1.04E+02 6.40E+01 2.30E+01 1.50E+01 1.10E+01 9.00E+00 2.00E+00 0.00E+00 0.00E+00 0.00E+00 0.00E+00 0.00E+00 0.00E+00 0.00E+00 0.00E+00 0.00E+00 0.00E+00
   4.25  0.447  1.12E+06 2.27E+06 4.63E+07 3.11E+04 3.04E+04 9.05E+04 8.61E+04 1.41E+05 1.31E+05 1.79E+05 1.61E+05 2.03E+05 1.68E+05 1.62E+05 1.32E+05 1.44E+05 1.09E+05 1.01E+05 7.84E+04 7.44E+04 5.16E+04 5.43E+04 3.24E+04 3.19E+04 1.99E+04 1.87E+04 1.14E+04 1.06E+04 5.78E+03 5.63E+03 2.83E+03 2.13E+03 1.47E+03 9.63E+02 5.11E+02 4.35E+02 2.01E+02 1.32E+02 5.80E+01 3.10E+01 1.90E+01 1.30E+01 7.00E+00 2.00E+00 0.00E+00 0.00E+00 0.00E+00 0.00E+00 0.00E+00 0.00E+00 0.00E+00 0.00E+00 0.00E+00
   4.50  0.460  1.87E+06 3.75E+06 7.72E+07 5.02E+04 4.94E+04 1.47E+05 1.40E+05 2.29E+05 2.13E+05 2.92E+05 2.64E+05 3.33E+05 2.77E+05 2.68E+05 2.19E+05 2.39E+05 1.82E+05 1.67E+05 1.31E+05 1.24E+05 8.70E+04 9.13E+04 5.53E+04 5.44E+04 3.43E+04 3.19E+04 1.99E+04 1.87E+04 1.05E+04 1.03E+04 5.19E+03 3.89E+03 2.69E+03 1.80E+03 9.91E+02 8.45E+02 3.99E+02 2.59E+02 1.19E+02 7.80E+01 4.70E+01 2.10E+01 1.10E+01 9.00E+00 2.00E+00 0.00E+00 0.00E+00 0.00E+00 0.00E+00 0.00E+00 0.00E+00 0.00E+00 0.00E+00
   4.75  0.473  3.11E+06 6.13E+06 1.27E+08 8.01E+04 7.88E+04 2.34E+05 2.24E+05 3.67E+05 3.41E+05 4.67E+05 4.25E+05 5.35E+05 4.48E+05 4.37E+05 3.61E+05 3.93E+05 3.02E+05 2.79E+05 2.18E+05 2.08E+05 1.46E+05 1.52E+05 9.33E+04 9.15E+04 5.86E+04 5.44E+04 3.44E+04 3.19E+04 1.85E+04 1.82E+04 9.50E+03 7.15E+03 4.95E+03 3.32E+03 1.86E+03 1.58E+03 7.84E+02 5.18E+02 2.30E+02 1.64E+02 9.90E+01 5.70E+01 1.90E+01 1.30E+01 7.00E+00 2.00E+00 0.00E+00 0.00E+00 0.00E+00 0.00E+00 0.00E+00 0.00E+00 0.00E+00
   5.00  0.485  5.11E+06 9.89E+06 2.08E+08 1.26E+05 1.24E+05 3.70E+05 3.54E+05 5.80E+05 5.41E+05 7.42E+05 6.76E+05 8.51E+05 7.17E+05 7.04E+05 5.83E+05 6.35E+05 4.92E+05 4.58E+05 3.62E+05 3.45E+05 2.44E+05 2.54E+05 1.56E+05 1.52E+05 9.87E+04 9.16E+04 5.87E+04 5.45E+04 3.19E+04 3.10E+04 1.68E+04 1.29E+04 9.07E+03 6.06E+03 3.40E+03 2.90E+03 1.47E+03 1.00E+03 4.72E+02 3.21E+02 1.95E+02 1.24E+02 4.70E+01 2.10E+01 1.10E+01 9.00E+00 2.00E+00 0.00E+00 0.00E+00 0.00E+00 0.00E+00 0.00E+00 0.00E+00
   5.50  0.508  1.38E+07 2.47E+07 5.32E+08 3.01E+05 2.96E+05 8.81E+05 8.46E+05 1.39E+06 1.30E+06 1.78E+06 1.63E+06 2.06E+06 1.75E+06 1.75E+06 1.46E+06 1.60E+06 1.26E+06 1.18E+06 9.45E+05 9.08E+05 6.55E+05 6.81E+05 4.33E+05 4.21E+05 2.77E+05 2.55E+05 1.66E+05 1.53E+05 9.19E+04 8.85E+04 4.96E+04 3.87E+04 2.76E+04 1.94E+04 1.14E+04 9.63E+03 4.95E+03 3.45E+03 1.73E+03 1.23E+03 7.59E+02 4.85E+02 2.01E+02 1.27E+02 5.20E+01 2.40E+01 1.10E+01 9.00E+00 2.00E+00 0.00E+00 0.00E+00 0.00E+00 0.00E+00
   6.00  0.531  3.48E+07 5.93E+07 1.31E+09 6.89E+05 6.80E+05 2.02E+06 1.95E+06 3.20E+06 3.01E+06 4.13E+06 3.80E+06 4.79E+06 4.11E+06 4.13E+06 3.49E+06 3.82E+06 3.04E+06 2.89E+06 2.33E+06 2.26E+06 1.67E+06 1.73E+06 1.13E+06 1.10E+06 7.42E+05 6.86E+05 4.58E+05 4.22E+05 2.58E+05 2.46E+05 1.40E+05 1.10E+05 7.99E+04 5.68E+04 3.44E+04 2.92E+04 1.61E+04 1.15E+04 5.87E+03 4.18E+03 2.62E+03 1.74E+03 7.84E+02 5.00E+02 2.06E+02 1.32E+02 5.40E+01 2.40E+01 1.10E+01 9.00E+00 2.00E+00 0.00E+00 0.00E+00
   6.50  0.553  8.38E+07 1.37E+08 3.08E+09 1.52E+06 1.50E+06 4.48E+06 4.32E+06 7.10E+06 6.70E+06 9.20E+06 8.51E+06 1.07E+07 9.27E+06 9.41E+06 8.02E+06 8.79E+06 7.09E+06 6.79E+06 5.53E+06 5.40E+06 4.03E+06 4.18E+06 2.79E+06 2.72E+06 1.88E+06 1.75E+06 1.19E+06 1.10E+06 6.95E+05 6.63E+05 3.91E+05 3.09E+05 2.24E+05 1.59E+05 9.88E+04 8.40E+04 4.73E+04 3.47E+04 1.88E+04 1.38E+04 8.76E+03 5.81E+03 2.69E+03 1.79E+03 8.11E+02 5.18E+02 2.17E+02 1.32E+02 5.40E+01 2.10E+01 1.10E+01 9.00E+00 2.00E+00
   7.00  0.574  1.93E+08 3.02E+08 6.97E+09 3.21E+06 3.18E+06 9.46E+06 9.14E+06 1.50E+07 1.42E+07 1.95E+07 1.81E+07 2.29E+07 1.99E+07 2.05E+07 1.76E+07 1.94E+07 1.58E+07 1.53E+07 1.26E+07 1.23E+07 9.33E+06 9.69E+06 6.60E+06 6.46E+06 4.54E+06 4.23E+06 2.94E+06 2.74E+06 1.77E+06 1.69E+06 1.03E+06 8.24E+05 6.07E+05 4.41E+05 2.78E+05 2.34E+05 1.34E+05 9.95E+04 5.55E+04 4.11E+04 2.66E+04 1.87E+04 9.07E+03 6.00E+03 2.83E+03 1.88E+03 8.52E+02 5.18E+02 2.17E+02 1.27E+02 5.10E+01 2.10E+01 1.10E+01
   7.50  0.594  4.28E+08 6.36E+08 1.51E+10 6.46E+06 6.39E+06 1.90E+07 1.84E+07 3.03E+07 2.88E+07 3.96E+07 3.69E+07 4.65E+07 4.08E+07 4.24E+07 3.67E+07 4.05E+07 3.34E+07 3.27E+07 2.71E+07 2.68E+07 2.06E+07 2.15E+07 1.49E+07 1.47E+07 1.05E+07 9.83E+06 6.96E+06 6.50E+06 4.28E+06 4.09E+06 2.55E+06 2.08E+06 1.56E+06 1.15E+06 7.44E+05 6.33E+05 3.72E+05 2.78E+05 1.57E+05 1.17E+05 7.69E+04 5.45E+04 2.76E+04 1.92E+04 9.50E+03 6.33E+03 2.96E+03 1.88E+03 8.52E+02 5.02E+02 2.06E+02 1.24E+02 4.70E+01
   8.00  0.613  9.08E+08 1.28E+09 3.12E+10 1.25E+07 1.23E+07 3.68E+07 3.56E+07 5.86E+07 5.58E+07 7.68E+07 7.17E+07 9.05E+07 7.99E+07 8.38E+07 7.31E+07 8.08E+07 6.73E+07 6.65E+07 5.56E+07 5.56E+07 4.33E+07 4.52E+07 3.21E+07 3.17E+07 2.31E+07 2.18E+07 1.57E+07 1.48E+07 9.96E+06 9.52E+06 6.09E+06 5.02E+06 3.78E+06 2.85E+06 1.89E+06 1.62E+06 9.79E+05 7.47E+05 4.35E+05 3.26E+05 2.15E+05 1.53E+05 7.99E+04 5.61E+04 2.90E+04 2.02E+04 9.97E+03 6.33E+03 2.96E+03 1.80E+03 8.03E+02 4.85E+02 2.01E+02
   8.50  0.632  1.85E+09 2.49E+09 6.19E+10 2.31E+07 2.28E+07 6.81E+07 6.61E+07 1.09E+08 1.04E+08 1.43E+08 1.34E+08 1.69E+08 1.50E+08 1.59E+08 1.39E+08 1.55E+08 1.30E+08 1.29E+08 1.09E+08 1.10E+08 8.66E+07 9.07E+07 6.56E+07 6.52E+07 4.83E+07 4.60E+07 3.38E+07 3.20E+07 2.20E+07 2.12E+07 1.39E+07 1.16E+07 8.84E+06 6.78E+06 4.56E+06 3.93E+06 2.44E+06 1.90E+06 1.14E+06 8.69E+05 5.83E+05 4.22E+05 2.24E+05 1.57E+05 8.39E+04 5.91E+04 3.04E+04 2.02E+04 9.97E+03 6.06E+03 2.80E+03 1.74E+03 7.84E+02
   9.00  0.650  3.63E+09 4.62E+09 1.18E+11 4.09E+07 4.05E+07 1.21E+08 1.17E+08 1.93E+08 1.84E+08 2.54E+08 2.39E+08 3.01E+08 2.69E+08 2.88E+08 2.54E+08 2.83E+08 2.39E+08 2.41E+08 2.05E+08 2.07E+08 1.66E+08 1.74E+08 1.28E+08 1.28E+08 9.63E+07 9.24E+07 6.90E+07 6.58E+07 4.63E+07 4.47E+07 3.01E+07 2.55E+07 1.97E+07 1.54E+07 1.06E+07 9.18E+06 5.82E+06 4.59E+06 2.82E+06 2.19E+06 1.49E+06 1.11E+06 6.07E+05 4.35E+05 2.35E+05 1.66E+05 8.78E+04 5.91E+04 3.04E+04 1.94E+04 9.40E+03 5.81E+03 2.69E+03
   9.50  0.668  6.84E+09 8.24E+09 2.16E+11 6.99E+07 6.92E+07 2.06E+08 2.01E+08 3.31E+08 3.16E+08 4.36E+08 4.10E+08 5.18E+08 4.64E+08 5.00E+08 4.43E+08 4.95E+08 4.22E+08 4.29E+08 3.67E+08 3.74E+08 3.02E+08 3.19E+08 2.38E+08 2.40E+08 1.83E+08 1.77E+08 1.34E+08 1.29E+08 9.26E+07 9.01E+07 6.19E+07 5.33E+07 4.17E+07 3.33E+07 2.33E+07 2.05E+07 1.33E+07 1.07E+07 6.70E+06 5.26E+06 3.63E+06 2.74E+06 1.56E+06 1.14E+06 6.37E+05 4.59E+05 2.47E+05 1.66E+05 8.78E+04 5.68E+04 2.86E+04 1.87E+04 9.07E+03
  10.00  0.686  1.24E+10 1.42E+10 3.81E+11 1.15E+08 1.14E+08 3.41E+08 3.32E+08 5.47E+08 5.24E+08 7.22E+08 6.80E+08 8.59E+08 7.73E+08 8.39E+08 7.47E+08 8.37E+08 7.18E+08 7.34E+08 6.32E+08 6.48E+08 5.29E+08 5.59E+08 4.25E+08 4.30E+08 3.33E+08 3.25E+08 2.50E+08 2.43E+08 1.77E+08 1.73E+08 1.21E+08 1.06E+08 8.40E+07 6.84E+07 4.88E+07 4.34E+07 2.89E+07 2.36E+07 1.52E+07 1.21E+07 8.50E+06 6.51E+06 3.78E+06 2.82E+06 1.63E+06 1.20E+06 6.67E+05 4.59E+05 2.47E+05 1.59E+05 8.27E+04 5.45E+04 2.76E+04
  11.00  0.719  3.88E+10 3.84E+10 1.08E+12 2.91E+08 2.88E+08 8.59E+08 8.37E+08 1.38E+09 1.32E+09 1.82E+09 1.72E+09 2.18E+09 1.97E+09 2.16E+09 1.94E+09 2.18E+09 1.89E+09 1.96E+09 1.70E+09 1.76E+09 1.46E+09 1.55E+09 1.21E+09 1.23E+09 9.76E+08 9.67E+08 7.61E+08 7.50E+08 5.64E+08 5.60E+08 4.08E+08 3.68E+08 2.97E+08 2.51E+08 1.85E+08 1.69E+08 1.17E+08 9.93E+07 6.70E+07 5.54E+07 4.02E+07 3.21E+07 1.97E+07 1.52E+07 9.25E+06 7.04E+06 4.13E+06 2.97E+06 1.70E+06 1.15E+06 6.28E+05 4.22E+05 2.24E+05
  12.00  0.751  1.05E+11 9.50E+10 2.78E+12 6.77E+08 6.71E+08 2.00E+09 1.95E+09 3.22E+09 3.09E+09 4.27E+09 4.04E+09 5.10E+09 4.64E+09 5.13E+09 4.62E+09 5.20E+09 4.54E+09 4.73E+09 4.13E+09 4.31E+09 3.61E+09 3.85E+09 3.05E+09 3.14E+09 2.52E+09 2.53E+09 2.02E+09 2.02E+09 1.55E+09 1.56E+09 1.17E+09 1.08E+09 8.83E+08 7.73E+08 5.87E+08 5.48E+08 3.95E+08 3.47E+08 2.44E+08 2.09E+08 1.56E+08 1.30E+08 8.40E+07 6.76E+07 4.34E+07 3.44E+07 2.14E+07 1.60E+07 9.63E+06 6.78E+06 3.90E+06 2.74E+06 1.56E+06
  13.00  0.782  2.64E+11 2.21E+11 6.66E+12 1.52E+09 1.50E+09 4.49E+09 4.38E+09 7.22E+09 6.94E+09 9.58E+09 9.07E+09 1.15E+10 1.05E+10 1.16E+10 1.05E+10 1.18E+10 1.03E+10 1.08E+10 9.49E+09 9.94E+09 8.37E+09 8.94E+09 7.14E+09 7.38E+09 6.00E+09 6.04E+09 4.89E+09 4.91E+09 3.84E+09 3.88E+09 2.97E+09 2.78E+09 2.31E+09 2.07E+09 1.61E+09 1.53E+09 1.14E+09 1.02E+09 7.46E+08 6.59E+08 5.07E+08 4.36E+08 2.97E+08 2.48E+08 1.67E+08 1.38E+08 9.03E+07 7.06E+07 4.50E+07 3.33E+07 2.03E+07 1.48E+07 8.84E+06
  14.00  0.811  6.26E+11 5.03E+11 1.54E+13 3.38E+09 3.35E+09 1.00E+10 9.76E+09 1.61E+10 1.55E+10 2.14E+10 2.03E+10 2.57E+10 2.34E+10 2.59E+10 2.35E+10 2.65E+10 2.32E+10 2.43E+10 2.13E+10 2.24E+10 1.89E+10 2.02E+10 1.62E+10 1.67E+10 1.36E+10 1.38E+10 1.12E+10 1.13E+10 8.90E+09 9.03E+09 6.98E+09 6.62E+09 5.53E+09 5.03E+09 3.97E+09 3.81E+09 2.89E+09 2.66E+09 1.99E+09 1.80E+09 1.41E+09 1.25E+09 8.84E+08 7.66E+08 5.38E+08 4.61E+08 3.16E+08 2.58E+08 1.73E+08 1.34E+08 8.61E+07 6.60E+07 4.17E+07
  15.00  0.840  1.45E+12 1.15E+12 3.53E+13 7.67E+09 7.61E+09 2.27E+10 2.22E+10 3.66E+10 3.52E+10 4.87E+10 4.62E+10 5.84E+10 5.34E+10 5.90E+10 5.34E+10 6.02E+10 5.28E+10 5.52E+10 4.85E+10 5.07E+10 4.28E+10 4.57E+10 3.66E+10 3.78E+10 3.09E+10 3.11E+10 2.53E+10 2.55E+10 2.01E+10 2.04E+10 1.59E+10 1.51E+10 1.26E+10 1.16E+10 9.19E+09 8.89E+09 6.82E+09 6.34E+09 4.81E+09 4.43E+09 3.52E+09 3.18E+09 2.31E+09 2.05E+09 1.49E+09 1.31E+09 9.33E+08 7.92E+08 5.53E+08 4.49E+08 3.03E+08 2.43E+08 1.62E+08
  16.00  0.867  3.36E+12 2.68E+12 8.21E+13 1.80E+10 1.78E+10 5.33E+10 5.20E+10 8.59E+10 8.28E+10 1.14E+11 1.09E+11 1.38E+11 1.26E+11 1.39E+11 1.25E+11 1.41E+11 1.24E+11 1.29E+11 1.13E+11 1.18E+11 9.99E+10 1.06E+11 8.50E+10 8.73E+10 7.13E+10 7.14E+10 5.82E+10 5.82E+10 4.60E+10 4.64E+10 3.60E+10 3.41E+10 2.86E+10 2.61E+10 2.08E+10 2.01E+10 1.55E+10 1.45E+10 1.11E+10 1.02E+10 8.21E+09 7.50E+09 5.53E+09 5.00E+09 3.70E+09 3.33E+09 2.43E+09 2.12E+09 1.53E+09 1.28E+09 9.01E+08 7.52E+08 5.22E+08
  17.00  0.894  7.92E+12 6.43E+12 1.96E+14 4.35E+10 4.32E+10 1.29E+11 1.26E+11 2.08E+11 2.01E+11 2.77E+11 2.64E+11 3.34E+11 3.05E+11 3.36E+11 3.05E+11 3.42E+11 3.01E+11 3.12E+11 2.75E+11 2.86E+11 2.41E+11 2.56E+11 2.04E+11 2.09E+11 1.70E+11 1.70E+11 1.38E+11 1.37E+11 1.08E+11 1.08E+11 8.38E+10 7.88E+10 6.60E+10 5.98E+10 4.76E+10 4.57E+10 3.52E+10 3.27E+10 2.50E+10 2.31E+10 1.86E+10 1.70E+10 1.26E+10 1.15E+10 8.60E+09 7.82E+09 5.79E+09 5.13E+09 3.78E+09 3.26E+09 2.35E+09 2.02E+09 1.45E+09
  18.00  0.920  1.91E+13 1.58E+13 4.79E+14 1.07E+11 1.07E+11 3.19E+11 3.12E+11 5.15E+11 4.97E+11 6.87E+11 6.54E+11 8.29E+11 7.59E+11 8.34E+11 7.57E+11 8.50E+11 7.49E+11 7.76E+11 6.83E+11 7.09E+11 5.99E+11 6.34E+11 5.06E+11 5.15E+11 4.20E+11 4.16E+11 3.38E+11 3.34E+11 2.63E+11 2.62E+11 2.02E+11 1.88E+11 1.57E+11 1.41E+11 1.12E+11 1.07E+11 8.18E+10 7.55E+10 5.75E+10 5.28E+10 4.23E+10 3.86E+10 2.86E+10 2.60E+10 1.95E+10 1.77E+10 1.32E+10 1.18E+10 8.78E+09 7.67E+09 5.62E+09 4.92E+09 3.61E+09
  19.00  0.945  4.68E+13 3.96E+13 1.19E+15 2.68E+11 2.66E+11 7.94E+11 7.78E+11 1.28E+12 1.24E+12 1.72E+12 1.64E+12 2.07E+12 1.90E+12 2.09E+12 1.90E+12 2.13E+12 1.88E+12 1.95E+12 1.72E+12 1.79E+12 1.51E+12 1.60E+12 1.28E+12 1.30E+12 1.06E+12 1.04E+12 8.50E+11 8.37E+11 6.57E+11 6.52E+11 5.02E+11 4.65E+11 3.88E+11 3.46E+11 2.73E+11 2.58E+11 1.97E+11 1.80E+11 1.37E+11 1.24E+11 9.91E+10 8.95E+10 6.61E+10 5.94E+10 4.44E+10 4.02E+10 3.00E+10 2.67E+10 1.99E+10 1.74E+10 1.28E+10 1.13E+10 8.39E+09
  20.00  0.970  1.16E+14 9.95E+13 3.00E+15 6.67E+11 6.62E+11 1.98E+12 1.94E+12 3.20E+12 3.10E+12 4.28E+12 4.09E+12 5.18E+12 4.76E+12 5.24E+12 4.77E+12 5.36E+12 4.74E+12 4.91E+12 4.34E+12 4.51E+12 3.82E+12 4.03E+12 3.23E+12 3.28E+12 2.68E+12 2.65E+12 2.16E+12 2.12E+12 1.67E+12 1.65E+12 1.27E+12 1.17E+12 9.80E+11 8.68E+11 6.85E+11 6.44E+11 4.90E+11 4.45E+11 3.36E+11 3.03E+11 2.41E+11 2.15E+11 1.58E+11 1.40E+11 1.04E+11 9.36E+10 6.93E+10 6.11E+10 4.54E+10 3.94E+10 2.91E+10 2.56E+10 1.90E+10
  22.50  1.028  1.45E+15 9.65E+14 2.95E+16 6.24E+12 6.20E+12 1.85E+13 1.81E+13 3.00E+13 2.91E+13 4.02E+13 3.85E+13 4.88E+13 4.50E+13 4.98E+13 4.56E+13 5.13E+13 4.56E+13 4.74E+13 4.21E+13 4.39E+13 3.75E+13 3.96E+13 3.20E+13 3.26E+13 2.69E+13 2.65E+13 2.18E+13 2.14E+13 1.70E+13 1.67E+13 1.30E+13 1.20E+13 1.01E+13 8.90E+12 7.06E+12 6.61E+12 5.04E+12 4.56E+12 3.44E+12 3.07E+12 2.43E+12 2.15E+12 1.57E+12 1.37E+12 1.01E+12 8.90E+11 6.52E+11 5.60E+11 4.11E+11 3.46E+11 2.51E+11 2.15E+11 1.58E+11
  25.00  1.084  1.34E+16 8.60E+15 2.68E+17 5.33E+13 5.29E+13 1.58E+14 1.55E+14 2.57E+14 2.49E+14 3.45E+14 3.31E+14 4.20E+14 3.89E+14 4.32E+14 3.97E+14 4.47E+14 4.00E+14 4.18E+14 3.73E+14 3.90E+14 3.36E+14 3.55E+14 2.90E+14 2.96E+14 2.46E+14 2.44E+14 2.02E+14 1.99E+14 1.60E+14 1.58E+14 1.24E+14 1.15E+14 9.70E+13 8.62E+13 6.90E+13 6.47E+13 4.98E+13 4.53E+13 3.45E+13 3.09E+13 2.46E+13 2.18E+13 1.60E+13 1.40E+13 1.04E+13 9.15E+12 6.73E+12 5.75E+12 4.22E+12 3.52E+12 2.55E+12 2.15E+12 1.57E+12
  30.00  1.188  1.33E+18 5.20E+17 1.69E+19 2.97E+15 2.96E+15 8.83E+15 8.69E+15 1.44E+16 1.40E+16 1.94E+16 1.87E+16 2.37E+16 2.21E+16 2.47E+16 2.29E+16 2.59E+16 2.34E+16 2.46E+16 2.22E+16 2.33E+16 2.03E+16 2.16E+16 1.79E+16 1.84E+16 1.55E+16 1.55E+16 1.30E+16 1.29E+16 1.05E+16 1.04E+16 8.37E+15 7.86E+15 6.71E+15 6.05E+15 4.93E+15 4.65E+15 3.66E+15 3.36E+15 2.62E+15 2.37E+15 1.92E+15 1.72E+15 1.30E+15 1.15E+15 8.75E+14 7.79E+14 5.87E+14 5.09E+14 3.82E+14 3.23E+14 2.39E+14 2.04E+14 1.52E+14
  40.00  1.371  3.97E+21 7.93E+20 2.77E+22 3.98E+18 3.96E+18 1.18E+19 1.17E+19 1.93E+19 1.89E+19 2.62E+19 2.53E+19 3.22E+19 3.03E+19 3.43E+19 3.21E+19 3.65E+19 3.34E+19 3.55E+19 3.25E+19 3.45E+19 3.06E+19 3.26E+19 2.78E+19 2.87E+19 2.48E+19 2.49E+19 2.15E+19 2.15E+19 1.80E+19 1.80E+19 1.48E+19 1.41E+19 1.23E+19 1.13E+19 9.45E+18 9.04E+18 7.33E+18 6.85E+18 5.51E+18 5.08E+18 4.22E+18 3.86E+18 3.02E+18 2.74E+18 2.16E+18 1.96E+18 1.53E+18 1.36E+18 1.06E+18 9.25E+17 7.14E+17 6.25E+17 4.85E+17
  50.00  1.533  2.25E+24 4.48E+23 1.65E+25 2.04E+21 2.03E+21 6.07E+21 5.99E+21 9.92E+21 9.71E+21 1.35E+22 1.31E+22 1.67E+22 1.58E+22 1.80E+22 1.69E+22 1.93E+22 1.78E+22 1.91E+22 1.76E+22 1.88E+22 1.69E+22 1.81E+22 1.57E+22 1.63E+22 1.43E+22 1.45E+22 1.26E+22 1.27E+22 1.09E+22 1.09E+22 9.17E+21 8.84E+21 7.78E+21 7.26E+21 6.17E+21 5.95E+21 4.92E+21 4.66E+21 3.82E+21 3.57E+21 3.02E+21 2.80E+21 2.24E+21 2.06E+21 1.66E+21 1.53E+21 1.23E+21 1.11E+21 8.88E+20 7.86E+20 6.23E+20 5.56E+20 4.42E+20
  60.00  1.679  5.10E+27 1.02E+27 4.11E+28 3.51E+24 3.49E+24 1.05E+25 1.03E+25 1.71E+25 1.68E+25 2.34E+25 2.28E+25 2.90E+25 2.81E+25 3.40E+25 3.27E+25 3.82E+25 3.66E+25 4.17E+25 3.97E+25 4.45E+25 4.22E+25 4.67E+25 3.69E+25 3.60E+25 3.25E+25 3.33E+25 3.02E+25 3.20E+25 2.92E+25 3.10E+25 2.29E+25 2.21E+25 1.98E+25 1.94E+25 1.79E+25 1.80E+25 1.33E+25 1.26E+25 1.09E+25 1.10E+25 9.99E+24 8.00E+24 6.63E+24 6.46E+24 5.81E+24 4.85E+24 3.86E+24 3.74E+24 3.28E+24 2.62E+24 2.10E+24 2.04E+24 1.79E+24
  70.00  1.814  1.09E+30 2.15E+29 8.97E+30 6.98E+26 6.95E+26 2.08E+27 2.06E+27 3.42E+27 3.36E+27 4.67E+27 4.56E+27 5.81E+27 5.64E+27 6.83E+27 6.58E+27 7.70E+27 7.38E+27 8.43E+27 8.05E+27 9.02E+27 8.57E+27 9.49E+27 7.64E+27 7.52E+27 6.83E+27 7.02E+27 6.42E+27 6.79E+27 6.24E+27 6.63E+27 5.01E+27 4.86E+27 4.38E+27 4.33E+27 4.00E+27 4.03E+27 3.05E+27 2.91E+27 2.55E+27 2.57E+27 2.34E+27 1.92E+27 1.61E+27 1.57E+27 1.42E+27 1.21E+27 9.79E+26 9.52E+26 8.39E+26 6.86E+26 5.59E+26 5.44E+26 4.81E+26
  80.00  1.939  1.62E+32 3.19E+31 1.37E+33 9.82E+28 9.79E+28 2.93E+29 2.90E+29 4.81E+29 4.73E+29 6.59E+29 6.44E+29 8.22E+29 7.98E+29 9.67E+29 9.34E+29 1.09E+30 1.05E+30 1.20E+30 1.15E+30 1.29E+30 1.23E+30 1.36E+30 1.11E+30 1.10E+30 1.01E+30 1.04E+30 9.52E+29 1.01E+30 9.30E+29 9.87E+29 7.61E+29 7.43E+29 6.74E+29 6.68E+29 6.20E+29 6.25E+29 4.82E+29 4.63E+29 4.09E+29 4.12E+29 3.76E+29 3.15E+29 2.67E+29 2.61E+29 2.37E+29 2.05E+29 1.68E+29 1.64E+29 1.45E+29 1.21E+29 9.95E+28 9.70E+28 8.61E+28
  90.00  2.057  1.80E+34 3.54E+33 1.56E+35 1.04E+31 1.04E+31 3.10E+31 3.07E+31 5.10E+31 5.02E+31 6.98E+31 6.83E+31 8.72E+31 8.49E+31 1.03E+32 9.96E+31 1.17E+32 1.12E+32 1.28E+32 1.23E+32 1.38E+32 1.32E+32 1.46E+32 1.20E+32 1.20E+32 1.10E+32 1.14E+32 1.05E+32 1.12E+32 1.03E+32 1.10E+32 8.59E+31 8.43E+31 7.68E+31 7.63E+31 7.10E+31 7.17E+31 5.62E+31 5.43E+31 4.82E+31 4.87E+31 4.46E+31 3.78E+31 3.23E+31 3.17E+31 2.89E+31 2.52E+31 2.09E+31 2.05E+31 1.82E+31 1.53E+31 1.28E+31 1.25E+31 1.11E+31
 100.00  2.168  1.57E+36 3.07E+35 1.38E+37 8.64E+32 8.62E+32 2.58E+33 2.56E+33 4.24E+33 4.18E+33 5.82E+33 5.70E+33 7.28E+33 7.10E+33 8.60E+33 8.34E+33 9.76E+33 9.42E+33 1.08E+34 1.03E+34 1.16E+34 1.11E+34 1.23E+34 1.03E+34 1.03E+34 9.49E+33 9.84E+33 9.10E+33 9.66E+33 8.96E+33 9.52E+33 7.55E+33 7.45E+33 6.81E+33 6.79E+33 6.33E+33 6.41E+33 5.09E+33 4.93E+33 4.40E+33 4.45E+33 4.08E+33 3.51E+33 3.02E+33 2.97E+33 2.71E+33 2.39E+33 2.00E+33 1.96E+33 1.75E+33 1.50E+33 1.26E+33 1.23E+33 1.10E+33
 110.00  2.274  1.11E+38 2.16E+37 9.96E+38 5.86E+34 5.84E+34 1.75E+35 1.73E+35 2.88E+35 2.84E+35 3.95E+35 3.88E+35 4.95E+35 4.83E+35 5.86E+35 5.68E+35 6.66E+35 6.43E+35 7.35E+35 7.08E+35 7.94E+35 7.61E+35 8.43E+35 7.09E+35 7.15E+35 6.62E+35 6.88E+35 6.38E+35 6.77E+35 6.30E+35 6.69E+35 5.37E+35 5.32E+35 4.88E+35 4.87E+35 4.56E+35 4.62E+35 3.71E+35 3.61E+35 3.24E+35 3.27E+35 3.01E+35 2.62E+35 2.27E+35 2.23E+35 2.04E+35 1.82E+35 1.53E+35 1.51E+35 1.35E+35 1.16E+35 9.86E+34 9.66E+34 8.65E+34
 120.00  2.375  6.58E+39 1.27E+39 5.97E+40 3.32E+36 3.31E+36 9.92E+36 9.84E+36 1.63E+37 1.61E+37 2.25E+37 2.20E+37 2.82E+37 2.75E+37 3.33E+37 3.24E+37 3.80E+37 3.67E+37 4.20E+37 4.05E+37 4.54E+37 4.36E+37 4.83E+37 4.09E+37 4.14E+37 3.85E+37 4.01E+37 3.73E+37 3.96E+37 3.69E+37 3.92E+37 3.18E+37 3.16E+37 2.91E+37 2.91E+37 2.72E+37 2.76E+37 2.24E+37 2.19E+37 1.97E+37 1.99E+37 1.84E+37 1.61E+37 1.40E+37 1.39E+37 1.27E+37 1.14E+37 9.68E+36 9.52E+36 8.56E+36 7.44E+36 6.35E+36 6.23E+36 5.59E+36
 130.00  2.472  3.32E+41 6.38E+40 3.05E+42 1.61E+38 1.61E+38 4.81E+38 4.78E+38 7.93E+38 7.83E+38 1.09E+39 1.07E+39 1.37E+39 1.34E+39 1.62E+39 1.58E+39 1.85E+39 1.79E+39 2.05E+39 1.98E+39 2.22E+39 2.13E+39 2.36E+39 2.02E+39 2.05E+39 1.91E+39 1.99E+39 1.86E+39 1.97E+39 1.84E+39 1.96E+39 1.60E+39 1.59E+39 1.47E+39 1.48E+39 1.39E+39 1.41E+39 1.15E+39 1.13E+39 1.02E+39 1.03E+39 9.52E+38 8.43E+38 7.37E+38 7.28E+38 6.69E+38 6.04E+38 5.16E+38 5.08E+38 4.58E+38 4.02E+38 3.45E+38 3.38E+38 3.05E+38
 140.00  2.565  1.45E+43 2.77E+42 1.35E+44 6.80E+39 6.79E+39 2.03E+40 2.02E+40 3.35E+40 3.31E+40 4.61E+40 4.53E+40 5.79E+40 5.66E+40 6.87E+40 6.69E+40 7.84E+40 7.60E+40 8.70E+40 8.40E+40 9.44E+40 9.08E+40 1.01E+41 8.63E+40 8.79E+40 8.21E+40 8.58E+40 8.02E+40 8.52E+40 7.98E+40 8.48E+40 6.98E+40 6.98E+40 6.46E+40 6.48E+40 6.10E+40 6.20E+40 5.11E+40 5.02E+40 4.54E+40 4.60E+40 4.26E+40 3.80E+40 3.34E+40 3.30E+40 3.04E+40 2.76E+40 2.37E+40 2.34E+40 2.11E+40 1.86E+40 1.61E+40 1.58E+40 1.43E+40
 150.00  2.655  5.60E+44 1.06E+44 5.26E+45 2.53E+41 2.53E+41 7.57E+41 7.52E+41 1.25E+42 1.23E+42 1.72E+42 1.69E+42 2.16E+42 2.12E+42 2.57E+42 2.50E+42 2.93E+42 2.85E+42 3.26E+42 3.15E+42 3.54E+42 3.41E+42 3.78E+42 3.26E+42 3.33E+42 3.11E+42 3.26E+42 3.05E+42 3.24E+42 3.04E+42 3.23E+42 2.68E+42 2.69E+42 2.49E+42 2.51E+42 2.36E+42 2.40E+42 2.00E+42 1.96E+42 1.78E+42 1.81E+42 1.68E+42 1.50E+42 1.33E+42 1.31E+42 1.21E+42 1.10E+42 9.54E+41 9.42E+41 8.53E+41 7.57E+41 6.56E+41 6.46E+41 5.84E+41
 160.00  2.743  1.93E+46 3.64E+45 1.82E+47 8.44E+42 8.42E+42 2.52E+43 2.50E+43 4.16E+43 4.11E+43 5.73E+43 5.64E+43 7.21E+43 7.06E+43 8.57E+43 8.36E+43 9.80E+43 9.52E+43 1.09E+44 1.05E+44 1.18E+44 1.14E+44 1.27E+44 1.10E+44 1.12E+44 1.05E+44 1.10E+44 1.04E+44 1.10E+44 1.03E+44 1.10E+44 9.18E+43 9.21E+43 8.57E+43 8.62E+43 8.13E+43 8.28E+43 6.93E+43 6.83E+43 6.21E+43 6.30E+43 5.86E+43 5.28E+43 4.68E+43 4.64E+43 4.29E+43 3.93E+43 3.40E+43 3.37E+43 3.06E+43 2.73E+43 2.37E+43 2.34E+43 2.12E+43
 170.00  2.827  5.98E+47 1.12E+47 5.70E+48 2.54E+44 2.53E+44 7.58E+44 7.53E+44 1.25E+45 1.24E+45 1.72E+45 1.70E+45 2.17E+45 2.13E+45 2.58E+45 2.52E+45 2.95E+45 2.87E+45 3.29E+45 3.18E+45 3.58E+45 3.45E+45 3.83E+45 3.33E+45 3.42E+45 3.21E+45 3.37E+45 3.17E+45 3.37E+45 3.17E+45 3.37E+45 2.83E+45 2.84E+45 2.65E+45 2.67E+45 2.52E+45 2.57E+45 2.16E+45 2.14E+45 1.95E+45 1.98E+45 1.84E+45 1.67E+45 1.48E+45 1.47E+45 1.36E+45 1.25E+45 1.09E+45 1.08E+45 9.82E+44 8.80E+44 7.69E+44 7.58E+44 6.88E+44
 180.00  2.909  1.69E+49 3.15E+48 1.62E+50 6.94E+45 6.93E+45 2.08E+46 2.06E+46 3.43E+46 3.39E+46 4.72E+46 4.65E+46 5.95E+46 5.83E+46 7.08E+46 6.92E+46 8.11E+46 7.89E+46 9.03E+46 8.76E+46 9.84E+46 9.51E+46 1.05E+47 9.21E+46 9.47E+46 8.91E+46 9.36E+46 8.81E+46 9.38E+46 8.84E+46 9.40E+46 7.93E+46 7.98E+46 7.45E+46 7.52E+46 7.11E+46 7.26E+46 6.13E+46 6.07E+46 5.55E+46 5.63E+46 5.25E+46 4.78E+46 4.26E+46 4.23E+46 3.92E+46 3.62E+46 3.17E+46 3.14E+46 2.86E+46 2.57E+46 2.26E+46 2.23E+46 2.02E+46
 190.00  2.989  4.37E+50 8.09E+49 4.22E+51 1.74E+47 1.74E+47 5.21E+47 5.18E+47 8.61E+47 8.52E+47 1.19E+48 1.17E+48 1.50E+48 1.47E+48 1.78E+48 1.74E+48 2.04E+48 1.99E+48 2.28E+48 2.21E+48 2.48E+48 2.40E+48 2.66E+48 2.33E+48 2.41E+48 2.27E+48 2.38E+48 2.25E+48 2.39E+48 2.26E+48 2.40E+48 2.03E+48 2.05E+48 1.92E+48 1.94E+48 1.84E+48 1.87E+48 1.59E+48 1.58E+48 1.44E+48 1.47E+48 1.37E+48 1.25E+48 1.12E+48 1.11E+48 1.03E+48 9.57E+47 8.39E+47 8.32E+47 7.60E+47 6.87E+47 6.04E+47 5.97E+47 5.43E+47
 200.00  3.066  7.85E+51 1.40E+51 7.39E+52 2.97E+48 2.96E+48 8.87E+48 8.81E+48 1.46E+49 1.45E+49 2.02E+49 1.99E+49 2.55E+49 2.50E+49 3.03E+49 2.97E+49 3.48E+49 3.39E+49 3.88E+49 3.77E+49 4.24E+49 4.10E+49 4.55E+49 4.00E+49 4.13E+49 3.89E+49 4.10E+49 3.87E+49 4.12E+49 3.89E+49 4.14E+49 3.52E+49 3.56E+49 3.33E+49 3.37E+49 3.19E+49 3.26E+49 2.78E+49 2.76E+49 2.53E+49 2.57E+49 2.40E+49 2.21E+49 1.98E+49 1.97E+49 1.83E+49 1.70E+49 1.49E+49 1.48E+49 1.36E+49 1.23E+49 1.08E+49 1.07E+49 9.77E+48
 
                    **********************************************************************************************************************************
                    *  Z= 93 A=234: Negative-parity Spin-dependent Level Density [MeV-1] for NP234 B=  4.44 hw=  0.14 b2= 1.290 b3=-0.436 b4= 1.396  *
                    **********************************************************************************************************************************
 U[MeV]  T[MeV]  NCUMUL   RHOOBS   RHOTOT     J=00     J=01     J=02     J=03     J=04     J=05     J=06     J=07     J=08     J=09     J=10     J=11     J=12     J=13     J=14     J=15     J=16     J=17     J=18     J=19     J=20     J=21     J=22     J=23     J=24     J=25     J=26     J=27     J=28     J=29     J=30     J=31     J=32     J=33     J=34     J=35     J=36     J=37     J=38     J=39     J=40     J=41     J=42     J=43     J=44     J=45     J=46     J=47     J=48     J=49
   0.25  0.108  2.00E+01 1.63E+02 2.54E+03 2.67E+00 4.00E+00 1.07E+01 9.33E+00 1.33E+01 1.33E+01 1.73E+01 1.47E+01 1.73E+01 1.33E+01 1.33E+01 9.33E+00 1.20E+01 5.33E+00 2.67E+00 2.67E+00 1.33E+00 0.00E+00 0.00E+00 0.00E+00 0.00E+00 0.00E+00 0.00E+00 0.00E+00 0.00E+00 0.00E+00 0.00E+00 0.00E+00 0.00E+00 0.00E+00 0.00E+00 0.00E+00 0.00E+00 0.00E+00 0.00E+00 0.00E+00 0.00E+00 0.00E+00 0.00E+00 0.00E+00 0.00E+00 0.00E+00 0.00E+00 0.00E+00 0.00E+00 0.00E+00 0.00E+00 0.00E+00 0.00E+00 0.00E+00
   0.50  0.153  6.70E+01 2.17E+02 3.63E+03 2.00E+00 6.00E+00 1.30E+01 1.30E+01 1.70E+01 1.70E+01 2.10E+01 1.90E+01 2.10E+01 1.60E+01 1.40E+01 1.10E+01 1.30E+01 9.00E+00 1.00E+01 7.00E+00 4.00E+00 2.00E+00 2.00E+00 0.00E+00 0.00E+00 0.00E+00 0.00E+00 0.00E+00 0.00E+00 0.00E+00 0.00E+00 0.00E+00 0.00E+00 0.00E+00 0.00E+00 0.00E+00 0.00E+00 0.00E+00 0.00E+00 0.00E+00 0.00E+00 0.00E+00 0.00E+00 0.00E+00 0.00E+00 0.00E+00 0.00E+00 0.00E+00 0.00E+00 0.00E+00 0.00E+00 0.00E+00 0.00E+00 0.00E+00
   0.75  0.188  1.59E+02 5.13E+02 8.32E+03 1.00E+01 1.00E+01 3.30E+01 3.10E+01 4.60E+01 4.10E+01 5.40E+01 4.70E+01 5.70E+01 4.30E+01 2.80E+01 2.20E+01 2.10E+01 1.40E+01 1.40E+01 1.10E+01 1.10E+01 7.00E+00 9.00E+00 2.00E+00 2.00E+00 0.00E+00 0.00E+00 0.00E+00 0.00E+00 0.00E+00 0.00E+00 0.00E+00 0.00E+00 0.00E+00 0.00E+00 0.00E+00 0.00E+00 0.00E+00 0.00E+00 0.00E+00 0.00E+00 0.00E+00 0.00E+00 0.00E+00 0.00E+00 0.00E+00 0.00E+00 0.00E+00 0.00E+00 0.00E+00 0.00E+00 0.00E+00 0.00E+00 0.00E+00
   1.00  0.217  3.57E+02 1.07E+03 1.78E+04 2.00E+01 2.10E+01 6.20E+01 6.20E+01 9.40E+01 8.20E+01 1.09E+02 9.40E+01 1.18E+02 8.70E+01 7.00E+01 5.30E+01 5.70E+01 3.50E+01 2.50E+01 1.90E+01 1.60E+01 1.10E+01 1.30E+01 8.00E+00 9.00E+00 4.00E+00 2.00E+00 0.00E+00 0.00E+00 0.00E+00 0.00E+00 0.00E+00 0.00E+00 0.00E+00 0.00E+00 0.00E+00 0.00E+00 0.00E+00 0.00E+00 0.00E+00 0.00E+00 0.00E+00 0.00E+00 0.00E+00 0.00E+00 0.00E+00 0.00E+00 0.00E+00 0.00E+00 0.00E+00 0.00E+00 0.00E+00 0.00E+00 0.00E+00
   1.25  0.242  7.57E+02 2.14E+03 3.64E+04 4.20E+01 4.10E+01 1.17E+02 1.10E+02 1.81E+02 1.55E+02 2.11E+02 1.79E+02 2.28E+02 1.70E+02 1.45E+02 1.10E+02 1.23E+02 8.00E+01 6.80E+01 4.70E+01 3.70E+01 2.20E+01 2.10E+01 1.20E+01 1.30E+01 8.00E+00 9.00E+00 4.00E+00 2.00E+00 0.00E+00 0.00E+00 0.00E+00 0.00E+00 0.00E+00 0.00E+00 0.00E+00 0.00E+00 0.00E+00 0.00E+00 0.00E+00 0.00E+00 0.00E+00 0.00E+00 0.00E+00 0.00E+00 0.00E+00 0.00E+00 0.00E+00 0.00E+00 0.00E+00 0.00E+00 0.00E+00 0.00E+00 0.00E+00
   1.50  0.266  1.56E+03 4.31E+03 7.45E+04 8.60E+01 7.60E+01 2.37E+02 2.18E+02 3.58E+02 3.11E+02 4.23E+02 3.58E+02 4.56E+02 3.45E+02 2.92E+02 2.15E+02 2.42E+02 1.62E+02 1.39E+02 1.04E+02 9.00E+01 5.40E+01 5.70E+01 2.30E+01 2.10E+01 1.20E+01 1.30E+01 8.00E+00 9.00E+00 2.00E+00 2.00E+00 0.00E+00 0.00E+00 0.00E+00 0.00E+00 0.00E+00 0.00E+00 0.00E+00 0.00E+00 0.00E+00 0.00E+00 0.00E+00 0.00E+00 0.00E+00 0.00E+00 0.00E+00 0.00E+00 0.00E+00 0.00E+00 0.00E+00 0.00E+00 0.00E+00 0.00E+00 0.00E+00
   1.75  0.287  3.14E+03 8.28E+03 1.46E+05 1.52E+02 1.51E+02 4.36E+02 4.08E+02 6.61E+02 5.87E+02 7.98E+02 6.81E+02 8.60E+02 6.49E+02 5.82E+02 4.25E+02 4.83E+02 3.16E+02 2.71E+02 2.01E+02 1.82E+02 1.12E+02 1.24E+02 5.80E+01 5.70E+01 2.60E+01 2.10E+01 1.20E+01 1.30E+01 8.00E+00 9.00E+00 2.00E+00 0.00E+00 0.00E+00 0.00E+00 0.00E+00 0.00E+00 0.00E+00 0.00E+00 0.00E+00 0.00E+00 0.00E+00 0.00E+00 0.00E+00 0.00E+00 0.00E+00 0.00E+00 0.00E+00 0.00E+00 0.00E+00 0.00E+00 0.00E+00 0.00E+00 0.00E+00
   2.00  0.307  6.12E+03 1.55E+04 2.79E+05 2.72E+02 2.69E+02 7.89E+02 7.35E+02 1.20E+03 1.07E+03 1.46E+03 1.26E+03 1.58E+03 1.22E+03 1.10E+03 8.31E+02 9.27E+02 6.22E+02 5.49E+02 3.99E+02 3.59E+02 2.17E+02 2.43E+02 1.19E+02 1.24E+02 6.10E+01 5.70E+01 2.60E+01 2.10E+01 1.20E+01 1.30E+01 7.00E+00 4.00E+00 2.00E+00 0.00E+00 0.00E+00 0.00E+00 0.00E+00 0.00E+00 0.00E+00 0.00E+00 0.00E+00 0.00E+00 0.00E+00 0.00E+00 0.00E+00 0.00E+00 0.00E+00 0.00E+00 0.00E+00 0.00E+00 0.00E+00 0.00E+00 0.00E+00
   2.25  0.325  1.16E+04 2.86E+04 5.22E+05 4.92E+02 4.74E+02 1.41E+03 1.30E+03 2.13E+03 1.91E+03 2.61E+03 2.27E+03 2.86E+03 2.23E+03 2.03E+03 1.56E+03 1.72E+03 1.19E+03 1.06E+03 7.83E+02 7.12E+02 4.32E+02 4.85E+02 2.30E+02 2.43E+02 1.27E+02 1.24E+02 6.10E+01 5.70E+01 2.30E+01 2.10E+01 1.10E+01 1.00E+01 7.00E+00 2.00E+00 0.00E+00 0.00E+00 0.00E+00 0.00E+00 0.00E+00 0.00E+00 0.00E+00 0.00E+00 0.00E+00 0.00E+00 0.00E+00 0.00E+00 0.00E+00 0.00E+00 0.00E+00 0.00E+00 0.00E+00 0.00E+00 0.00E+00
   2.50  0.343  2.17E+04 5.17E+04 9.60E+05 8.66E+02 8.50E+02 2.48E+03 2.30E+03 3.78E+03 3.40E+03 4.64E+03 4.05E+03 5.11E+03 3.99E+03 3.67E+03 2.84E+03 3.13E+03 2.20E+03 1.96E+03 1.46E+03 1.35E+03 8.52E+02 9.36E+02 4.72E+02 4.85E+02 2.53E+02 2.43E+02 1.27E+02 1.24E+02 5.80E+01 5.70E+01 1.90E+01 1.40E+01 1.10E+01 9.00E+00 4.00E+00 2.00E+00 0.00E+00 0.00E+00 0.00E+00 0.00E+00 0.00E+00 0.00E+00 0.00E+00 0.00E+00 0.00E+00 0.00E+00 0.00E+00 0.00E+00 0.00E+00 0.00E+00 0.00E+00 0.00E+00 0.00E+00
   2.75  0.360  3.99E+04 9.38E+04 1.76E+06 1.53E+03 1.48E+03 4.39E+03 4.09E+03 6.71E+03 6.08E+03 8.30E+03 7.30E+03 9.20E+03 7.30E+03 6.67E+03 5.19E+03 5.68E+03 4.01E+03 3.60E+03 2.68E+03 2.49E+03 1.61E+03 1.74E+03 9.21E+02 9.36E+02 5.11E+02 4.85E+02 2.53E+02 2.43E+02 1.19E+02 1.19E+02 5.20E+01 2.80E+01 1.90E+01 1.30E+01 8.00E+00 7.00E+00 2.00E+00 0.00E+00 0.00E+00 0.00E+00 0.00E+00 0.00E+00 0.00E+00 0.00E+00 0.00E+00 0.00E+00 0.00E+00 0.00E+00 0.00E+00 0.00E+00 0.00E+00 0.00E+00 0.00E+00
   3.00  0.376  7.24E+04 1.66E+05 3.17E+06 2.60E+03 2.55E+03 7.55E+03 7.11E+03 1.16E+04 1.06E+04 1.44E+04 1.28E+04 1.61E+04 1.29E+04 1.20E+04 9.41E+03 1.03E+04 7.37E+03 6.58E+03 4.92E+03 4.56E+03 2.95E+03 3.18E+03 1.73E+03 1.74E+03 9.91E+02 9.36E+02 5.11E+02 4.85E+02 2.29E+02 2.37E+02 1.07E+02 7.10E+01 4.70E+01 2.10E+01 1.20E+01 1.30E+01 7.00E+00 2.00E+00 0.00E+00 0.00E+00 0.00E+00 0.00E+00 0.00E+00 0.00E+00 0.00E+00 0.00E+00 0.00E+00 0.00E+00 0.00E+00 0.00E+00 0.00E+00 0.00E+00 0.00E+00
   3.25  0.391  1.29E+05 2.87E+05 5.56E+06 4.31E+03 4.26E+03 1.26E+04 1.19E+04 1.94E+04 1.77E+04 2.42E+04 2.15E+04 2.71E+04 2.19E+04 2.07E+04 1.65E+04 1.81E+04 1.31E+04 1.19E+04 9.00E+03 8.35E+03 5.46E+03 5.81E+03 3.18E+03 3.18E+03 1.86E+03 1.74E+03 9.91E+02 9.36E+02 4.65E+02 4.79E+02 2.06E+02 1.47E+02 1.04E+02 6.20E+01 2.60E+01 2.10E+01 1.10E+01 9.00E+00 2.00E+00 1.00E+00 0.00E+00 0.00E+00 0.00E+00 0.00E+00 0.00E+00 0.00E+00 0.00E+00 0.00E+00 0.00E+00 0.00E+00 0.00E+00 0.00E+00 0.00E+00
   3.50  0.406  2.26E+05 4.89E+05 9.61E+06 7.14E+03 7.02E+03 2.09E+04 1.98E+04 3.23E+04 2.96E+04 4.04E+04 3.61E+04 4.54E+04 3.70E+04 3.51E+04 2.81E+04 3.07E+04 2.26E+04 2.08E+04 1.59E+04 1.49E+04 9.94E+03 1.06E+04 5.87E+03 5.81E+03 3.40E+03 3.18E+03 1.86E+03 1.74E+03 9.07E+02 9.11E+02 4.16E+02 2.95E+02 2.01E+02 1.27E+02 6.10E+01 4.90E+01 1.90E+01 1.30E+01 8.00E+00 4.00E+00 2.00E+00 0.00E+00 0.00E+00 0.00E+00 0.00E+00 0.00E+00 0.00E+00 0.00E+00 0.00E+00 0.00E+00 0.00E+00 0.00E+00 0.00E+00
   3.75  0.420  3.90E+05 8.23E+05 1.64E+07 1.17E+04 1.15E+04 3.41E+04 3.25E+04 5.30E+04 4.88E+04 6.66E+04 5.98E+04 7.52E+04 6.17E+04 5.90E+04 4.76E+04 5.20E+04 3.87E+04 3.55E+04 2.73E+04 2.57E+04 1.75E+04 1.87E+04 1.07E+04 1.06E+04 6.28E+03 5.81E+03 3.40E+03 3.18E+03 1.70E+03 1.70E+03 8.11E+02 5.97E+02 3.99E+02 2.48E+02 1.27E+02 1.09E+02 4.70E+01 2.40E+01 1.20E+01 1.00E+01 7.00E+00 2.00E+00 0.00E+00 0.00E+00 0.00E+00 0.00E+00 0.00E+00 0.00E+00 0.00E+00 0.00E+00 0.00E+00 0.00E+00 0.00E+00
   4.00  0.434  6.64E+05 1.37E+06 2.76E+07 1.90E+04 1.87E+04 5.54E+04 5.27E+04 8.62E+04 7.95E+04 1.09E+05 9.79E+04 1.23E+05 1.02E+05 9.79E+04 7.95E+04 8.68E+04 6.53E+04 6.01E+04 4.66E+04 4.40E+04 3.02E+04 3.19E+04 1.88E+04 1.87E+04 1.14E+04 1.06E+04 6.28E+03 5.81E+03 3.13E+03 3.12E+03 1.53E+03 1.14E+03 7.84E+02 5.02E+02 2.53E+02 2.15E+02 1.04E+02 6.40E+01 2.30E+01 1.50E+01 1.10E+01 9.00E+00 2.00E+00 0.00E+00 0.00E+00 0.00E+00 0.00E+00 0.00E+00 0.00E+00 0.00E+00 0.00E+00 0.00E+00 0.00E+00
   4.25  0.447  1.12E+06 2.27E+06 4.63E+07 3.11E+04 3.04E+04 9.05E+04 8.61E+04 1.41E+05 1.31E+05 1.79E+05 1.61E+05 2.03E+05 1.68E+05 1.62E+05 1.32E+05 1.44E+05 1.09E+05 1.01E+05 7.84E+04 7.44E+04 5.16E+04 5.43E+04 3.24E+04 3.19E+04 1.99E+04 1.87E+04 1.14E+04 1.06E+04 5.78E+03 5.63E+03 2.83E+03 2.13E+03 1.47E+03 9.63E+02 5.11E+02 4.35E+02 2.01E+02 1.32E+02 5.80E+01 3.10E+01 1.90E+01 1.30E+01 7.00E+00 2.00E+00 0.00E+00 0.00E+00 0.00E+00 0.00E+00 0.00E+00 0.00E+00 0.00E+00 0.00E+00 0.00E+00
   4.50  0.460  1.87E+06 3.75E+06 7.72E+07 5.02E+04 4.94E+04 1.47E+05 1.40E+05 2.29E+05 2.13E+05 2.92E+05 2.64E+05 3.33E+05 2.77E+05 2.68E+05 2.19E+05 2.39E+05 1.82E+05 1.67E+05 1.31E+05 1.24E+05 8.70E+04 9.13E+04 5.53E+04 5.44E+04 3.43E+04 3.19E+04 1.99E+04 1.87E+04 1.05E+04 1.03E+04 5.19E+03 3.89E+03 2.69E+03 1.80E+03 9.91E+02 8.45E+02 3.99E+02 2.59E+02 1.19E+02 7.80E+01 4.70E+01 2.10E+01 1.10E+01 9.00E+00 2.00E+00 0.00E+00 0.00E+00 0.00E+00 0.00E+00 0.00E+00 0.00E+00 0.00E+00 0.00E+00
   4.75  0.473  3.11E+06 6.13E+06 1.27E+08 8.01E+04 7.88E+04 2.34E+05 2.24E+05 3.67E+05 3.41E+05 4.67E+05 4.25E+05 5.35E+05 4.48E+05 4.37E+05 3.61E+05 3.93E+05 3.02E+05 2.79E+05 2.18E+05 2.08E+05 1.46E+05 1.52E+05 9.33E+04 9.15E+04 5.86E+04 5.44E+04 3.44E+04 3.19E+04 1.85E+04 1.82E+04 9.50E+03 7.15E+03 4.95E+03 3.32E+03 1.86E+03 1.58E+03 7.84E+02 5.18E+02 2.30E+02 1.64E+02 9.90E+01 5.70E+01 1.90E+01 1.30E+01 7.00E+00 2.00E+00 0.00E+00 0.00E+00 0.00E+00 0.00E+00 0.00E+00 0.00E+00 0.00E+00
   5.00  0.485  5.11E+06 9.89E+06 2.08E+08 1.26E+05 1.24E+05 3.70E+05 3.54E+05 5.80E+05 5.41E+05 7.42E+05 6.76E+05 8.51E+05 7.17E+05 7.04E+05 5.83E+05 6.35E+05 4.92E+05 4.58E+05 3.62E+05 3.45E+05 2.44E+05 2.54E+05 1.56E+05 1.52E+05 9.87E+04 9.16E+04 5.87E+04 5.45E+04 3.19E+04 3.10E+04 1.68E+04 1.29E+04 9.07E+03 6.06E+03 3.40E+03 2.90E+03 1.47E+03 1.00E+03 4.72E+02 3.21E+02 1.95E+02 1.24E+02 4.70E+01 2.10E+01 1.10E+01 9.00E+00 2.00E+00 0.00E+00 0.00E+00 0.00E+00 0.00E+00 0.00E+00 0.00E+00
   5.50  0.508  1.38E+07 2.47E+07 5.32E+08 3.01E+05 2.96E+05 8.81E+05 8.46E+05 1.39E+06 1.30E+06 1.78E+06 1.63E+06 2.06E+06 1.75E+06 1.75E+06 1.46E+06 1.60E+06 1.26E+06 1.18E+06 9.45E+05 9.08E+05 6.55E+05 6.81E+05 4.33E+05 4.21E+05 2.77E+05 2.55E+05 1.66E+05 1.53E+05 9.19E+04 8.85E+04 4.96E+04 3.87E+04 2.76E+04 1.94E+04 1.14E+04 9.63E+03 4.95E+03 3.45E+03 1.73E+03 1.23E+03 7.59E+02 4.85E+02 2.01E+02 1.27E+02 5.20E+01 2.40E+01 1.10E+01 9.00E+00 2.00E+00 0.00E+00 0.00E+00 0.00E+00 0.00E+00
   6.00  0.531  3.48E+07 5.93E+07 1.31E+09 6.89E+05 6.80E+05 2.02E+06 1.95E+06 3.20E+06 3.01E+06 4.13E+06 3.80E+06 4.79E+06 4.11E+06 4.13E+06 3.49E+06 3.82E+06 3.04E+06 2.89E+06 2.33E+06 2.26E+06 1.67E+06 1.73E+06 1.13E+06 1.10E+06 7.42E+05 6.86E+05 4.58E+05 4.22E+05 2.58E+05 2.46E+05 1.40E+05 1.10E+05 7.99E+04 5.68E+04 3.44E+04 2.92E+04 1.61E+04 1.15E+04 5.87E+03 4.18E+03 2.62E+03 1.74E+03 7.84E+02 5.00E+02 2.06E+02 1.32E+02 5.40E+01 2.40E+01 1.10E+01 9.00E+00 2.00E+00 0.00E+00 0.00E+00
   6.50  0.553  8.38E+07 1.37E+08 3.08E+09 1.52E+06 1.50E+06 4.48E+06 4.32E+06 7.10E+06 6.70E+06 9.20E+06 8.51E+06 1.07E+07 9.27E+06 9.41E+06 8.02E+06 8.79E+06 7.09E+06 6.79E+06 5.53E+06 5.40E+06 4.03E+06 4.18E+06 2.79E+06 2.72E+06 1.88E+06 1.75E+06 1.19E+06 1.10E+06 6.95E+05 6.63E+05 3.91E+05 3.09E+05 2.24E+05 1.59E+05 9.88E+04 8.40E+04 4.73E+04 3.47E+04 1.88E+04 1.38E+04 8.76E+03 5.81E+03 2.69E+03 1.79E+03 8.11E+02 5.18E+02 2.17E+02 1.32E+02 5.40E+01 2.10E+01 1.10E+01 9.00E+00 2.00E+00
   7.00  0.574  1.93E+08 3.02E+08 6.97E+09 3.21E+06 3.18E+06 9.46E+06 9.14E+06 1.50E+07 1.42E+07 1.95E+07 1.81E+07 2.29E+07 1.99E+07 2.05E+07 1.76E+07 1.94E+07 1.58E+07 1.53E+07 1.26E+07 1.23E+07 9.33E+06 9.69E+06 6.60E+06 6.46E+06 4.54E+06 4.23E+06 2.94E+06 2.74E+06 1.77E+06 1.69E+06 1.03E+06 8.24E+05 6.07E+05 4.41E+05 2.78E+05 2.34E+05 1.34E+05 9.95E+04 5.55E+04 4.11E+04 2.66E+04 1.87E+04 9.07E+03 6.00E+03 2.83E+03 1.88E+03 8.52E+02 5.18E+02 2.17E+02 1.27E+02 5.10E+01 2.10E+01 1.10E+01
   7.50  0.594  4.28E+08 6.36E+08 1.51E+10 6.46E+06 6.39E+06 1.90E+07 1.84E+07 3.03E+07 2.88E+07 3.96E+07 3.69E+07 4.65E+07 4.08E+07 4.24E+07 3.67E+07 4.05E+07 3.34E+07 3.27E+07 2.71E+07 2.68E+07 2.06E+07 2.15E+07 1.49E+07 1.47E+07 1.05E+07 9.83E+06 6.96E+06 6.50E+06 4.28E+06 4.09E+06 2.55E+06 2.08E+06 1.56E+06 1.15E+06 7.44E+05 6.33E+05 3.72E+05 2.78E+05 1.57E+05 1.17E+05 7.69E+04 5.45E+04 2.76E+04 1.92E+04 9.50E+03 6.33E+03 2.96E+03 1.88E+03 8.52E+02 5.02E+02 2.06E+02 1.24E+02 4.70E+01
   8.00  0.613  9.08E+08 1.28E+09 3.12E+10 1.25E+07 1.23E+07 3.68E+07 3.56E+07 5.86E+07 5.58E+07 7.68E+07 7.17E+07 9.05E+07 7.99E+07 8.38E+07 7.31E+07 8.08E+07 6.73E+07 6.65E+07 5.56E+07 5.56E+07 4.33E+07 4.52E+07 3.21E+07 3.17E+07 2.31E+07 2.18E+07 1.57E+07 1.48E+07 9.96E+06 9.52E+06 6.09E+06 5.02E+06 3.78E+06 2.85E+06 1.89E+06 1.62E+06 9.79E+05 7.47E+05 4.35E+05 3.26E+05 2.15E+05 1.53E+05 7.99E+04 5.61E+04 2.90E+04 2.02E+04 9.97E+03 6.33E+03 2.96E+03 1.80E+03 8.03E+02 4.85E+02 2.01E+02
   8.50  0.632  1.85E+09 2.49E+09 6.19E+10 2.31E+07 2.28E+07 6.81E+07 6.61E+07 1.09E+08 1.04E+08 1.43E+08 1.34E+08 1.69E+08 1.50E+08 1.59E+08 1.39E+08 1.55E+08 1.30E+08 1.29E+08 1.09E+08 1.10E+08 8.66E+07 9.07E+07 6.56E+07 6.52E+07 4.83E+07 4.60E+07 3.38E+07 3.20E+07 2.20E+07 2.12E+07 1.39E+07 1.16E+07 8.84E+06 6.78E+06 4.56E+06 3.93E+06 2.44E+06 1.90E+06 1.14E+06 8.69E+05 5.83E+05 4.22E+05 2.24E+05 1.57E+05 8.39E+04 5.91E+04 3.04E+04 2.02E+04 9.97E+03 6.06E+03 2.80E+03 1.74E+03 7.84E+02
   9.00  0.650  3.63E+09 4.62E+09 1.18E+11 4.09E+07 4.05E+07 1.21E+08 1.17E+08 1.93E+08 1.84E+08 2.54E+08 2.39E+08 3.01E+08 2.69E+08 2.88E+08 2.54E+08 2.83E+08 2.39E+08 2.41E+08 2.05E+08 2.07E+08 1.66E+08 1.74E+08 1.28E+08 1.28E+08 9.63E+07 9.24E+07 6.90E+07 6.58E+07 4.63E+07 4.47E+07 3.01E+07 2.55E+07 1.97E+07 1.54E+07 1.06E+07 9.18E+06 5.82E+06 4.59E+06 2.82E+06 2.19E+06 1.49E+06 1.11E+06 6.07E+05 4.35E+05 2.35E+05 1.66E+05 8.78E+04 5.91E+04 3.04E+04 1.94E+04 9.40E+03 5.81E+03 2.69E+03
   9.50  0.668  6.84E+09 8.24E+09 2.16E+11 6.99E+07 6.92E+07 2.06E+08 2.01E+08 3.31E+08 3.16E+08 4.36E+08 4.10E+08 5.18E+08 4.64E+08 5.00E+08 4.43E+08 4.95E+08 4.22E+08 4.29E+08 3.67E+08 3.74E+08 3.02E+08 3.19E+08 2.38E+08 2.40E+08 1.83E+08 1.77E+08 1.34E+08 1.29E+08 9.26E+07 9.01E+07 6.19E+07 5.33E+07 4.17E+07 3.33E+07 2.33E+07 2.05E+07 1.33E+07 1.07E+07 6.70E+06 5.26E+06 3.63E+06 2.74E+06 1.56E+06 1.14E+06 6.37E+05 4.59E+05 2.47E+05 1.66E+05 8.78E+04 5.68E+04 2.86E+04 1.87E+04 9.07E+03
  10.00  0.686  1.24E+10 1.42E+10 3.81E+11 1.15E+08 1.14E+08 3.41E+08 3.32E+08 5.47E+08 5.24E+08 7.22E+08 6.80E+08 8.59E+08 7.73E+08 8.39E+08 7.47E+08 8.37E+08 7.18E+08 7.34E+08 6.32E+08 6.48E+08 5.29E+08 5.59E+08 4.25E+08 4.30E+08 3.33E+08 3.25E+08 2.50E+08 2.43E+08 1.77E+08 1.73E+08 1.21E+08 1.06E+08 8.40E+07 6.84E+07 4.88E+07 4.34E+07 2.89E+07 2.36E+07 1.52E+07 1.21E+07 8.50E+06 6.51E+06 3.78E+06 2.82E+06 1.63E+06 1.20E+06 6.67E+05 4.59E+05 2.47E+05 1.59E+05 8.27E+04 5.45E+04 2.76E+04
  11.00  0.719  3.88E+10 3.84E+10 1.08E+12 2.91E+08 2.88E+08 8.59E+08 8.37E+08 1.38E+09 1.32E+09 1.82E+09 1.72E+09 2.18E+09 1.97E+09 2.16E+09 1.94E+09 2.18E+09 1.89E+09 1.96E+09 1.70E+09 1.76E+09 1.46E+09 1.55E+09 1.21E+09 1.23E+09 9.76E+08 9.67E+08 7.61E+08 7.50E+08 5.64E+08 5.60E+08 4.08E+08 3.68E+08 2.97E+08 2.51E+08 1.85E+08 1.69E+08 1.17E+08 9.93E+07 6.70E+07 5.54E+07 4.02E+07 3.21E+07 1.97E+07 1.52E+07 9.25E+06 7.04E+06 4.13E+06 2.97E+06 1.70E+06 1.15E+06 6.28E+05 4.22E+05 2.24E+05
  12.00  0.751  1.05E+11 9.50E+10 2.78E+12 6.77E+08 6.71E+08 2.00E+09 1.95E+09 3.22E+09 3.09E+09 4.27E+09 4.04E+09 5.10E+09 4.64E+09 5.13E+09 4.62E+09 5.20E+09 4.54E+09 4.73E+09 4.13E+09 4.31E+09 3.61E+09 3.85E+09 3.05E+09 3.14E+09 2.52E+09 2.53E+09 2.02E+09 2.02E+09 1.55E+09 1.56E+09 1.17E+09 1.08E+09 8.83E+08 7.73E+08 5.87E+08 5.48E+08 3.95E+08 3.47E+08 2.44E+08 2.09E+08 1.56E+08 1.30E+08 8.40E+07 6.76E+07 4.34E+07 3.44E+07 2.14E+07 1.60E+07 9.63E+06 6.78E+06 3.90E+06 2.74E+06 1.56E+06
  13.00  0.782  2.64E+11 2.21E+11 6.66E+12 1.52E+09 1.50E+09 4.49E+09 4.38E+09 7.22E+09 6.94E+09 9.58E+09 9.07E+09 1.15E+10 1.05E+10 1.16E+10 1.05E+10 1.18E+10 1.03E+10 1.08E+10 9.49E+09 9.94E+09 8.37E+09 8.94E+09 7.14E+09 7.38E+09 6.00E+09 6.04E+09 4.89E+09 4.91E+09 3.84E+09 3.88E+09 2.97E+09 2.78E+09 2.31E+09 2.07E+09 1.61E+09 1.53E+09 1.14E+09 1.02E+09 7.46E+08 6.59E+08 5.07E+08 4.36E+08 2.97E+08 2.48E+08 1.67E+08 1.38E+08 9.03E+07 7.06E+07 4.50E+07 3.33E+07 2.03E+07 1.48E+07 8.84E+06
  14.00  0.811  6.26E+11 5.03E+11 1.54E+13 3.38E+09 3.35E+09 1.00E+10 9.76E+09 1.61E+10 1.55E+10 2.14E+10 2.03E+10 2.57E+10 2.34E+10 2.59E+10 2.35E+10 2.65E+10 2.32E+10 2.43E+10 2.13E+10 2.24E+10 1.89E+10 2.02E+10 1.62E+10 1.67E+10 1.36E+10 1.38E+10 1.12E+10 1.13E+10 8.90E+09 9.03E+09 6.98E+09 6.62E+09 5.53E+09 5.03E+09 3.97E+09 3.81E+09 2.89E+09 2.66E+09 1.99E+09 1.80E+09 1.41E+09 1.25E+09 8.84E+08 7.66E+08 5.38E+08 4.61E+08 3.16E+08 2.58E+08 1.73E+08 1.34E+08 8.61E+07 6.60E+07 4.17E+07
  15.00  0.840  1.45E+12 1.15E+12 3.53E+13 7.67E+09 7.61E+09 2.27E+10 2.22E+10 3.66E+10 3.52E+10 4.87E+10 4.62E+10 5.84E+10 5.34E+10 5.90E+10 5.34E+10 6.02E+10 5.28E+10 5.52E+10 4.85E+10 5.07E+10 4.28E+10 4.57E+10 3.66E+10 3.78E+10 3.09E+10 3.11E+10 2.53E+10 2.55E+10 2.01E+10 2.04E+10 1.59E+10 1.51E+10 1.26E+10 1.16E+10 9.19E+09 8.89E+09 6.82E+09 6.34E+09 4.81E+09 4.43E+09 3.52E+09 3.18E+09 2.31E+09 2.05E+09 1.49E+09 1.31E+09 9.33E+08 7.92E+08 5.53E+08 4.49E+08 3.03E+08 2.43E+08 1.62E+08
  16.00  0.867  3.36E+12 2.68E+12 8.21E+13 1.80E+10 1.78E+10 5.33E+10 5.20E+10 8.59E+10 8.28E+10 1.14E+11 1.09E+11 1.38E+11 1.26E+11 1.39E+11 1.25E+11 1.41E+11 1.24E+11 1.29E+11 1.13E+11 1.18E+11 9.99E+10 1.06E+11 8.50E+10 8.73E+10 7.13E+10 7.14E+10 5.82E+10 5.82E+10 4.60E+10 4.64E+10 3.60E+10 3.41E+10 2.86E+10 2.61E+10 2.08E+10 2.01E+10 1.55E+10 1.45E+10 1.11E+10 1.02E+10 8.21E+09 7.50E+09 5.53E+09 5.00E+09 3.70E+09 3.33E+09 2.43E+09 2.12E+09 1.53E+09 1.28E+09 9.01E+08 7.52E+08 5.22E+08
  17.00  0.894  7.92E+12 6.43E+12 1.96E+14 4.35E+10 4.32E+10 1.29E+11 1.26E+11 2.08E+11 2.01E+11 2.77E+11 2.64E+11 3.34E+11 3.05E+11 3.36E+11 3.05E+11 3.42E+11 3.01E+11 3.12E+11 2.75E+11 2.86E+11 2.41E+11 2.56E+11 2.04E+11 2.09E+11 1.70E+11 1.70E+11 1.38E+11 1.37E+11 1.08E+11 1.08E+11 8.38E+10 7.88E+10 6.60E+10 5.98E+10 4.76E+10 4.57E+10 3.52E+10 3.27E+10 2.50E+10 2.31E+10 1.86E+10 1.70E+10 1.26E+10 1.15E+10 8.60E+09 7.82E+09 5.79E+09 5.13E+09 3.78E+09 3.26E+09 2.35E+09 2.02E+09 1.45E+09
  18.00  0.920  1.91E+13 1.58E+13 4.79E+14 1.07E+11 1.07E+11 3.19E+11 3.12E+11 5.15E+11 4.97E+11 6.87E+11 6.54E+11 8.29E+11 7.59E+11 8.34E+11 7.57E+11 8.50E+11 7.49E+11 7.76E+11 6.83E+11 7.09E+11 5.99E+11 6.34E+11 5.06E+11 5.15E+11 4.20E+11 4.16E+11 3.38E+11 3.34E+11 2.63E+11 2.62E+11 2.02E+11 1.88E+11 1.57E+11 1.41E+11 1.12E+11 1.07E+11 8.18E+10 7.55E+10 5.75E+10 5.28E+10 4.23E+10 3.86E+10 2.86E+10 2.60E+10 1.95E+10 1.77E+10 1.32E+10 1.18E+10 8.78E+09 7.67E+09 5.62E+09 4.92E+09 3.61E+09
  19.00  0.945  4.68E+13 3.96E+13 1.19E+15 2.68E+11 2.66E+11 7.94E+11 7.78E+11 1.28E+12 1.24E+12 1.72E+12 1.64E+12 2.07E+12 1.90E+12 2.09E+12 1.90E+12 2.13E+12 1.88E+12 1.95E+12 1.72E+12 1.79E+12 1.51E+12 1.60E+12 1.28E+12 1.30E+12 1.06E+12 1.04E+12 8.50E+11 8.37E+11 6.57E+11 6.52E+11 5.02E+11 4.65E+11 3.88E+11 3.46E+11 2.73E+11 2.58E+11 1.97E+11 1.80E+11 1.37E+11 1.24E+11 9.91E+10 8.95E+10 6.61E+10 5.94E+10 4.44E+10 4.02E+10 3.00E+10 2.67E+10 1.99E+10 1.74E+10 1.28E+10 1.13E+10 8.39E+09
  20.00  0.970  1.16E+14 9.95E+13 3.00E+15 6.67E+11 6.62E+11 1.98E+12 1.94E+12 3.20E+12 3.10E+12 4.28E+12 4.09E+12 5.18E+12 4.76E+12 5.24E+12 4.77E+12 5.36E+12 4.74E+12 4.91E+12 4.34E+12 4.51E+12 3.82E+12 4.03E+12 3.23E+12 3.28E+12 2.68E+12 2.65E+12 2.16E+12 2.12E+12 1.67E+12 1.65E+12 1.27E+12 1.17E+12 9.80E+11 8.68E+11 6.85E+11 6.44E+11 4.90E+11 4.45E+11 3.36E+11 3.03E+11 2.41E+11 2.15E+11 1.58E+11 1.40E+11 1.04E+11 9.36E+10 6.93E+10 6.11E+10 4.54E+10 3.94E+10 2.91E+10 2.56E+10 1.90E+10
  22.50  1.028  1.45E+15 9.65E+14 2.95E+16 6.24E+12 6.20E+12 1.85E+13 1.81E+13 3.00E+13 2.91E+13 4.02E+13 3.85E+13 4.88E+13 4.50E+13 4.98E+13 4.56E+13 5.13E+13 4.56E+13 4.74E+13 4.21E+13 4.39E+13 3.75E+13 3.96E+13 3.20E+13 3.26E+13 2.69E+13 2.65E+13 2.18E+13 2.14E+13 1.70E+13 1.67E+13 1.30E+13 1.20E+13 1.01E+13 8.90E+12 7.06E+12 6.61E+12 5.04E+12 4.56E+12 3.44E+12 3.07E+12 2.43E+12 2.15E+12 1.57E+12 1.37E+12 1.01E+12 8.90E+11 6.52E+11 5.60E+11 4.11E+11 3.46E+11 2.51E+11 2.15E+11 1.58E+11
  25.00  1.084  1.34E+16 8.60E+15 2.68E+17 5.33E+13 5.29E+13 1.58E+14 1.55E+14 2.57E+14 2.49E+14 3.45E+14 3.31E+14 4.20E+14 3.89E+14 4.32E+14 3.97E+14 4.47E+14 4.00E+14 4.18E+14 3.73E+14 3.90E+14 3.36E+14 3.55E+14 2.90E+14 2.96E+14 2.46E+14 2.44E+14 2.02E+14 1.99E+14 1.60E+14 1.58E+14 1.24E+14 1.15E+14 9.70E+13 8.62E+13 6.90E+13 6.47E+13 4.98E+13 4.53E+13 3.45E+13 3.09E+13 2.46E+13 2.18E+13 1.60E+13 1.40E+13 1.04E+13 9.15E+12 6.73E+12 5.75E+12 4.22E+12 3.52E+12 2.55E+12 2.15E+12 1.57E+12
  30.00  1.188  1.33E+18 5.20E+17 1.69E+19 2.97E+15 2.96E+15 8.83E+15 8.69E+15 1.44E+16 1.40E+16 1.94E+16 1.87E+16 2.37E+16 2.21E+16 2.47E+16 2.29E+16 2.59E+16 2.34E+16 2.46E+16 2.22E+16 2.33E+16 2.03E+16 2.16E+16 1.79E+16 1.84E+16 1.55E+16 1.55E+16 1.30E+16 1.29E+16 1.05E+16 1.04E+16 8.37E+15 7.86E+15 6.71E+15 6.05E+15 4.93E+15 4.65E+15 3.66E+15 3.36E+15 2.62E+15 2.37E+15 1.92E+15 1.72E+15 1.30E+15 1.15E+15 8.75E+14 7.79E+14 5.87E+14 5.09E+14 3.82E+14 3.23E+14 2.39E+14 2.04E+14 1.52E+14
  40.00  1.371  3.97E+21 7.93E+20 2.77E+22 3.98E+18 3.96E+18 1.18E+19 1.17E+19 1.93E+19 1.89E+19 2.62E+19 2.53E+19 3.22E+19 3.03E+19 3.43E+19 3.21E+19 3.65E+19 3.34E+19 3.55E+19 3.25E+19 3.45E+19 3.06E+19 3.26E+19 2.78E+19 2.87E+19 2.48E+19 2.49E+19 2.15E+19 2.15E+19 1.80E+19 1.80E+19 1.48E+19 1.41E+19 1.23E+19 1.13E+19 9.45E+18 9.04E+18 7.33E+18 6.85E+18 5.51E+18 5.08E+18 4.22E+18 3.86E+18 3.02E+18 2.74E+18 2.16E+18 1.96E+18 1.53E+18 1.36E+18 1.06E+18 9.25E+17 7.14E+17 6.25E+17 4.85E+17
  50.00  1.533  2.25E+24 4.48E+23 1.65E+25 2.04E+21 2.03E+21 6.07E+21 5.99E+21 9.92E+21 9.71E+21 1.35E+22 1.31E+22 1.67E+22 1.58E+22 1.80E+22 1.69E+22 1.93E+22 1.78E+22 1.91E+22 1.76E+22 1.88E+22 1.69E+22 1.81E+22 1.57E+22 1.63E+22 1.43E+22 1.45E+22 1.26E+22 1.27E+22 1.09E+22 1.09E+22 9.17E+21 8.84E+21 7.78E+21 7.26E+21 6.17E+21 5.95E+21 4.92E+21 4.66E+21 3.82E+21 3.57E+21 3.02E+21 2.80E+21 2.24E+21 2.06E+21 1.66E+21 1.53E+21 1.23E+21 1.11E+21 8.88E+20 7.86E+20 6.23E+20 5.56E+20 4.42E+20
  60.00  1.679  5.10E+27 1.02E+27 4.11E+28 3.51E+24 3.49E+24 1.05E+25 1.03E+25 1.71E+25 1.68E+25 2.34E+25 2.28E+25 2.90E+25 2.81E+25 3.40E+25 3.27E+25 3.82E+25 3.66E+25 4.17E+25 3.97E+25 4.45E+25 4.22E+25 4.67E+25 3.69E+25 3.60E+25 3.25E+25 3.33E+25 3.02E+25 3.20E+25 2.92E+25 3.10E+25 2.29E+25 2.21E+25 1.98E+25 1.94E+25 1.79E+25 1.80E+25 1.33E+25 1.26E+25 1.09E+25 1.10E+25 9.99E+24 8.00E+24 6.63E+24 6.46E+24 5.81E+24 4.85E+24 3.86E+24 3.74E+24 3.28E+24 2.62E+24 2.10E+24 2.04E+24 1.79E+24
  70.00  1.814  1.09E+30 2.15E+29 8.97E+30 6.98E+26 6.95E+26 2.08E+27 2.06E+27 3.42E+27 3.36E+27 4.67E+27 4.56E+27 5.81E+27 5.64E+27 6.83E+27 6.58E+27 7.70E+27 7.38E+27 8.43E+27 8.05E+27 9.02E+27 8.57E+27 9.49E+27 7.64E+27 7.52E+27 6.83E+27 7.02E+27 6.42E+27 6.79E+27 6.24E+27 6.63E+27 5.01E+27 4.86E+27 4.38E+27 4.33E+27 4.00E+27 4.03E+27 3.05E+27 2.91E+27 2.55E+27 2.57E+27 2.34E+27 1.92E+27 1.61E+27 1.57E+27 1.42E+27 1.21E+27 9.79E+26 9.52E+26 8.39E+26 6.86E+26 5.59E+26 5.44E+26 4.81E+26
  80.00  1.939  1.62E+32 3.19E+31 1.37E+33 9.82E+28 9.79E+28 2.93E+29 2.90E+29 4.81E+29 4.73E+29 6.59E+29 6.44E+29 8.22E+29 7.98E+29 9.67E+29 9.34E+29 1.09E+30 1.05E+30 1.20E+30 1.15E+30 1.29E+30 1.23E+30 1.36E+30 1.11E+30 1.10E+30 1.01E+30 1.04E+30 9.52E+29 1.01E+30 9.30E+29 9.87E+29 7.61E+29 7.43E+29 6.74E+29 6.68E+29 6.20E+29 6.25E+29 4.82E+29 4.63E+29 4.09E+29 4.12E+29 3.76E+29 3.15E+29 2.67E+29 2.61E+29 2.37E+29 2.05E+29 1.68E+29 1.64E+29 1.45E+29 1.21E+29 9.95E+28 9.70E+28 8.61E+28
  90.00  2.057  1.80E+34 3.54E+33 1.56E+35 1.04E+31 1.04E+31 3.10E+31 3.07E+31 5.10E+31 5.02E+31 6.98E+31 6.83E+31 8.72E+31 8.49E+31 1.03E+32 9.96E+31 1.17E+32 1.12E+32 1.28E+32 1.23E+32 1.38E+32 1.32E+32 1.46E+32 1.20E+32 1.20E+32 1.10E+32 1.14E+32 1.05E+32 1.12E+32 1.03E+32 1.10E+32 8.59E+31 8.43E+31 7.68E+31 7.63E+31 7.10E+31 7.17E+31 5.62E+31 5.43E+31 4.82E+31 4.87E+31 4.46E+31 3.78E+31 3.23E+31 3.17E+31 2.89E+31 2.52E+31 2.09E+31 2.05E+31 1.82E+31 1.53E+31 1.28E+31 1.25E+31 1.11E+31
 100.00  2.168  1.57E+36 3.07E+35 1.38E+37 8.64E+32 8.62E+32 2.58E+33 2.56E+33 4.24E+33 4.18E+33 5.82E+33 5.70E+33 7.28E+33 7.10E+33 8.60E+33 8.34E+33 9.76E+33 9.42E+33 1.08E+34 1.03E+34 1.16E+34 1.11E+34 1.23E+34 1.03E+34 1.03E+34 9.49E+33 9.84E+33 9.10E+33 9.66E+33 8.96E+33 9.52E+33 7.55E+33 7.45E+33 6.81E+33 6.79E+33 6.33E+33 6.41E+33 5.09E+33 4.93E+33 4.40E+33 4.45E+33 4.08E+33 3.51E+33 3.02E+33 2.97E+33 2.71E+33 2.39E+33 2.00E+33 1.96E+33 1.75E+33 1.50E+33 1.26E+33 1.23E+33 1.10E+33
 110.00  2.274  1.11E+38 2.16E+37 9.96E+38 5.86E+34 5.84E+34 1.75E+35 1.73E+35 2.88E+35 2.84E+35 3.95E+35 3.88E+35 4.95E+35 4.83E+35 5.86E+35 5.68E+35 6.66E+35 6.43E+35 7.35E+35 7.08E+35 7.94E+35 7.61E+35 8.43E+35 7.09E+35 7.15E+35 6.62E+35 6.88E+35 6.38E+35 6.77E+35 6.30E+35 6.69E+35 5.37E+35 5.32E+35 4.88E+35 4.87E+35 4.56E+35 4.62E+35 3.71E+35 3.61E+35 3.24E+35 3.27E+35 3.01E+35 2.62E+35 2.27E+35 2.23E+35 2.04E+35 1.82E+35 1.53E+35 1.51E+35 1.35E+35 1.16E+35 9.86E+34 9.66E+34 8.65E+34
 120.00  2.375  6.58E+39 1.27E+39 5.97E+40 3.32E+36 3.31E+36 9.92E+36 9.84E+36 1.63E+37 1.61E+37 2.25E+37 2.20E+37 2.82E+37 2.75E+37 3.33E+37 3.24E+37 3.80E+37 3.67E+37 4.20E+37 4.05E+37 4.54E+37 4.36E+37 4.83E+37 4.09E+37 4.14E+37 3.85E+37 4.01E+37 3.73E+37 3.96E+37 3.69E+37 3.92E+37 3.18E+37 3.16E+37 2.91E+37 2.91E+37 2.72E+37 2.76E+37 2.24E+37 2.19E+37 1.97E+37 1.99E+37 1.84E+37 1.61E+37 1.40E+37 1.39E+37 1.27E+37 1.14E+37 9.68E+36 9.52E+36 8.56E+36 7.44E+36 6.35E+36 6.23E+36 5.59E+36
 130.00  2.472  3.32E+41 6.38E+40 3.05E+42 1.61E+38 1.61E+38 4.81E+38 4.78E+38 7.93E+38 7.83E+38 1.09E+39 1.07E+39 1.37E+39 1.34E+39 1.62E+39 1.58E+39 1.85E+39 1.79E+39 2.05E+39 1.98E+39 2.22E+39 2.13E+39 2.36E+39 2.02E+39 2.05E+39 1.91E+39 1.99E+39 1.86E+39 1.97E+39 1.84E+39 1.96E+39 1.60E+39 1.59E+39 1.47E+39 1.48E+39 1.39E+39 1.41E+39 1.15E+39 1.13E+39 1.02E+39 1.03E+39 9.52E+38 8.43E+38 7.37E+38 7.28E+38 6.69E+38 6.04E+38 5.16E+38 5.08E+38 4.58E+38 4.02E+38 3.45E+38 3.38E+38 3.05E+38
 140.00  2.565  1.45E+43 2.77E+42 1.35E+44 6.80E+39 6.79E+39 2.03E+40 2.02E+40 3.35E+40 3.31E+40 4.61E+40 4.53E+40 5.79E+40 5.66E+40 6.87E+40 6.69E+40 7.84E+40 7.60E+40 8.70E+40 8.40E+40 9.44E+40 9.08E+40 1.01E+41 8.63E+40 8.79E+40 8.21E+40 8.58E+40 8.02E+40 8.52E+40 7.98E+40 8.48E+40 6.98E+40 6.98E+40 6.46E+40 6.48E+40 6.10E+40 6.20E+40 5.11E+40 5.02E+40 4.54E+40 4.60E+40 4.26E+40 3.80E+40 3.34E+40 3.30E+40 3.04E+40 2.76E+40 2.37E+40 2.34E+40 2.11E+40 1.86E+40 1.61E+40 1.58E+40 1.43E+40
 150.00  2.655  5.60E+44 1.06E+44 5.26E+45 2.53E+41 2.53E+41 7.57E+41 7.52E+41 1.25E+42 1.23E+42 1.72E+42 1.69E+42 2.16E+42 2.12E+42 2.57E+42 2.50E+42 2.93E+42 2.85E+42 3.26E+42 3.15E+42 3.54E+42 3.41E+42 3.78E+42 3.26E+42 3.33E+42 3.11E+42 3.26E+42 3.05E+42 3.24E+42 3.04E+42 3.23E+42 2.68E+42 2.69E+42 2.49E+42 2.51E+42 2.36E+42 2.40E+42 2.00E+42 1.96E+42 1.78E+42 1.81E+42 1.68E+42 1.50E+42 1.33E+42 1.31E+42 1.21E+42 1.10E+42 9.54E+41 9.42E+41 8.53E+41 7.57E+41 6.56E+41 6.46E+41 5.84E+41
 160.00  2.743  1.93E+46 3.64E+45 1.82E+47 8.44E+42 8.42E+42 2.52E+43 2.50E+43 4.16E+43 4.11E+43 5.73E+43 5.64E+43 7.21E+43 7.06E+43 8.57E+43 8.36E+43 9.80E+43 9.52E+43 1.09E+44 1.05E+44 1.18E+44 1.14E+44 1.27E+44 1.10E+44 1.12E+44 1.05E+44 1.10E+44 1.04E+44 1.10E+44 1.03E+44 1.10E+44 9.18E+43 9.21E+43 8.57E+43 8.62E+43 8.13E+43 8.28E+43 6.93E+43 6.83E+43 6.21E+43 6.30E+43 5.86E+43 5.28E+43 4.68E+43 4.64E+43 4.29E+43 3.93E+43 3.40E+43 3.37E+43 3.06E+43 2.73E+43 2.37E+43 2.34E+43 2.12E+43
 170.00  2.827  5.98E+47 1.12E+47 5.70E+48 2.54E+44 2.53E+44 7.58E+44 7.53E+44 1.25E+45 1.24E+45 1.72E+45 1.70E+45 2.17E+45 2.13E+45 2.58E+45 2.52E+45 2.95E+45 2.87E+45 3.29E+45 3.18E+45 3.58E+45 3.45E+45 3.83E+45 3.33E+45 3.42E+45 3.21E+45 3.37E+45 3.17E+45 3.37E+45 3.17E+45 3.37E+45 2.83E+45 2.84E+45 2.65E+45 2.67E+45 2.52E+45 2.57E+45 2.16E+45 2.14E+45 1.95E+45 1.98E+45 1.84E+45 1.67E+45 1.48E+45 1.47E+45 1.36E+45 1.25E+45 1.09E+45 1.08E+45 9.82E+44 8.80E+44 7.69E+44 7.58E+44 6.88E+44
 180.00  2.909  1.69E+49 3.15E+48 1.62E+50 6.94E+45 6.93E+45 2.08E+46 2.06E+46 3.43E+46 3.39E+46 4.72E+46 4.65E+46 5.95E+46 5.83E+46 7.08E+46 6.92E+46 8.11E+46 7.89E+46 9.03E+46 8.76E+46 9.84E+46 9.51E+46 1.05E+47 9.21E+46 9.47E+46 8.91E+46 9.36E+46 8.81E+46 9.38E+46 8.84E+46 9.40E+46 7.93E+46 7.98E+46 7.45E+46 7.52E+46 7.11E+46 7.26E+46 6.13E+46 6.07E+46 5.55E+46 5.63E+46 5.25E+46 4.78E+46 4.26E+46 4.23E+46 3.92E+46 3.62E+46 3.17E+46 3.14E+46 2.86E+46 2.57E+46 2.26E+46 2.23E+46 2.02E+46
 190.00  2.989  4.37E+50 8.09E+49 4.22E+51 1.74E+47 1.74E+47 5.21E+47 5.18E+47 8.61E+47 8.52E+47 1.19E+48 1.17E+48 1.50E+48 1.47E+48 1.78E+48 1.74E+48 2.04E+48 1.99E+48 2.28E+48 2.21E+48 2.48E+48 2.40E+48 2.66E+48 2.33E+48 2.41E+48 2.27E+48 2.38E+48 2.25E+48 2.39E+48 2.26E+48 2.40E+48 2.03E+48 2.05E+48 1.92E+48 1.94E+48 1.84E+48 1.87E+48 1.59E+48 1.58E+48 1.44E+48 1.47E+48 1.37E+48 1.25E+48 1.12E+48 1.11E+48 1.03E+48 9.57E+47 8.39E+47 8.32E+47 7.60E+47 6.87E+47 6.04E+47 5.97E+47 5.43E+47
 200.00  3.066  7.85E+51 1.40E+51 7.39E+52 2.97E+48 2.96E+48 8.87E+48 8.81E+48 1.46E+49 1.45E+49 2.02E+49 1.99E+49 2.55E+49 2.50E+49 3.03E+49 2.97E+49 3.48E+49 3.39E+49 3.88E+49 3.77E+49 4.24E+49 4.10E+49 4.55E+49 4.00E+49 4.13E+49 3.89E+49 4.10E+49 3.87E+49 4.12E+49 3.89E+49 4.14E+49 3.52E+49 3.56E+49 3.33E+49 3.37E+49 3.19E+49 3.26E+49 2.78E+49 2.76E+49 2.53E+49 2.57E+49 2.40E+49 2.21E+49 1.98E+49 1.97E+49 1.83E+49 1.70E+49 1.49E+49 1.48E+49 1.36E+49 1.23E+49 1.08E+49 1.07E+49 9.77E+48
 
