                    **********************************************************************************************************************************
                    *  Z= 95 A=247: Positive-Parity Spin-dependent Level Density [MeV-1] for AM247 B=  0.17 hw=  0.16 b2= 2.141 b3=-0.947 b4= 3.486  *
                    **********************************************************************************************************************************
 U[MeV]  T[MeV]  NCUMUL   RHOOBS   RHOTOT    J=01/2   J=03/2   J=05/2   J=07/2   J=09/2   J=11/2   J=13/2   J=15/2   J=17/2   J=19/2   J=21/2   J=23/2   J=25/2   J=27/2   J=29/2   J=31/2   J=33/2   J=35/2   J=37/2   J=39/2   J=41/2   J=43/2   J=45/2   J=47/2   J=49/2   J=51/2   J=53/2   J=55/2   J=57/2   J=59/2   J=61/2   J=63/2   J=65/2   J=67/2   J=69/2   J=71/2   J=73/2   J=75/2   J=77/2   J=79/2   J=81/2   J=83/2   J=85/2   J=87/2   J=89/2   J=91/2   J=93/2   J=95/2   J=97/2   J=99/2
   0.25  0.106  4.00E+00 3.73E+01 6.03E+02 2.67E+00 2.67E+00 2.67E+00 2.67E+00 2.67E+00 2.67E+00 2.67E+00 2.67E+00 2.67E+00 2.67E+00 1.33E+00 1.33E+00 1.33E+00 1.33E+00 1.33E+00 1.33E+00 1.33E+00 1.33E+00 0.00E+00 0.00E+00 0.00E+00 0.00E+00 0.00E+00 0.00E+00 0.00E+00 0.00E+00 0.00E+00 0.00E+00 0.00E+00 0.00E+00 0.00E+00 0.00E+00 0.00E+00 0.00E+00 0.00E+00 0.00E+00 0.00E+00 0.00E+00 0.00E+00 0.00E+00 0.00E+00 0.00E+00 0.00E+00 0.00E+00 0.00E+00 0.00E+00 0.00E+00 0.00E+00 0.00E+00 0.00E+00
   0.50  0.149  1.70E+01 6.40E+01 1.05E+03 3.00E+00 4.00E+00 5.00E+00 5.00E+00 5.00E+00 5.00E+00 5.00E+00 5.00E+00 5.00E+00 5.00E+00 3.00E+00 2.00E+00 2.00E+00 2.00E+00 2.00E+00 1.00E+00 1.00E+00 1.00E+00 1.00E+00 1.00E+00 1.00E+00 0.00E+00 0.00E+00 0.00E+00 0.00E+00 0.00E+00 0.00E+00 0.00E+00 0.00E+00 0.00E+00 0.00E+00 0.00E+00 0.00E+00 0.00E+00 0.00E+00 0.00E+00 0.00E+00 0.00E+00 0.00E+00 0.00E+00 0.00E+00 0.00E+00 0.00E+00 0.00E+00 0.00E+00 0.00E+00 0.00E+00 0.00E+00 0.00E+00 0.00E+00
   0.75  0.183  4.30E+01 1.47E+02 2.46E+03 4.00E+00 8.00E+00 1.10E+01 1.20E+01 1.20E+01 1.20E+01 1.20E+01 1.20E+01 1.20E+01 1.20E+01 8.00E+00 5.00E+00 5.00E+00 5.00E+00 5.00E+00 2.00E+00 2.00E+00 2.00E+00 1.00E+00 1.00E+00 1.00E+00 1.00E+00 1.00E+00 1.00E+00 0.00E+00 0.00E+00 0.00E+00 0.00E+00 0.00E+00 0.00E+00 0.00E+00 0.00E+00 0.00E+00 0.00E+00 0.00E+00 0.00E+00 0.00E+00 0.00E+00 0.00E+00 0.00E+00 0.00E+00 0.00E+00 0.00E+00 0.00E+00 0.00E+00 0.00E+00 0.00E+00 0.00E+00 0.00E+00 0.00E+00
   1.00  0.211  9.10E+01 2.37E+02 4.41E+03 5.00E+00 1.00E+01 1.50E+01 1.60E+01 1.70E+01 1.70E+01 1.70E+01 1.70E+01 1.70E+01 1.70E+01 1.50E+01 1.20E+01 1.20E+01 1.20E+01 1.20E+01 5.00E+00 5.00E+00 5.00E+00 2.00E+00 2.00E+00 2.00E+00 1.00E+00 1.00E+00 1.00E+00 1.00E+00 1.00E+00 0.00E+00 0.00E+00 0.00E+00 0.00E+00 0.00E+00 0.00E+00 0.00E+00 0.00E+00 0.00E+00 0.00E+00 0.00E+00 0.00E+00 0.00E+00 0.00E+00 0.00E+00 0.00E+00 0.00E+00 0.00E+00 0.00E+00 0.00E+00 0.00E+00 0.00E+00 0.00E+00 0.00E+00
   1.25  0.236  2.04E+02 6.65E+02 1.13E+04 1.40E+01 3.00E+01 4.40E+01 5.20E+01 5.60E+01 5.70E+01 5.80E+01 5.90E+01 6.00E+01 6.00E+01 4.00E+01 2.10E+01 1.90E+01 1.70E+01 1.70E+01 1.20E+01 1.20E+01 1.20E+01 5.00E+00 5.00E+00 5.00E+00 2.00E+00 2.00E+00 2.00E+00 1.00E+00 1.00E+00 1.00E+00 1.00E+00 0.00E+00 0.00E+00 0.00E+00 0.00E+00 0.00E+00 0.00E+00 0.00E+00 0.00E+00 0.00E+00 0.00E+00 0.00E+00 0.00E+00 0.00E+00 0.00E+00 0.00E+00 0.00E+00 0.00E+00 0.00E+00 0.00E+00 0.00E+00 0.00E+00 0.00E+00
   1.50  0.258  4.76E+02 1.51E+03 2.69E+04 2.90E+01 5.70E+01 8.10E+01 1.03E+02 1.17E+02 1.24E+02 1.27E+02 1.29E+02 1.31E+02 1.32E+02 1.06E+02 7.20E+01 6.40E+01 6.20E+01 6.10E+01 2.10E+01 1.80E+01 1.70E+01 1.30E+01 1.20E+01 1.20E+01 5.00E+00 5.00E+00 5.00E+00 2.00E+00 2.00E+00 1.00E+00 1.00E+00 1.00E+00 1.00E+00 0.00E+00 0.00E+00 0.00E+00 0.00E+00 0.00E+00 0.00E+00 0.00E+00 0.00E+00 0.00E+00 0.00E+00 0.00E+00 0.00E+00 0.00E+00 0.00E+00 0.00E+00 0.00E+00 0.00E+00 0.00E+00 0.00E+00 0.00E+00
   1.75  0.279  1.07E+03 3.26E+03 5.96E+04 5.80E+01 1.16E+02 1.68E+02 2.07E+02 2.36E+02 2.54E+02 2.68E+02 2.75E+02 2.78E+02 2.80E+02 2.24E+02 1.65E+02 1.43E+02 1.37E+02 1.36E+02 7.20E+01 6.30E+01 6.10E+01 2.40E+01 1.90E+01 1.70E+01 1.20E+01 1.20E+01 1.20E+01 5.00E+00 5.00E+00 2.00E+00 2.00E+00 1.00E+00 1.00E+00 1.00E+00 1.00E+00 0.00E+00 0.00E+00 0.00E+00 0.00E+00 0.00E+00 0.00E+00 0.00E+00 0.00E+00 0.00E+00 0.00E+00 0.00E+00 0.00E+00 0.00E+00 0.00E+00 0.00E+00 0.00E+00 0.00E+00 0.00E+00
   2.00  0.298  2.36E+03 7.04E+03 1.31E+05 1.27E+02 2.37E+02 3.34E+02 4.27E+02 4.99E+02 5.41E+02 5.69E+02 5.91E+02 6.06E+02 6.13E+02 4.97E+02 3.57E+02 3.20E+02 2.93E+02 2.88E+02 1.66E+02 1.38E+02 1.36E+02 8.30E+01 6.40E+01 6.10E+01 2.10E+01 1.80E+01 1.70E+01 1.20E+01 1.20E+01 5.00E+00 5.00E+00 2.00E+00 2.00E+00 1.00E+00 1.00E+00 1.00E+00 0.00E+00 0.00E+00 0.00E+00 0.00E+00 0.00E+00 0.00E+00 0.00E+00 0.00E+00 0.00E+00 0.00E+00 0.00E+00 0.00E+00 0.00E+00 0.00E+00 0.00E+00 0.00E+00 0.00E+00
   2.25  0.317  5.21E+03 1.58E+04 2.96E+05 2.62E+02 5.19E+02 7.48E+02 9.36E+02 1.09E+03 1.21E+03 1.30E+03 1.34E+03 1.37E+03 1.39E+03 1.13E+03 8.28E+02 6.90E+02 6.52E+02 6.37E+02 3.59E+02 3.05E+02 2.88E+02 1.82E+02 1.43E+02 1.36E+02 7.20E+01 6.30E+01 6.00E+01 1.90E+01 1.70E+01 1.20E+01 1.20E+01 5.00E+00 5.00E+00 2.00E+00 2.00E+00 1.00E+00 1.00E+00 1.00E+00 0.00E+00 0.00E+00 0.00E+00 0.00E+00 0.00E+00 0.00E+00 0.00E+00 0.00E+00 0.00E+00 0.00E+00 0.00E+00 0.00E+00 0.00E+00 0.00E+00 0.00E+00
   2.50  0.334  1.13E+04 3.25E+04 6.28E+05 5.21E+02 9.95E+02 1.42E+03 1.81E+03 2.13E+03 2.37E+03 2.55E+03 2.67E+03 2.76E+03 2.80E+03 2.36E+03 1.81E+03 1.61E+03 1.48E+03 1.45E+03 8.43E+02 6.67E+02 6.37E+02 4.06E+02 3.20E+02 2.88E+02 1.66E+02 1.38E+02 1.34E+02 6.40E+01 6.10E+01 2.00E+01 1.70E+01 1.20E+01 1.20E+01 5.00E+00 5.00E+00 2.00E+00 1.00E+00 1.00E+00 1.00E+00 1.00E+00 0.00E+00 0.00E+00 0.00E+00 0.00E+00 0.00E+00 0.00E+00 0.00E+00 0.00E+00 0.00E+00 0.00E+00 0.00E+00 0.00E+00 0.00E+00
   2.75  0.350  2.38E+04 6.81E+04 1.33E+06 1.02E+03 2.02E+03 2.93E+03 3.71E+03 4.36E+03 4.90E+03 5.30E+03 5.58E+03 5.77E+03 5.90E+03 4.95E+03 3.79E+03 3.30E+03 3.05E+03 2.97E+03 1.85E+03 1.55E+03 1.46E+03 9.35E+02 6.93E+02 6.37E+02 3.59E+02 3.05E+02 2.86E+02 1.43E+02 1.36E+02 6.60E+01 6.10E+01 2.00E+01 1.70E+01 1.20E+01 1.20E+01 5.00E+00 4.00E+00 2.00E+00 1.00E+00 1.00E+00 1.00E+00 0.00E+00 0.00E+00 0.00E+00 0.00E+00 0.00E+00 0.00E+00 0.00E+00 0.00E+00 0.00E+00 0.00E+00 0.00E+00 0.00E+00
   3.00  0.366  4.96E+04 1.38E+05 2.74E+06 2.00E+03 3.92E+03 5.68E+03 7.23E+03 8.54E+03 9.62E+03 1.05E+04 1.11E+04 1.15E+04 1.18E+04 1.00E+04 7.87E+03 6.96E+03 6.43E+03 6.29E+03 3.90E+03 3.19E+03 2.98E+03 2.05E+03 1.63E+03 1.46E+03 8.44E+02 6.64E+02 6.26E+02 3.20E+02 2.88E+02 1.55E+02 1.36E+02 6.60E+01 6.10E+01 2.00E+01 1.70E+01 1.20E+01 1.10E+01 5.00E+00 2.00E+00 2.00E+00 1.00E+00 1.00E+00 1.00E+00 0.00E+00 0.00E+00 0.00E+00 0.00E+00 0.00E+00 0.00E+00 0.00E+00 0.00E+00 0.00E+00 0.00E+00
   3.25  0.380  1.01E+05 2.72E+05 5.49E+06 3.79E+03 7.42E+03 1.08E+04 1.38E+04 1.64E+04 1.85E+04 2.01E+04 2.14E+04 2.23E+04 2.29E+04 1.98E+04 1.57E+04 1.40E+04 1.30E+04 1.27E+04 8.16E+03 6.77E+03 6.34E+03 4.30E+03 3.34E+03 2.98E+03 1.85E+03 1.54E+03 1.44E+03 6.93E+02 6.37E+02 3.35E+02 2.88E+02 1.55E+02 1.36E+02 6.60E+01 6.10E+01 1.90E+01 1.60E+01 1.20E+01 5.00E+00 5.00E+00 2.00E+00 1.00E+00 1.00E+00 1.00E+00 0.00E+00 0.00E+00 0.00E+00 0.00E+00 0.00E+00 0.00E+00 0.00E+00 0.00E+00 0.00E+00
   3.50  0.395  2.00E+05 5.19E+05 1.07E+07 6.89E+03 1.36E+04 1.99E+04 2.54E+04 3.02E+04 3.42E+04 3.74E+04 3.99E+04 4.17E+04 4.30E+04 3.76E+04 3.05E+04 2.74E+04 2.55E+04 2.49E+04 1.64E+04 1.37E+04 1.28E+04 8.99E+03 7.11E+03 6.34E+03 3.91E+03 3.18E+03 2.92E+03 1.63E+03 1.46E+03 7.63E+02 6.37E+02 3.35E+02 2.88E+02 1.55E+02 1.36E+02 6.40E+01 5.10E+01 1.80E+01 1.20E+01 1.20E+01 5.00E+00 2.00E+00 2.00E+00 1.00E+00 1.00E+00 0.00E+00 0.00E+00 0.00E+00 0.00E+00 0.00E+00 0.00E+00 0.00E+00 0.00E+00
   3.75  0.409  3.87E+05 9.77E+05 2.05E+07 1.27E+04 2.49E+04 3.62E+04 4.66E+04 5.56E+04 6.30E+04 6.91E+04 7.39E+04 7.74E+04 7.99E+04 7.04E+04 5.74E+04 5.19E+04 4.82E+04 4.72E+04 3.20E+04 2.70E+04 2.52E+04 1.80E+04 1.44E+04 1.28E+04 8.19E+03 6.73E+03 6.22E+03 3.34E+03 2.98E+03 1.74E+03 1.46E+03 7.63E+02 6.37E+02 3.35E+02 2.88E+02 1.43E+02 1.19E+02 6.30E+01 2.10E+01 1.70E+01 1.20E+01 5.00E+00 5.00E+00 2.00E+00 1.00E+00 1.00E+00 1.00E+00 0.00E+00 0.00E+00 0.00E+00 0.00E+00 0.00E+00 0.00E+00
   4.00  0.422  7.32E+05 1.79E+06 3.81E+07 2.23E+04 4.39E+04 6.42E+04 8.25E+04 9.86E+04 1.12E+05 1.23E+05 1.32E+05 1.39E+05 1.44E+05 1.28E+05 1.06E+05 9.64E+04 9.03E+04 8.84E+04 6.05E+04 5.13E+04 4.79E+04 3.50E+04 2.82E+04 2.52E+04 1.64E+04 1.36E+04 1.25E+04 7.11E+03 6.32E+03 3.61E+03 2.98E+03 1.74E+03 1.46E+03 7.63E+02 6.37E+02 3.20E+02 2.57E+02 1.38E+02 7.20E+01 6.10E+01 1.80E+01 1.30E+01 1.20E+01 5.00E+00 2.00E+00 1.00E+00 1.00E+00 1.00E+00 0.00E+00 0.00E+00 0.00E+00 0.00E+00 0.00E+00
   4.25  0.435  1.36E+06 3.22E+06 6.98E+07 3.91E+04 7.70E+04 1.13E+05 1.45E+05 1.74E+05 1.98E+05 2.18E+05 2.34E+05 2.46E+05 2.56E+05 2.29E+05 1.92E+05 1.75E+05 1.64E+05 1.60E+05 1.13E+05 9.63E+04 9.00E+04 6.64E+04 5.39E+04 4.80E+04 3.22E+04 2.68E+04 2.46E+04 1.44E+04 1.27E+04 7.65E+03 6.34E+03 3.61E+03 2.98E+03 1.74E+03 1.46E+03 6.93E+02 5.57E+02 3.05E+02 1.66E+02 1.36E+02 6.30E+01 2.40E+01 1.70E+01 1.20E+01 5.00E+00 4.00E+00 2.00E+00 1.00E+00 1.00E+00 0.00E+00 0.00E+00 0.00E+00 0.00E+00
   4.50  0.448  2.47E+06 5.67E+06 1.25E+08 6.66E+04 1.31E+05 1.92E+05 2.48E+05 2.97E+05 3.39E+05 3.74E+05 4.03E+05 4.25E+05 4.41E+05 3.99E+05 3.38E+05 3.11E+05 2.92E+05 2.87E+05 2.04E+05 1.75E+05 1.64E+05 1.23E+05 1.01E+05 9.03E+04 6.11E+04 5.11E+04 4.68E+04 2.83E+04 2.51E+04 1.54E+04 1.28E+04 7.65E+03 6.34E+03 3.61E+03 2.98E+03 1.63E+03 1.31E+03 6.64E+02 3.59E+02 2.88E+02 1.38E+02 8.20E+01 6.10E+01 1.80E+01 1.20E+01 1.10E+01 5.00E+00 2.00E+00 1.00E+00 1.00E+00 1.00E+00 0.00E+00 0.00E+00
   4.75  0.460  4.39E+06 9.73E+06 2.18E+08 1.11E+05 2.18E+05 3.20E+05 4.13E+05 4.96E+05 5.67E+05 6.27E+05 6.76E+05 7.14E+05 7.43E+05 6.77E+05 5.80E+05 5.36E+05 5.06E+05 4.98E+05 3.61E+05 3.13E+05 2.94E+05 2.23E+05 1.84E+05 1.64E+05 1.14E+05 9.60E+04 8.80E+04 5.39E+04 4.77E+04 3.03E+04 2.52E+04 1.54E+04 1.28E+04 7.65E+03 6.32E+03 3.34E+03 2.66E+03 1.54E+03 8.44E+02 6.37E+02 3.05E+02 1.81E+02 1.36E+02 6.30E+01 2.00E+01 1.60E+01 1.20E+01 5.00E+00 2.00E+00 1.00E+00 1.00E+00 1.00E+00 0.00E+00
   5.00  0.472  7.65E+06 1.64E+07 3.72E+08 1.81E+05 3.57E+05 5.23E+05 6.76E+05 8.12E+05 9.31E+05 1.03E+06 1.11E+06 1.18E+06 1.23E+06 1.12E+06 9.72E+05 9.04E+05 8.56E+05 8.43E+05 6.22E+05 5.43E+05 5.10E+05 3.93E+05 3.28E+05 2.95E+05 2.07E+05 1.75E+05 1.60E+05 1.01E+05 8.97E+04 5.77E+04 4.80E+04 3.03E+04 2.52E+04 1.54E+04 1.27E+04 7.11E+03 5.71E+03 3.18E+03 1.85E+03 1.46E+03 6.67E+02 4.02E+02 2.88E+02 1.38E+02 6.60E+01 5.10E+01 1.70E+01 1.20E+01 5.00E+00 2.00E+00 2.00E+00 1.00E+00 1.00E+00
   5.50  0.495  2.27E+07 4.36E+07 1.03E+09 4.55E+05 8.98E+05 1.32E+06 1.71E+06 2.06E+06 2.36E+06 2.62E+06 2.84E+06 3.01E+06 3.15E+06 2.92E+06 2.58E+06 2.42E+06 2.31E+06 2.28E+06 1.73E+06 1.53E+06 1.44E+06 1.14E+06 9.62E+05 8.70E+05 6.34E+05 5.43E+05 5.00E+05 3.28E+05 2.93E+05 1.96E+05 1.64E+05 1.08E+05 9.03E+04 5.77E+04 4.77E+04 2.83E+04 2.28E+04 1.36E+04 8.19E+03 6.32E+03 3.19E+03 2.02E+03 1.46E+03 6.67E+02 3.35E+02 2.57E+02 1.37E+02 6.30E+01 2.00E+01 1.30E+01 1.20E+01 5.00E+00 2.00E+00
   6.00  0.517  6.05E+07 1.08E+08 2.62E+09 1.06E+06 2.10E+06 3.08E+06 3.99E+06 4.82E+06 5.55E+06 6.18E+06 6.70E+06 7.13E+06 7.46E+06 7.01E+06 6.27E+06 5.94E+06 5.70E+06 5.65E+06 4.40E+06 3.94E+06 3.73E+06 3.02E+06 2.59E+06 2.37E+06 1.77E+06 1.53E+06 1.41E+06 9.64E+05 8.65E+05 6.04E+05 5.13E+05 3.50E+05 2.95E+05 1.96E+05 1.63E+05 1.01E+05 8.22E+04 5.11E+04 3.22E+04 2.51E+04 1.38E+04 8.85E+03 6.32E+03 3.19E+03 1.74E+03 1.31E+03 6.52E+02 3.05E+02 1.55E+02 8.30E+01 6.10E+01 1.70E+01 1.20E+01
   6.50  0.538  1.49E+08 2.47E+08 6.20E+09 2.30E+06 4.55E+06 6.69E+06 8.68E+06 1.05E+07 1.21E+07 1.35E+07 1.47E+07 1.56E+07 1.64E+07 1.56E+07 1.41E+07 1.35E+07 1.31E+07 1.30E+07 1.04E+07 9.37E+06 8.93E+06 7.36E+06 6.40E+06 5.88E+06 4.52E+06 3.97E+06 3.68E+06 2.60E+06 2.35E+06 1.69E+06 1.45E+06 1.02E+06 8.71E+05 6.04E+05 5.10E+05 3.28E+05 2.70E+05 1.75E+05 1.14E+05 8.97E+04 5.16E+04 3.44E+04 2.51E+04 1.38E+04 7.65E+03 5.71E+03 3.07E+03 1.55E+03 7.63E+02 4.06E+02 2.88E+02 1.36E+02 6.20E+01
   7.00  0.558  3.44E+08 5.32E+08 1.38E+10 4.71E+06 9.31E+06 1.37E+07 1.78E+07 2.15E+07 2.49E+07 2.78E+07 3.02E+07 3.23E+07 3.39E+07 3.25E+07 2.98E+07 2.87E+07 2.79E+07 2.78E+07 2.26E+07 2.07E+07 1.98E+07 1.66E+07 1.46E+07 1.35E+07 1.07E+07 9.47E+06 8.82E+06 6.43E+06 5.85E+06 4.35E+06 3.77E+06 2.75E+06 2.37E+06 1.69E+06 1.44E+06 9.64E+05 8.04E+05 5.43E+05 3.67E+05 2.93E+05 1.76E+05 1.21E+05 8.97E+04 5.16E+04 3.03E+04 2.28E+04 1.31E+04 6.78E+03 3.61E+03 2.05E+03 1.46E+03 6.37E+02 2.93E+02
   7.50  0.578  7.47E+08 1.08E+09 2.88E+10 9.11E+06 1.80E+07 2.65E+07 3.45E+07 4.18E+07 4.83E+07 5.40E+07 5.89E+07 6.30E+07 6.63E+07 6.39E+07 5.93E+07 5.74E+07 5.60E+07 5.58E+07 4.64E+07 4.27E+07 4.11E+07 3.50E+07 3.12E+07 2.90E+07 2.33E+07 2.09E+07 1.96E+07 1.47E+07 1.35E+07 1.03E+07 9.04E+06 6.77E+06 5.89E+06 4.35E+06 3.75E+06 2.60E+06 2.20E+06 1.53E+06 1.07E+06 8.65E+05 5.49E+05 3.88E+05 2.93E+05 1.76E+05 1.08E+05 8.22E+04 4.92E+04 2.71E+04 1.54E+04 8.99E+03 6.32E+03 2.98E+03 1.49E+03
   8.00  0.597  1.54E+09 2.09E+09 5.74E+10 1.69E+07 3.34E+07 4.92E+07 6.40E+07 7.76E+07 8.97E+07 1.00E+08 1.10E+08 1.17E+08 1.24E+08 1.20E+08 1.12E+08 1.09E+08 1.07E+08 1.07E+08 8.99E+07 8.34E+07 8.05E+07 6.94E+07 6.25E+07 5.85E+07 4.79E+07 4.33E+07 4.08E+07 3.14E+07 2.90E+07 2.26E+07 2.00E+07 1.54E+07 1.36E+07 1.03E+07 8.98E+06 6.43E+06 5.50E+06 3.97E+06 2.86E+06 2.35E+06 1.55E+06 1.12E+06 8.65E+05 5.49E+05 3.50E+05 2.70E+05 1.69E+05 9.69E+04 5.77E+04 3.51E+04 2.51E+04 1.28E+04 6.50E+03
   8.50  0.615  3.03E+09 3.88E+09 1.09E+11 3.01E+07 5.95E+07 8.78E+07 1.14E+08 1.39E+08 1.60E+08 1.80E+08 1.96E+08 2.10E+08 2.22E+08 2.16E+08 2.04E+08 1.99E+08 1.95E+08 1.95E+08 1.67E+08 1.56E+08 1.50E+08 1.31E+08 1.19E+08 1.12E+08 9.30E+07 8.47E+07 8.00E+07 6.29E+07 5.84E+07 4.66E+07 4.17E+07 3.28E+07 2.91E+07 2.26E+07 1.99E+07 1.47E+07 1.27E+07 9.48E+06 7.02E+06 5.85E+06 4.01E+06 2.99E+06 2.35E+06 1.55E+06 1.02E+06 8.04E+05 5.26E+05 3.16E+05 1.96E+05 1.23E+05 8.97E+04 4.80E+04 2.59E+04
   9.00  0.633  5.74E+09 6.95E+09 2.01E+11 5.20E+07 1.03E+08 1.52E+08 1.98E+08 2.40E+08 2.78E+08 3.12E+08 3.41E+08 3.65E+08 3.85E+08 3.77E+08 3.57E+08 3.50E+08 3.45E+08 3.45E+08 2.98E+08 2.79E+08 2.71E+08 2.38E+08 2.17E+08 2.05E+08 1.72E+08 1.58E+08 1.50E+08 1.20E+08 1.12E+08 9.06E+07 8.17E+07 6.55E+07 5.87E+07 4.66E+07 4.14E+07 3.14E+07 2.75E+07 2.09E+07 1.59E+07 1.35E+07 9.56E+06 7.31E+06 5.85E+06 4.01E+06 2.75E+06 2.20E+06 1.48E+06 9.31E+05 6.04E+05 3.95E+05 2.93E+05 1.64E+05 9.29E+04
   9.50  0.650  1.05E+10 1.21E+10 3.57E+11 8.78E+07 1.74E+08 2.56E+08 3.34E+08 4.06E+08 4.70E+08 5.27E+08 5.77E+08 6.19E+08 6.53E+08 6.42E+08 6.11E+08 6.00E+08 5.92E+08 5.93E+08 5.15E+08 4.85E+08 4.71E+08 4.17E+08 3.83E+08 3.63E+08 3.08E+08 2.84E+08 2.70E+08 2.19E+08 2.05E+08 1.68E+08 1.53E+08 1.24E+08 1.12E+08 9.06E+07 8.13E+07 6.29E+07 5.56E+07 4.34E+07 3.38E+07 2.90E+07 2.11E+07 1.65E+07 1.35E+07 9.56E+06 6.77E+06 5.50E+06 3.85E+06 2.52E+06 1.69E+06 1.14E+06 8.65E+05 5.13E+05 3.03E+05
  10.00  0.667  1.87E+10 2.06E+10 6.19E+11 1.46E+08 2.88E+08 4.25E+08 5.54E+08 6.73E+08 7.81E+08 8.76E+08 9.59E+08 1.03E+09 1.09E+09 1.07E+09 1.02E+09 1.01E+09 9.94E+08 9.98E+08 8.72E+08 8.23E+08 8.01E+08 7.13E+08 6.57E+08 6.24E+08 5.34E+08 4.94E+08 4.71E+08 3.86E+08 3.63E+08 3.02E+08 2.75E+08 2.27E+08 2.06E+08 1.68E+08 1.52E+08 1.20E+08 1.07E+08 8.49E+07 6.73E+07 5.84E+07 4.37E+07 3.49E+07 2.90E+07 2.11E+07 1.54E+07 1.27E+07 9.22E+06 6.25E+06 4.35E+06 3.04E+06 2.35E+06 1.45E+06 8.94E+05
  11.00  0.700  5.74E+10 5.68E+10 1.76E+12 3.84E+08 7.61E+08 1.12E+09 1.47E+09 1.78E+09 2.07E+09 2.32E+09 2.54E+09 2.73E+09 2.89E+09 2.86E+09 2.75E+09 2.71E+09 2.69E+09 2.70E+09 2.38E+09 2.26E+09 2.20E+09 1.97E+09 1.83E+09 1.74E+09 1.51E+09 1.40E+09 1.34E+09 1.11E+09 1.05E+09 8.88E+08 8.16E+08 6.84E+08 6.27E+08 5.23E+08 4.77E+08 3.86E+08 3.48E+08 2.85E+08 2.32E+08 2.05E+08 1.59E+08 1.31E+08 1.12E+08 8.55E+07 6.55E+07 5.56E+07 4.24E+07 3.06E+07 2.26E+07 1.67E+07 1.35E+07 9.04E+06 6.03E+06
  12.00  0.731  1.61E+11 1.50E+11 4.75E+12 9.84E+08 1.95E+09 2.88E+09 3.76E+09 4.57E+09 5.32E+09 5.98E+09 6.56E+09 7.06E+09 7.47E+09 7.41E+09 7.14E+09 7.07E+09 7.01E+09 7.05E+09 6.26E+09 5.95E+09 5.80E+09 5.23E+09 4.86E+09 4.64E+09 4.04E+09 3.76E+09 3.60E+09 3.02E+09 2.86E+09 2.44E+09 2.25E+09 1.90E+09 1.75E+09 1.48E+09 1.36E+09 1.11E+09 1.01E+09 8.42E+08 6.99E+08 6.24E+08 4.98E+08 4.18E+08 3.63E+08 2.86E+08 2.27E+08 1.96E+08 1.55E+08 1.17E+08 9.06E+07 7.01E+07 5.84E+07 4.17E+07 2.97E+07
  13.00  0.761  4.31E+11 3.91E+11 1.25E+13 2.50E+09 4.95E+09 7.32E+09 9.57E+09 1.17E+10 1.36E+10 1.53E+10 1.68E+10 1.81E+10 1.92E+10 1.91E+10 1.84E+10 1.82E+10 1.81E+10 1.82E+10 1.62E+10 1.54E+10 1.51E+10 1.36E+10 1.27E+10 1.21E+10 1.06E+10 9.85E+09 9.42E+09 7.95E+09 7.51E+09 6.44E+09 5.94E+09 5.07E+09 4.67E+09 3.97E+09 3.65E+09 3.03E+09 2.76E+09 2.31E+09 1.94E+09 1.74E+09 1.41E+09 1.20E+09 1.05E+09 8.47E+08 6.84E+08 6.01E+08 4.86E+08 3.79E+08 3.02E+08 2.41E+08 2.05E+08 1.53E+08 1.14E+08
  14.00  0.790  1.13E+12 1.02E+12 3.27E+13 6.39E+09 1.27E+10 1.87E+10 2.45E+10 2.99E+10 3.48E+10 3.92E+10 4.32E+10 4.66E+10 4.95E+10 4.93E+10 4.77E+10 4.73E+10 4.70E+10 4.74E+10 4.22E+10 4.02E+10 3.92E+10 3.55E+10 3.30E+10 3.15E+10 2.75E+10 2.57E+10 2.45E+10 2.07E+10 1.96E+10 1.68E+10 1.55E+10 1.33E+10 1.22E+10 1.04E+10 9.56E+09 7.96E+09 7.26E+09 6.12E+09 5.17E+09 4.65E+09 3.80E+09 3.25E+09 2.86E+09 2.33E+09 1.90E+09 1.68E+09 1.38E+09 1.10E+09 8.88E+08 7.23E+08 6.24E+08 4.80E+08 3.70E+08
  15.00  0.817  2.97E+12 2.66E+12 8.58E+13 1.65E+10 3.27E+10 4.85E+10 6.34E+10 7.74E+10 9.03E+10 1.02E+11 1.12E+11 1.21E+11 1.29E+11 1.29E+11 1.25E+11 1.24E+11 1.23E+11 1.24E+11 1.11E+11 1.06E+11 1.03E+11 9.35E+10 8.70E+10 8.29E+10 7.25E+10 6.76E+10 6.44E+10 5.44E+10 5.13E+10 4.41E+10 4.06E+10 3.47E+10 3.19E+10 2.72E+10 2.49E+10 2.08E+10 1.89E+10 1.60E+10 1.35E+10 1.21E+10 9.96E+09 8.53E+09 7.52E+09 6.16E+09 5.07E+09 4.49E+09 3.71E+09 2.98E+09 2.44E+09 2.00E+09 1.74E+09 1.36E+09 1.07E+09
  16.00  0.844  7.80E+12 7.01E+12 2.27E+14 4.30E+10 8.53E+10 1.26E+11 1.65E+11 2.02E+11 2.36E+11 2.67E+11 2.94E+11 3.18E+11 3.39E+11 3.39E+11 3.29E+11 3.27E+11 3.26E+11 3.29E+11 2.94E+11 2.80E+11 2.74E+11 2.48E+11 2.31E+11 2.20E+11 1.93E+11 1.80E+11 1.71E+11 1.44E+11 1.36E+11 1.17E+11 1.07E+11 9.18E+10 8.41E+10 7.18E+10 6.55E+10 5.46E+10 4.97E+10 4.19E+10 3.54E+10 3.17E+10 2.60E+10 2.23E+10 1.96E+10 1.61E+10 1.33E+10 1.17E+10 9.72E+09 7.84E+09 6.44E+09 5.32E+09 4.65E+09 3.67E+09 2.91E+09
  17.00  0.870  2.06E+13 1.85E+13 6.02E+14 1.12E+11 2.23E+11 3.30E+11 4.32E+11 5.28E+11 6.17E+11 6.99E+11 7.72E+11 8.36E+11 8.92E+11 8.93E+11 8.68E+11 8.64E+11 8.62E+11 8.71E+11 7.80E+11 7.45E+11 7.28E+11 6.62E+11 6.16E+11 5.87E+11 5.15E+11 4.79E+11 4.56E+11 3.86E+11 3.63E+11 3.12E+11 2.86E+11 2.45E+11 2.24E+11 1.91E+11 1.74E+11 1.45E+11 1.32E+11 1.11E+11 9.36E+10 8.36E+10 6.86E+10 5.86E+10 5.14E+10 4.22E+10 3.47E+10 3.06E+10 2.54E+10 2.05E+10 1.68E+10 1.39E+10 1.21E+10 9.60E+09 7.67E+09
  18.00  0.895  5.43E+13 4.89E+13 1.59E+15 2.91E+11 5.78E+11 8.57E+11 1.12E+12 1.37E+12 1.61E+12 1.82E+12 2.01E+12 2.18E+12 2.33E+12 2.34E+12 2.28E+12 2.27E+12 2.27E+12 2.30E+12 2.06E+12 1.97E+12 1.93E+12 1.76E+12 1.64E+12 1.56E+12 1.37E+12 1.28E+12 1.22E+12 1.03E+12 9.69E+11 8.35E+11 7.65E+11 6.56E+11 5.99E+11 5.12E+11 4.66E+11 3.88E+11 3.52E+11 2.96E+11 2.50E+11 2.23E+11 1.83E+11 1.56E+11 1.36E+11 1.12E+11 9.19E+10 8.07E+10 6.68E+10 5.38E+10 4.41E+10 3.64E+10 3.17E+10 2.51E+10 2.00E+10
  19.00  0.920  1.43E+14 1.28E+14 4.19E+15 7.49E+11 1.49E+12 2.20E+12 2.89E+12 3.54E+12 4.14E+12 4.70E+12 5.20E+12 5.64E+12 6.03E+12 6.06E+12 5.91E+12 5.91E+12 5.91E+12 5.98E+12 5.39E+12 5.16E+12 5.06E+12 4.62E+12 4.31E+12 4.11E+12 3.62E+12 3.38E+12 3.22E+12 2.73E+12 2.57E+12 2.22E+12 2.04E+12 1.75E+12 1.60E+12 1.37E+12 1.24E+12 1.04E+12 9.40E+11 7.93E+11 6.68E+11 5.96E+11 4.89E+11 4.17E+11 3.64E+11 2.98E+11 2.45E+11 2.15E+11 1.78E+11 1.43E+11 1.17E+11 9.64E+10 8.36E+10 6.59E+10 5.25E+10
  20.00  0.944  3.71E+14 3.30E+14 1.09E+16 1.90E+12 3.77E+12 5.60E+12 7.34E+12 8.99E+12 1.05E+13 1.19E+13 1.32E+13 1.44E+13 1.54E+13 1.55E+13 1.51E+13 1.52E+13 1.52E+13 1.54E+13 1.39E+13 1.33E+13 1.31E+13 1.20E+13 1.12E+13 1.07E+13 9.45E+12 8.82E+12 8.40E+12 7.16E+12 6.75E+12 5.84E+12 5.36E+12 4.62E+12 4.22E+12 3.62E+12 3.29E+12 2.75E+12 2.50E+12 2.11E+12 1.78E+12 1.59E+12 1.31E+12 1.11E+12 9.73E+11 7.99E+11 6.57E+11 5.75E+11 4.75E+11 3.82E+11 3.13E+11 2.57E+11 2.23E+11 1.75E+11 1.39E+11
  22.50  1.001  4.92E+15 3.31E+15 1.12E+17 1.82E+13 3.62E+13 5.37E+13 7.06E+13 8.66E+13 1.01E+14 1.15E+14 1.28E+14 1.39E+14 1.49E+14 1.51E+14 1.48E+14 1.49E+14 1.50E+14 1.52E+14 1.38E+14 1.33E+14 1.31E+14 1.21E+14 1.13E+14 1.09E+14 9.68E+13 9.07E+13 8.65E+13 7.45E+13 7.03E+13 6.14E+13 5.64E+13 4.90E+13 4.49E+13 3.88E+13 3.54E+13 2.98E+13 2.71E+13 2.31E+13 1.96E+13 1.75E+13 1.45E+13 1.25E+13 1.09E+13 9.04E+12 7.48E+12 6.55E+12 5.44E+12 4.40E+12 3.62E+12 2.99E+12 2.58E+12 2.04E+12 1.63E+12
  25.00  1.055  4.66E+16 3.00E+16 1.04E+18 1.59E+14 3.16E+14 4.69E+14 6.16E+14 7.56E+14 8.87E+14 1.01E+15 1.12E+15 1.22E+15 1.31E+15 1.33E+15 1.31E+15 1.32E+15 1.33E+15 1.36E+15 1.25E+15 1.20E+15 1.19E+15 1.10E+15 1.04E+15 9.98E+14 8.94E+14 8.42E+14 8.04E+14 6.98E+14 6.60E+14 5.81E+14 5.36E+14 4.69E+14 4.31E+14 3.76E+14 3.44E+14 2.92E+14 2.66E+14 2.29E+14 1.96E+14 1.76E+14 1.47E+14 1.27E+14 1.12E+14 9.33E+13 7.78E+13 6.85E+13 5.74E+13 4.69E+13 3.89E+13 3.23E+13 2.81E+13 2.23E+13 1.80E+13
  30.00  1.156  4.87E+18 1.90E+18 6.83E+19 9.33E+15 1.85E+16 2.76E+16 3.63E+16 4.46E+16 5.24E+16 5.97E+16 6.65E+16 7.26E+16 7.81E+16 7.97E+16 7.94E+16 8.05E+16 8.14E+16 8.31E+16 7.71E+16 7.51E+16 7.43E+16 6.95E+16 6.61E+16 6.39E+16 5.79E+16 5.49E+16 5.26E+16 4.63E+16 4.40E+16 3.92E+16 3.64E+16 3.23E+16 2.98E+16 2.63E+16 2.42E+16 2.09E+16 1.92E+16 1.67E+16 1.45E+16 1.31E+16 1.11E+16 9.74E+15 8.66E+15 7.35E+15 6.23E+15 5.53E+15 4.70E+15 3.91E+15 3.30E+15 2.78E+15 2.44E+15 1.98E+15 1.63E+15
  40.00  1.335  1.67E+22 3.33E+21 1.28E+23 1.45E+19 2.89E+19 4.29E+19 5.66E+19 6.97E+19 8.21E+19 9.39E+19 1.05E+20 1.15E+20 1.24E+20 1.28E+20 1.29E+20 1.31E+20 1.34E+20 1.37E+20 1.30E+20 1.27E+20 1.27E+20 1.20E+20 1.16E+20 1.13E+20 1.04E+20 9.94E+19 9.60E+19 8.62E+19 8.25E+19 7.49E+19 7.02E+19 6.33E+19 5.91E+19 5.31E+19 4.93E+19 4.35E+19 4.03E+19 3.57E+19 3.16E+19 2.89E+19 2.52E+19 2.23E+19 2.01E+19 1.75E+19 1.52E+19 1.36E+19 1.19E+19 1.01E+19 8.73E+18 7.53E+18 6.72E+18 5.62E+18 4.74E+18
  50.00  1.492  1.12E+25 2.24E+24 9.02E+25 8.88E+21 1.77E+22 2.63E+22 3.47E+22 4.28E+22 5.06E+22 5.79E+22 6.48E+22 7.11E+22 7.70E+22 7.98E+22 8.10E+22 8.31E+22 8.50E+22 8.76E+22 8.37E+22 8.28E+22 8.29E+22 7.94E+22 7.69E+22 7.53E+22 7.03E+22 6.77E+22 6.57E+22 5.98E+22 5.76E+22 5.29E+22 4.99E+22 4.56E+22 4.28E+22 3.90E+22 3.65E+22 3.26E+22 3.04E+22 2.73E+22 2.45E+22 2.26E+22 2.00E+22 1.79E+22 1.63E+22 1.44E+22 1.27E+22 1.15E+22 1.01E+22 8.81E+21 7.71E+21 6.75E+21 6.09E+21 5.19E+21 4.45E+21
  60.00  1.635  1.80E+28 3.60E+27 1.58E+29 1.10E+25 2.19E+25 3.27E+25 4.32E+25 5.33E+25 6.30E+25 7.23E+25 8.11E+25 8.93E+25 9.69E+25 1.04E+26 1.10E+26 1.16E+26 1.21E+26 1.26E+26 1.30E+26 1.33E+26 1.37E+26 1.39E+26 1.42E+26 1.43E+26 1.22E+26 1.11E+26 1.02E+26 9.74E+25 9.38E+25 9.26E+25 9.01E+25 8.93E+25 8.77E+25 7.16E+25 6.23E+25 5.72E+25 5.46E+25 5.23E+25 5.07E+25 4.96E+25 3.75E+25 3.31E+25 3.05E+25 2.91E+25 2.82E+25 2.65E+25 2.01E+25 1.77E+25 1.64E+25 1.56E+25 1.52E+25 1.07E+25 9.46E+24
  70.00  1.766  4.89E+30 9.71E+29 4.39E+31 2.80E+27 5.57E+27 8.31E+27 1.10E+28 1.36E+28 1.61E+28 1.85E+28 2.07E+28 2.28E+28 2.48E+28 2.67E+28 2.83E+28 2.99E+28 3.13E+28 3.25E+28 3.36E+28 3.46E+28 3.55E+28 3.62E+28 3.69E+28 3.74E+28 3.23E+28 2.97E+28 2.75E+28 2.65E+28 2.56E+28 2.53E+28 2.47E+28 2.45E+28 2.41E+28 2.00E+28 1.76E+28 1.63E+28 1.56E+28 1.50E+28 1.45E+28 1.42E+28 1.10E+28 9.83E+27 9.11E+27 8.72E+27 8.46E+27 7.96E+27 6.20E+27 5.51E+27 5.13E+27 4.88E+27 4.76E+27 3.44E+27 3.08E+27
  80.00  1.888  9.23E+32 1.83E+32 8.50E+33 5.00E+29 9.96E+29 1.48E+30 1.96E+30 2.43E+30 2.88E+30 3.31E+30 3.72E+30 4.10E+30 4.46E+30 4.80E+30 5.11E+30 5.40E+30 5.66E+30 5.89E+30 6.10E+30 6.29E+30 6.46E+30 6.60E+30 6.73E+30 6.84E+30 5.97E+30 5.54E+30 5.17E+30 4.99E+30 4.84E+30 4.80E+30 4.69E+30 4.66E+30 4.58E+30 3.87E+30 3.44E+30 3.20E+30 3.07E+30 2.95E+30 2.87E+30 2.81E+30 2.23E+30 2.00E+30 1.86E+30 1.78E+30 1.73E+30 1.63E+30 1.30E+30 1.16E+30 1.09E+30 1.03E+30 1.01E+30 7.49E+29 6.75E+29
  90.00  2.002  1.29E+35 2.55E+34 1.22E+36 6.66E+31 1.33E+32 1.98E+32 2.62E+32 3.24E+32 3.85E+32 4.42E+32 4.98E+32 5.50E+32 5.99E+32 6.45E+32 6.87E+32 7.27E+32 7.63E+32 7.95E+32 8.25E+32 8.51E+32 8.75E+32 8.95E+32 9.14E+32 9.30E+32 8.20E+32 7.66E+32 7.20E+32 6.97E+32 6.78E+32 6.73E+32 6.59E+32 6.55E+32 6.45E+32 5.52E+32 4.95E+32 4.63E+32 4.45E+32 4.29E+32 4.17E+32 4.09E+32 3.29E+32 2.98E+32 2.78E+32 2.67E+32 2.59E+32 2.45E+32 1.98E+32 1.79E+32 1.67E+32 1.59E+32 1.56E+32 1.18E+32 1.07E+32
 100.00  2.110  1.41E+37 2.77E+36 1.35E+38 6.94E+33 1.38E+34 2.06E+34 2.73E+34 3.38E+34 4.01E+34 4.62E+34 5.20E+34 5.75E+34 6.27E+34 6.75E+34 7.21E+34 7.63E+34 8.01E+34 8.37E+34 8.69E+34 8.97E+34 9.23E+34 9.46E+34 9.67E+34 9.84E+34 8.76E+34 8.23E+34 7.78E+34 7.56E+34 7.37E+34 7.32E+34 7.18E+34 7.15E+34 7.05E+34 6.09E+34 5.50E+34 5.16E+34 4.98E+34 4.80E+34 4.68E+34 4.58E+34 3.74E+34 3.40E+34 3.19E+34 3.07E+34 2.98E+34 2.82E+34 2.32E+34 2.10E+34 1.97E+34 1.88E+34 1.84E+34 1.41E+34 1.29E+34
 110.00  2.213  1.24E+39 2.42E+38 1.21E+40 5.84E+35 1.16E+36 1.74E+36 2.30E+36 2.85E+36 3.38E+36 3.90E+36 4.39E+36 4.86E+36 5.30E+36 5.71E+36 6.10E+36 6.47E+36 6.80E+36 7.11E+36 7.38E+36 7.64E+36 7.86E+36 8.07E+36 8.25E+36 8.41E+36 7.54E+36 7.12E+36 6.76E+36 6.59E+36 6.44E+36 6.40E+36 6.29E+36 6.26E+36 6.18E+36 5.39E+36 4.90E+36 4.62E+36 4.46E+36 4.31E+36 4.20E+36 4.12E+36 3.40E+36 3.11E+36 2.92E+36 2.81E+36 2.74E+36 2.60E+36 2.16E+36 1.96E+36 1.85E+36 1.76E+36 1.72E+36 1.35E+36 1.23E+36
 120.00  2.312  9.02E+40 1.75E+40 8.92E+41 4.08E+37 8.14E+37 1.21E+38 1.61E+38 1.99E+38 2.37E+38 2.73E+38 3.07E+38 3.40E+38 3.72E+38 4.01E+38 4.29E+38 4.55E+38 4.79E+38 5.01E+38 5.21E+38 5.39E+38 5.56E+38 5.70E+38 5.84E+38 5.96E+38 5.38E+38 5.10E+38 4.86E+38 4.75E+38 4.65E+38 4.63E+38 4.55E+38 4.54E+38 4.48E+38 3.94E+38 3.60E+38 3.40E+38 3.29E+38 3.19E+38 3.11E+38 3.05E+38 2.55E+38 2.34E+38 2.20E+38 2.12E+38 2.07E+38 1.97E+38 1.65E+38 1.51E+38 1.42E+38 1.36E+38 1.33E+38 1.05E+38 9.66E+37
 130.00  2.406  5.56E+42 1.08E+42 5.57E+43 2.42E+39 4.83E+39 7.21E+39 9.55E+39 1.18E+40 1.41E+40 1.62E+40 1.83E+40 2.03E+40 2.21E+40 2.39E+40 2.56E+40 2.71E+40 2.86E+40 2.99E+40 3.11E+40 3.23E+40 3.33E+40 3.42E+40 3.50E+40 3.58E+40 3.25E+40 3.09E+40 2.96E+40 2.89E+40 2.84E+40 2.83E+40 2.79E+40 2.78E+40 2.75E+40 2.43E+40 2.23E+40 2.12E+40 2.05E+40 1.99E+40 1.94E+40 1.91E+40 1.61E+40 1.48E+40 1.40E+40 1.35E+40 1.31E+40 1.25E+40 1.06E+40 9.72E+39 9.17E+39 8.78E+39 8.58E+39 6.88E+39 6.34E+39
 140.00  2.497  2.96E+44 5.69E+43 3.00E+45 1.24E+41 2.48E+41 3.70E+41 4.90E+41 6.08E+41 7.22E+41 8.33E+41 9.39E+41 1.04E+42 1.14E+42 1.23E+42 1.32E+42 1.40E+42 1.47E+42 1.54E+42 1.61E+42 1.67E+42 1.72E+42 1.77E+42 1.81E+42 1.85E+42 1.69E+42 1.62E+42 1.55E+42 1.52E+42 1.50E+42 1.49E+42 1.47E+42 1.47E+42 1.45E+42 1.29E+42 1.19E+42 1.13E+42 1.10E+42 1.07E+42 1.04E+42 1.03E+42 8.70E+41 8.05E+41 7.62E+41 7.36E+41 7.17E+41 6.84E+41 5.83E+41 5.37E+41 5.08E+41 4.86E+41 4.76E+41 3.85E+41 3.56E+41
 150.00  2.585  1.38E+46 2.64E+45 1.41E+47 5.58E+42 1.11E+43 1.66E+43 2.20E+43 2.73E+43 3.25E+43 3.75E+43 4.23E+43 4.70E+43 5.14E+43 5.55E+43 5.95E+43 6.32E+43 6.67E+43 6.99E+43 7.28E+43 7.56E+43 7.81E+43 8.03E+43 8.24E+43 8.42E+43 7.73E+43 7.41E+43 7.12E+43 7.00E+43 6.89E+43 6.88E+43 6.79E+43 6.79E+43 6.72E+43 6.01E+43 5.56E+43 5.30E+43 5.15E+43 5.00E+43 4.90E+43 4.81E+43 4.12E+43 3.82E+43 3.62E+43 3.50E+43 3.41E+43 3.26E+43 2.80E+43 2.59E+43 2.45E+43 2.35E+43 2.30E+43 1.88E+43 1.74E+43
 160.00  2.669  5.68E+47 1.08E+47 5.87E+48 2.23E+44 4.45E+44 6.65E+44 8.81E+44 1.09E+45 1.30E+45 1.50E+45 1.69E+45 1.88E+45 2.06E+45 2.23E+45 2.39E+45 2.54E+45 2.68E+45 2.81E+45 2.93E+45 3.04E+45 3.14E+45 3.23E+45 3.32E+45 3.40E+45 3.13E+45 3.01E+45 2.90E+45 2.85E+45 2.81E+45 2.81E+45 2.78E+45 2.78E+45 2.75E+45 2.48E+45 2.30E+45 2.20E+45 2.14E+45 2.08E+45 2.03E+45 2.00E+45 1.72E+45 1.60E+45 1.52E+45 1.47E+45 1.44E+45 1.37E+45 1.19E+45 1.10E+45 1.04E+45 1.00E+45 9.79E+44 8.06E+44 7.49E+44
 170.00  2.752  2.10E+49 3.98E+48 2.19E+50 8.00E+45 1.60E+46 2.39E+46 3.16E+46 3.92E+46 4.67E+46 5.39E+46 6.09E+46 6.76E+46 7.40E+46 8.01E+46 8.59E+46 9.13E+46 9.64E+46 1.01E+47 1.06E+47 1.10E+47 1.13E+47 1.17E+47 1.20E+47 1.23E+47 1.14E+47 1.10E+47 1.06E+47 1.04E+47 1.03E+47 1.03E+47 1.02E+47 1.02E+47 1.01E+47 9.13E+46 8.50E+46 8.14E+46 7.93E+46 7.71E+46 7.56E+46 7.44E+46 6.44E+46 6.01E+46 5.71E+46 5.53E+46 5.40E+46 5.18E+46 4.49E+46 4.17E+46 3.96E+46 3.81E+46 3.73E+46 3.09E+46 2.88E+46
 180.00  2.831  7.04E+50 1.33E+50 7.40E+51 2.60E+47 5.19E+47 7.75E+47 1.03E+48 1.28E+48 1.52E+48 1.75E+48 1.98E+48 2.20E+48 2.41E+48 2.61E+48 2.80E+48 2.98E+48 3.15E+48 3.30E+48 3.45E+48 3.58E+48 3.71E+48 3.82E+48 3.93E+48 4.02E+48 3.74E+48 3.61E+48 3.49E+48 3.45E+48 3.41E+48 3.41E+48 3.38E+48 3.38E+48 3.36E+48 3.04E+48 2.84E+48 2.72E+48 2.66E+48 2.59E+48 2.54E+48 2.50E+48 2.18E+48 2.03E+48 1.94E+48 1.88E+48 1.84E+48 1.76E+48 1.54E+48 1.43E+48 1.36E+48 1.31E+48 1.28E+48 1.07E+48 9.96E+47
 190.00  2.909  2.15E+52 4.03E+51 2.27E+53 7.72E+48 1.54E+49 2.30E+49 3.05E+49 3.79E+49 4.51E+49 5.21E+49 5.89E+49 6.54E+49 7.17E+49 7.76E+49 8.33E+49 8.87E+49 9.37E+49 9.85E+49 1.03E+50 1.07E+50 1.11E+50 1.14E+50 1.17E+50 1.20E+50 1.12E+50 1.08E+50 1.05E+50 1.04E+50 1.03E+50 1.03E+50 1.02E+50 1.02E+50 1.02E+50 9.25E+49 8.65E+49 8.32E+49 8.12E+49 7.91E+49 7.77E+49 7.65E+49 6.69E+49 6.27E+49 5.98E+49 5.80E+49 5.68E+49 5.45E+49 4.78E+49 4.46E+49 4.24E+49 4.08E+49 3.99E+49 3.36E+49 3.14E+49
 200.00  2.984  4.46E+53 8.09E+52 4.62E+54 1.52E+50 3.03E+50 4.53E+50 6.01E+50 7.46E+50 8.88E+50 1.03E+51 1.16E+51 1.29E+51 1.41E+51 1.53E+51 1.64E+51 1.75E+51 1.85E+51 1.94E+51 2.03E+51 2.11E+51 2.19E+51 2.26E+51 2.32E+51 2.38E+51 2.23E+51 2.16E+51 2.10E+51 2.07E+51 2.05E+51 2.06E+51 2.04E+51 2.05E+51 2.03E+51 1.86E+51 1.74E+51 1.68E+51 1.64E+51 1.60E+51 1.57E+51 1.55E+51 1.36E+51 1.27E+51 1.22E+51 1.18E+51 1.16E+51 1.11E+51 9.78E+50 9.14E+50 8.70E+50 8.38E+50 8.21E+50 6.93E+50 6.48E+50
 
                    **********************************************************************************************************************************
                    *  Z= 95 A=247: Negative-parity Spin-dependent Level Density [MeV-1] for AM247 B=  0.17 hw=  0.16 b2= 2.141 b3=-0.947 b4= 3.486  *
                    **********************************************************************************************************************************
 U[MeV]  T[MeV]  NCUMUL   RHOOBS   RHOTOT    J=01/2   J=03/2   J=05/2   J=07/2   J=09/2   J=11/2   J=13/2   J=15/2   J=17/2   J=19/2   J=21/2   J=23/2   J=25/2   J=27/2   J=29/2   J=31/2   J=33/2   J=35/2   J=37/2   J=39/2   J=41/2   J=43/2   J=45/2   J=47/2   J=49/2   J=51/2   J=53/2   J=55/2   J=57/2   J=59/2   J=61/2   J=63/2   J=65/2   J=67/2   J=69/2   J=71/2   J=73/2   J=75/2   J=77/2   J=79/2   J=81/2   J=83/2   J=85/2   J=87/2   J=89/2   J=91/2   J=93/2   J=95/2   J=97/2   J=99/2
   0.25  0.106  4.00E+00 3.73E+01 6.03E+02 2.67E+00 2.67E+00 2.67E+00 2.67E+00 2.67E+00 2.67E+00 2.67E+00 2.67E+00 2.67E+00 2.67E+00 1.33E+00 1.33E+00 1.33E+00 1.33E+00 1.33E+00 1.33E+00 1.33E+00 1.33E+00 0.00E+00 0.00E+00 0.00E+00 0.00E+00 0.00E+00 0.00E+00 0.00E+00 0.00E+00 0.00E+00 0.00E+00 0.00E+00 0.00E+00 0.00E+00 0.00E+00 0.00E+00 0.00E+00 0.00E+00 0.00E+00 0.00E+00 0.00E+00 0.00E+00 0.00E+00 0.00E+00 0.00E+00 0.00E+00 0.00E+00 0.00E+00 0.00E+00 0.00E+00 0.00E+00 0.00E+00 0.00E+00
   0.50  0.149  1.70E+01 6.40E+01 1.05E+03 3.00E+00 4.00E+00 5.00E+00 5.00E+00 5.00E+00 5.00E+00 5.00E+00 5.00E+00 5.00E+00 5.00E+00 3.00E+00 2.00E+00 2.00E+00 2.00E+00 2.00E+00 1.00E+00 1.00E+00 1.00E+00 1.00E+00 1.00E+00 1.00E+00 0.00E+00 0.00E+00 0.00E+00 0.00E+00 0.00E+00 0.00E+00 0.00E+00 0.00E+00 0.00E+00 0.00E+00 0.00E+00 0.00E+00 0.00E+00 0.00E+00 0.00E+00 0.00E+00 0.00E+00 0.00E+00 0.00E+00 0.00E+00 0.00E+00 0.00E+00 0.00E+00 0.00E+00 0.00E+00 0.00E+00 0.00E+00 0.00E+00 0.00E+00
   0.75  0.183  4.30E+01 1.47E+02 2.46E+03 4.00E+00 8.00E+00 1.10E+01 1.20E+01 1.20E+01 1.20E+01 1.20E+01 1.20E+01 1.20E+01 1.20E+01 8.00E+00 5.00E+00 5.00E+00 5.00E+00 5.00E+00 2.00E+00 2.00E+00 2.00E+00 1.00E+00 1.00E+00 1.00E+00 1.00E+00 1.00E+00 1.00E+00 0.00E+00 0.00E+00 0.00E+00 0.00E+00 0.00E+00 0.00E+00 0.00E+00 0.00E+00 0.00E+00 0.00E+00 0.00E+00 0.00E+00 0.00E+00 0.00E+00 0.00E+00 0.00E+00 0.00E+00 0.00E+00 0.00E+00 0.00E+00 0.00E+00 0.00E+00 0.00E+00 0.00E+00 0.00E+00 0.00E+00
   1.00  0.211  9.10E+01 2.37E+02 4.41E+03 5.00E+00 1.00E+01 1.50E+01 1.60E+01 1.70E+01 1.70E+01 1.70E+01 1.70E+01 1.70E+01 1.70E+01 1.50E+01 1.20E+01 1.20E+01 1.20E+01 1.20E+01 5.00E+00 5.00E+00 5.00E+00 2.00E+00 2.00E+00 2.00E+00 1.00E+00 1.00E+00 1.00E+00 1.00E+00 1.00E+00 0.00E+00 0.00E+00 0.00E+00 0.00E+00 0.00E+00 0.00E+00 0.00E+00 0.00E+00 0.00E+00 0.00E+00 0.00E+00 0.00E+00 0.00E+00 0.00E+00 0.00E+00 0.00E+00 0.00E+00 0.00E+00 0.00E+00 0.00E+00 0.00E+00 0.00E+00 0.00E+00 0.00E+00
   1.25  0.236  2.04E+02 6.65E+02 1.13E+04 1.40E+01 3.00E+01 4.40E+01 5.20E+01 5.60E+01 5.70E+01 5.80E+01 5.90E+01 6.00E+01 6.00E+01 4.00E+01 2.10E+01 1.90E+01 1.70E+01 1.70E+01 1.20E+01 1.20E+01 1.20E+01 5.00E+00 5.00E+00 5.00E+00 2.00E+00 2.00E+00 2.00E+00 1.00E+00 1.00E+00 1.00E+00 1.00E+00 0.00E+00 0.00E+00 0.00E+00 0.00E+00 0.00E+00 0.00E+00 0.00E+00 0.00E+00 0.00E+00 0.00E+00 0.00E+00 0.00E+00 0.00E+00 0.00E+00 0.00E+00 0.00E+00 0.00E+00 0.00E+00 0.00E+00 0.00E+00 0.00E+00 0.00E+00
   1.50  0.258  4.76E+02 1.51E+03 2.69E+04 2.90E+01 5.70E+01 8.10E+01 1.03E+02 1.17E+02 1.24E+02 1.27E+02 1.29E+02 1.31E+02 1.32E+02 1.06E+02 7.20E+01 6.40E+01 6.20E+01 6.10E+01 2.10E+01 1.80E+01 1.70E+01 1.30E+01 1.20E+01 1.20E+01 5.00E+00 5.00E+00 5.00E+00 2.00E+00 2.00E+00 1.00E+00 1.00E+00 1.00E+00 1.00E+00 0.00E+00 0.00E+00 0.00E+00 0.00E+00 0.00E+00 0.00E+00 0.00E+00 0.00E+00 0.00E+00 0.00E+00 0.00E+00 0.00E+00 0.00E+00 0.00E+00 0.00E+00 0.00E+00 0.00E+00 0.00E+00 0.00E+00 0.00E+00
   1.75  0.279  1.07E+03 3.26E+03 5.96E+04 5.80E+01 1.16E+02 1.68E+02 2.07E+02 2.36E+02 2.54E+02 2.68E+02 2.75E+02 2.78E+02 2.80E+02 2.24E+02 1.65E+02 1.43E+02 1.37E+02 1.36E+02 7.20E+01 6.30E+01 6.10E+01 2.40E+01 1.90E+01 1.70E+01 1.20E+01 1.20E+01 1.20E+01 5.00E+00 5.00E+00 2.00E+00 2.00E+00 1.00E+00 1.00E+00 1.00E+00 1.00E+00 0.00E+00 0.00E+00 0.00E+00 0.00E+00 0.00E+00 0.00E+00 0.00E+00 0.00E+00 0.00E+00 0.00E+00 0.00E+00 0.00E+00 0.00E+00 0.00E+00 0.00E+00 0.00E+00 0.00E+00 0.00E+00
   2.00  0.298  2.36E+03 7.04E+03 1.31E+05 1.27E+02 2.37E+02 3.34E+02 4.27E+02 4.99E+02 5.41E+02 5.69E+02 5.91E+02 6.06E+02 6.13E+02 4.97E+02 3.57E+02 3.20E+02 2.93E+02 2.88E+02 1.66E+02 1.38E+02 1.36E+02 8.30E+01 6.40E+01 6.10E+01 2.10E+01 1.80E+01 1.70E+01 1.20E+01 1.20E+01 5.00E+00 5.00E+00 2.00E+00 2.00E+00 1.00E+00 1.00E+00 1.00E+00 0.00E+00 0.00E+00 0.00E+00 0.00E+00 0.00E+00 0.00E+00 0.00E+00 0.00E+00 0.00E+00 0.00E+00 0.00E+00 0.00E+00 0.00E+00 0.00E+00 0.00E+00 0.00E+00 0.00E+00
   2.25  0.317  5.21E+03 1.58E+04 2.96E+05 2.62E+02 5.19E+02 7.48E+02 9.36E+02 1.09E+03 1.21E+03 1.30E+03 1.34E+03 1.37E+03 1.39E+03 1.13E+03 8.28E+02 6.90E+02 6.52E+02 6.37E+02 3.59E+02 3.05E+02 2.88E+02 1.82E+02 1.43E+02 1.36E+02 7.20E+01 6.30E+01 6.00E+01 1.90E+01 1.70E+01 1.20E+01 1.20E+01 5.00E+00 5.00E+00 2.00E+00 2.00E+00 1.00E+00 1.00E+00 1.00E+00 0.00E+00 0.00E+00 0.00E+00 0.00E+00 0.00E+00 0.00E+00 0.00E+00 0.00E+00 0.00E+00 0.00E+00 0.00E+00 0.00E+00 0.00E+00 0.00E+00 0.00E+00
   2.50  0.334  1.13E+04 3.25E+04 6.28E+05 5.21E+02 9.95E+02 1.42E+03 1.81E+03 2.13E+03 2.37E+03 2.55E+03 2.67E+03 2.76E+03 2.80E+03 2.36E+03 1.81E+03 1.61E+03 1.48E+03 1.45E+03 8.43E+02 6.67E+02 6.37E+02 4.06E+02 3.20E+02 2.88E+02 1.66E+02 1.38E+02 1.34E+02 6.40E+01 6.10E+01 2.00E+01 1.70E+01 1.20E+01 1.20E+01 5.00E+00 5.00E+00 2.00E+00 1.00E+00 1.00E+00 1.00E+00 1.00E+00 0.00E+00 0.00E+00 0.00E+00 0.00E+00 0.00E+00 0.00E+00 0.00E+00 0.00E+00 0.00E+00 0.00E+00 0.00E+00 0.00E+00 0.00E+00
   2.75  0.350  2.38E+04 6.81E+04 1.33E+06 1.02E+03 2.02E+03 2.93E+03 3.71E+03 4.36E+03 4.90E+03 5.30E+03 5.58E+03 5.77E+03 5.90E+03 4.95E+03 3.79E+03 3.30E+03 3.05E+03 2.97E+03 1.85E+03 1.55E+03 1.46E+03 9.35E+02 6.93E+02 6.37E+02 3.59E+02 3.05E+02 2.86E+02 1.43E+02 1.36E+02 6.60E+01 6.10E+01 2.00E+01 1.70E+01 1.20E+01 1.20E+01 5.00E+00 4.00E+00 2.00E+00 1.00E+00 1.00E+00 1.00E+00 0.00E+00 0.00E+00 0.00E+00 0.00E+00 0.00E+00 0.00E+00 0.00E+00 0.00E+00 0.00E+00 0.00E+00 0.00E+00 0.00E+00
   3.00  0.366  4.96E+04 1.38E+05 2.74E+06 2.00E+03 3.92E+03 5.68E+03 7.23E+03 8.54E+03 9.62E+03 1.05E+04 1.11E+04 1.15E+04 1.18E+04 1.00E+04 7.87E+03 6.96E+03 6.43E+03 6.29E+03 3.90E+03 3.19E+03 2.98E+03 2.05E+03 1.63E+03 1.46E+03 8.44E+02 6.64E+02 6.26E+02 3.20E+02 2.88E+02 1.55E+02 1.36E+02 6.60E+01 6.10E+01 2.00E+01 1.70E+01 1.20E+01 1.10E+01 5.00E+00 2.00E+00 2.00E+00 1.00E+00 1.00E+00 1.00E+00 0.00E+00 0.00E+00 0.00E+00 0.00E+00 0.00E+00 0.00E+00 0.00E+00 0.00E+00 0.00E+00 0.00E+00
   3.25  0.380  1.01E+05 2.72E+05 5.49E+06 3.79E+03 7.42E+03 1.08E+04 1.38E+04 1.64E+04 1.85E+04 2.01E+04 2.14E+04 2.23E+04 2.29E+04 1.98E+04 1.57E+04 1.40E+04 1.30E+04 1.27E+04 8.16E+03 6.77E+03 6.34E+03 4.30E+03 3.34E+03 2.98E+03 1.85E+03 1.54E+03 1.44E+03 6.93E+02 6.37E+02 3.35E+02 2.88E+02 1.55E+02 1.36E+02 6.60E+01 6.10E+01 1.90E+01 1.60E+01 1.20E+01 5.00E+00 5.00E+00 2.00E+00 1.00E+00 1.00E+00 1.00E+00 0.00E+00 0.00E+00 0.00E+00 0.00E+00 0.00E+00 0.00E+00 0.00E+00 0.00E+00 0.00E+00
   3.50  0.395  2.00E+05 5.19E+05 1.07E+07 6.89E+03 1.36E+04 1.99E+04 2.54E+04 3.02E+04 3.42E+04 3.74E+04 3.99E+04 4.17E+04 4.30E+04 3.76E+04 3.05E+04 2.74E+04 2.55E+04 2.49E+04 1.64E+04 1.37E+04 1.28E+04 8.99E+03 7.11E+03 6.34E+03 3.91E+03 3.18E+03 2.92E+03 1.63E+03 1.46E+03 7.63E+02 6.37E+02 3.35E+02 2.88E+02 1.55E+02 1.36E+02 6.40E+01 5.10E+01 1.80E+01 1.20E+01 1.20E+01 5.00E+00 2.00E+00 2.00E+00 1.00E+00 1.00E+00 0.00E+00 0.00E+00 0.00E+00 0.00E+00 0.00E+00 0.00E+00 0.00E+00 0.00E+00
   3.75  0.409  3.87E+05 9.77E+05 2.05E+07 1.27E+04 2.49E+04 3.62E+04 4.66E+04 5.56E+04 6.30E+04 6.91E+04 7.39E+04 7.74E+04 7.99E+04 7.04E+04 5.74E+04 5.19E+04 4.82E+04 4.72E+04 3.20E+04 2.70E+04 2.52E+04 1.80E+04 1.44E+04 1.28E+04 8.19E+03 6.73E+03 6.22E+03 3.34E+03 2.98E+03 1.74E+03 1.46E+03 7.63E+02 6.37E+02 3.35E+02 2.88E+02 1.43E+02 1.19E+02 6.30E+01 2.10E+01 1.70E+01 1.20E+01 5.00E+00 5.00E+00 2.00E+00 1.00E+00 1.00E+00 1.00E+00 0.00E+00 0.00E+00 0.00E+00 0.00E+00 0.00E+00 0.00E+00
   4.00  0.422  7.32E+05 1.79E+06 3.81E+07 2.23E+04 4.39E+04 6.42E+04 8.25E+04 9.86E+04 1.12E+05 1.23E+05 1.32E+05 1.39E+05 1.44E+05 1.28E+05 1.06E+05 9.64E+04 9.03E+04 8.84E+04 6.05E+04 5.13E+04 4.79E+04 3.50E+04 2.82E+04 2.52E+04 1.64E+04 1.36E+04 1.25E+04 7.11E+03 6.32E+03 3.61E+03 2.98E+03 1.74E+03 1.46E+03 7.63E+02 6.37E+02 3.20E+02 2.57E+02 1.38E+02 7.20E+01 6.10E+01 1.80E+01 1.30E+01 1.20E+01 5.00E+00 2.00E+00 1.00E+00 1.00E+00 1.00E+00 0.00E+00 0.00E+00 0.00E+00 0.00E+00 0.00E+00
   4.25  0.435  1.36E+06 3.22E+06 6.98E+07 3.91E+04 7.70E+04 1.13E+05 1.45E+05 1.74E+05 1.98E+05 2.18E+05 2.34E+05 2.46E+05 2.56E+05 2.29E+05 1.92E+05 1.75E+05 1.64E+05 1.60E+05 1.13E+05 9.63E+04 9.00E+04 6.64E+04 5.39E+04 4.80E+04 3.22E+04 2.68E+04 2.46E+04 1.44E+04 1.27E+04 7.65E+03 6.34E+03 3.61E+03 2.98E+03 1.74E+03 1.46E+03 6.93E+02 5.57E+02 3.05E+02 1.66E+02 1.36E+02 6.30E+01 2.40E+01 1.70E+01 1.20E+01 5.00E+00 4.00E+00 2.00E+00 1.00E+00 1.00E+00 0.00E+00 0.00E+00 0.00E+00 0.00E+00
   4.50  0.448  2.47E+06 5.67E+06 1.25E+08 6.66E+04 1.31E+05 1.92E+05 2.48E+05 2.97E+05 3.39E+05 3.74E+05 4.03E+05 4.25E+05 4.41E+05 3.99E+05 3.38E+05 3.11E+05 2.92E+05 2.87E+05 2.04E+05 1.75E+05 1.64E+05 1.23E+05 1.01E+05 9.03E+04 6.11E+04 5.11E+04 4.68E+04 2.83E+04 2.51E+04 1.54E+04 1.28E+04 7.65E+03 6.34E+03 3.61E+03 2.98E+03 1.63E+03 1.31E+03 6.64E+02 3.59E+02 2.88E+02 1.38E+02 8.20E+01 6.10E+01 1.80E+01 1.20E+01 1.10E+01 5.00E+00 2.00E+00 1.00E+00 1.00E+00 1.00E+00 0.00E+00 0.00E+00
   4.75  0.460  4.39E+06 9.73E+06 2.18E+08 1.11E+05 2.18E+05 3.20E+05 4.13E+05 4.96E+05 5.67E+05 6.27E+05 6.76E+05 7.14E+05 7.43E+05 6.77E+05 5.80E+05 5.36E+05 5.06E+05 4.98E+05 3.61E+05 3.13E+05 2.94E+05 2.23E+05 1.84E+05 1.64E+05 1.14E+05 9.60E+04 8.80E+04 5.39E+04 4.77E+04 3.03E+04 2.52E+04 1.54E+04 1.28E+04 7.65E+03 6.32E+03 3.34E+03 2.66E+03 1.54E+03 8.44E+02 6.37E+02 3.05E+02 1.81E+02 1.36E+02 6.30E+01 2.00E+01 1.60E+01 1.20E+01 5.00E+00 2.00E+00 1.00E+00 1.00E+00 1.00E+00 0.00E+00
   5.00  0.472  7.65E+06 1.64E+07 3.72E+08 1.81E+05 3.57E+05 5.23E+05 6.76E+05 8.12E+05 9.31E+05 1.03E+06 1.11E+06 1.18E+06 1.23E+06 1.12E+06 9.72E+05 9.04E+05 8.56E+05 8.43E+05 6.22E+05 5.43E+05 5.10E+05 3.93E+05 3.28E+05 2.95E+05 2.07E+05 1.75E+05 1.60E+05 1.01E+05 8.97E+04 5.77E+04 4.80E+04 3.03E+04 2.52E+04 1.54E+04 1.27E+04 7.11E+03 5.71E+03 3.18E+03 1.85E+03 1.46E+03 6.67E+02 4.02E+02 2.88E+02 1.38E+02 6.60E+01 5.10E+01 1.70E+01 1.20E+01 5.00E+00 2.00E+00 2.00E+00 1.00E+00 1.00E+00
   5.50  0.495  2.27E+07 4.36E+07 1.03E+09 4.55E+05 8.98E+05 1.32E+06 1.71E+06 2.06E+06 2.36E+06 2.62E+06 2.84E+06 3.01E+06 3.15E+06 2.92E+06 2.58E+06 2.42E+06 2.31E+06 2.28E+06 1.73E+06 1.53E+06 1.44E+06 1.14E+06 9.62E+05 8.70E+05 6.34E+05 5.43E+05 5.00E+05 3.28E+05 2.93E+05 1.96E+05 1.64E+05 1.08E+05 9.03E+04 5.77E+04 4.77E+04 2.83E+04 2.28E+04 1.36E+04 8.19E+03 6.32E+03 3.19E+03 2.02E+03 1.46E+03 6.67E+02 3.35E+02 2.57E+02 1.37E+02 6.30E+01 2.00E+01 1.30E+01 1.20E+01 5.00E+00 2.00E+00
   6.00  0.517  6.05E+07 1.08E+08 2.62E+09 1.06E+06 2.10E+06 3.08E+06 3.99E+06 4.82E+06 5.55E+06 6.18E+06 6.70E+06 7.13E+06 7.46E+06 7.01E+06 6.27E+06 5.94E+06 5.70E+06 5.65E+06 4.40E+06 3.94E+06 3.73E+06 3.02E+06 2.59E+06 2.37E+06 1.77E+06 1.53E+06 1.41E+06 9.64E+05 8.65E+05 6.04E+05 5.13E+05 3.50E+05 2.95E+05 1.96E+05 1.63E+05 1.01E+05 8.22E+04 5.11E+04 3.22E+04 2.51E+04 1.38E+04 8.85E+03 6.32E+03 3.19E+03 1.74E+03 1.31E+03 6.52E+02 3.05E+02 1.55E+02 8.30E+01 6.10E+01 1.70E+01 1.20E+01
   6.50  0.538  1.49E+08 2.47E+08 6.20E+09 2.30E+06 4.55E+06 6.69E+06 8.68E+06 1.05E+07 1.21E+07 1.35E+07 1.47E+07 1.56E+07 1.64E+07 1.56E+07 1.41E+07 1.35E+07 1.31E+07 1.30E+07 1.04E+07 9.37E+06 8.93E+06 7.36E+06 6.40E+06 5.88E+06 4.52E+06 3.97E+06 3.68E+06 2.60E+06 2.35E+06 1.69E+06 1.45E+06 1.02E+06 8.71E+05 6.04E+05 5.10E+05 3.28E+05 2.70E+05 1.75E+05 1.14E+05 8.97E+04 5.16E+04 3.44E+04 2.51E+04 1.38E+04 7.65E+03 5.71E+03 3.07E+03 1.55E+03 7.63E+02 4.06E+02 2.88E+02 1.36E+02 6.20E+01
   7.00  0.558  3.44E+08 5.32E+08 1.38E+10 4.71E+06 9.31E+06 1.37E+07 1.78E+07 2.15E+07 2.49E+07 2.78E+07 3.02E+07 3.23E+07 3.39E+07 3.25E+07 2.98E+07 2.87E+07 2.79E+07 2.78E+07 2.26E+07 2.07E+07 1.98E+07 1.66E+07 1.46E+07 1.35E+07 1.07E+07 9.47E+06 8.82E+06 6.43E+06 5.85E+06 4.35E+06 3.77E+06 2.75E+06 2.37E+06 1.69E+06 1.44E+06 9.64E+05 8.04E+05 5.43E+05 3.67E+05 2.93E+05 1.76E+05 1.21E+05 8.97E+04 5.16E+04 3.03E+04 2.28E+04 1.31E+04 6.78E+03 3.61E+03 2.05E+03 1.46E+03 6.37E+02 2.93E+02
   7.50  0.578  7.47E+08 1.08E+09 2.88E+10 9.11E+06 1.80E+07 2.65E+07 3.45E+07 4.18E+07 4.83E+07 5.40E+07 5.89E+07 6.30E+07 6.63E+07 6.39E+07 5.93E+07 5.74E+07 5.60E+07 5.58E+07 4.64E+07 4.27E+07 4.11E+07 3.50E+07 3.12E+07 2.90E+07 2.33E+07 2.09E+07 1.96E+07 1.47E+07 1.35E+07 1.03E+07 9.04E+06 6.77E+06 5.89E+06 4.35E+06 3.75E+06 2.60E+06 2.20E+06 1.53E+06 1.07E+06 8.65E+05 5.49E+05 3.88E+05 2.93E+05 1.76E+05 1.08E+05 8.22E+04 4.92E+04 2.71E+04 1.54E+04 8.99E+03 6.32E+03 2.98E+03 1.49E+03
   8.00  0.597  1.54E+09 2.09E+09 5.74E+10 1.69E+07 3.34E+07 4.92E+07 6.40E+07 7.76E+07 8.97E+07 1.00E+08 1.10E+08 1.17E+08 1.24E+08 1.20E+08 1.12E+08 1.09E+08 1.07E+08 1.07E+08 8.99E+07 8.34E+07 8.05E+07 6.94E+07 6.25E+07 5.85E+07 4.79E+07 4.33E+07 4.08E+07 3.14E+07 2.90E+07 2.26E+07 2.00E+07 1.54E+07 1.36E+07 1.03E+07 8.98E+06 6.43E+06 5.50E+06 3.97E+06 2.86E+06 2.35E+06 1.55E+06 1.12E+06 8.65E+05 5.49E+05 3.50E+05 2.70E+05 1.69E+05 9.69E+04 5.77E+04 3.51E+04 2.51E+04 1.28E+04 6.50E+03
   8.50  0.615  3.03E+09 3.88E+09 1.09E+11 3.01E+07 5.95E+07 8.78E+07 1.14E+08 1.39E+08 1.60E+08 1.80E+08 1.96E+08 2.10E+08 2.22E+08 2.16E+08 2.04E+08 1.99E+08 1.95E+08 1.95E+08 1.67E+08 1.56E+08 1.50E+08 1.31E+08 1.19E+08 1.12E+08 9.30E+07 8.47E+07 8.00E+07 6.29E+07 5.84E+07 4.66E+07 4.17E+07 3.28E+07 2.91E+07 2.26E+07 1.99E+07 1.47E+07 1.27E+07 9.48E+06 7.02E+06 5.85E+06 4.01E+06 2.99E+06 2.35E+06 1.55E+06 1.02E+06 8.04E+05 5.26E+05 3.16E+05 1.96E+05 1.23E+05 8.97E+04 4.80E+04 2.59E+04
   9.00  0.633  5.74E+09 6.95E+09 2.01E+11 5.20E+07 1.03E+08 1.52E+08 1.98E+08 2.40E+08 2.78E+08 3.12E+08 3.41E+08 3.65E+08 3.85E+08 3.77E+08 3.57E+08 3.50E+08 3.45E+08 3.45E+08 2.98E+08 2.79E+08 2.71E+08 2.38E+08 2.17E+08 2.05E+08 1.72E+08 1.58E+08 1.50E+08 1.20E+08 1.12E+08 9.06E+07 8.17E+07 6.55E+07 5.87E+07 4.66E+07 4.14E+07 3.14E+07 2.75E+07 2.09E+07 1.59E+07 1.35E+07 9.56E+06 7.31E+06 5.85E+06 4.01E+06 2.75E+06 2.20E+06 1.48E+06 9.31E+05 6.04E+05 3.95E+05 2.93E+05 1.64E+05 9.29E+04
   9.50  0.650  1.05E+10 1.21E+10 3.57E+11 8.78E+07 1.74E+08 2.56E+08 3.34E+08 4.06E+08 4.70E+08 5.27E+08 5.77E+08 6.19E+08 6.53E+08 6.42E+08 6.11E+08 6.00E+08 5.92E+08 5.93E+08 5.15E+08 4.85E+08 4.71E+08 4.17E+08 3.83E+08 3.63E+08 3.08E+08 2.84E+08 2.70E+08 2.19E+08 2.05E+08 1.68E+08 1.53E+08 1.24E+08 1.12E+08 9.06E+07 8.13E+07 6.29E+07 5.56E+07 4.34E+07 3.38E+07 2.90E+07 2.11E+07 1.65E+07 1.35E+07 9.56E+06 6.77E+06 5.50E+06 3.85E+06 2.52E+06 1.69E+06 1.14E+06 8.65E+05 5.13E+05 3.03E+05
  10.00  0.667  1.87E+10 2.06E+10 6.19E+11 1.46E+08 2.88E+08 4.25E+08 5.54E+08 6.73E+08 7.81E+08 8.76E+08 9.59E+08 1.03E+09 1.09E+09 1.07E+09 1.02E+09 1.01E+09 9.94E+08 9.98E+08 8.72E+08 8.23E+08 8.01E+08 7.13E+08 6.57E+08 6.24E+08 5.34E+08 4.94E+08 4.71E+08 3.86E+08 3.63E+08 3.02E+08 2.75E+08 2.27E+08 2.06E+08 1.68E+08 1.52E+08 1.20E+08 1.07E+08 8.49E+07 6.73E+07 5.84E+07 4.37E+07 3.49E+07 2.90E+07 2.11E+07 1.54E+07 1.27E+07 9.22E+06 6.25E+06 4.35E+06 3.04E+06 2.35E+06 1.45E+06 8.94E+05
  11.00  0.700  5.74E+10 5.68E+10 1.76E+12 3.84E+08 7.61E+08 1.12E+09 1.47E+09 1.78E+09 2.07E+09 2.32E+09 2.54E+09 2.73E+09 2.89E+09 2.86E+09 2.75E+09 2.71E+09 2.69E+09 2.70E+09 2.38E+09 2.26E+09 2.20E+09 1.97E+09 1.83E+09 1.74E+09 1.51E+09 1.40E+09 1.34E+09 1.11E+09 1.05E+09 8.88E+08 8.16E+08 6.84E+08 6.27E+08 5.23E+08 4.77E+08 3.86E+08 3.48E+08 2.85E+08 2.32E+08 2.05E+08 1.59E+08 1.31E+08 1.12E+08 8.55E+07 6.55E+07 5.56E+07 4.24E+07 3.06E+07 2.26E+07 1.67E+07 1.35E+07 9.04E+06 6.03E+06
  12.00  0.731  1.61E+11 1.50E+11 4.75E+12 9.84E+08 1.95E+09 2.88E+09 3.76E+09 4.57E+09 5.32E+09 5.98E+09 6.56E+09 7.06E+09 7.47E+09 7.41E+09 7.14E+09 7.07E+09 7.01E+09 7.05E+09 6.26E+09 5.95E+09 5.80E+09 5.23E+09 4.86E+09 4.64E+09 4.04E+09 3.76E+09 3.60E+09 3.02E+09 2.86E+09 2.44E+09 2.25E+09 1.90E+09 1.75E+09 1.48E+09 1.36E+09 1.11E+09 1.01E+09 8.42E+08 6.99E+08 6.24E+08 4.98E+08 4.18E+08 3.63E+08 2.86E+08 2.27E+08 1.96E+08 1.55E+08 1.17E+08 9.06E+07 7.01E+07 5.84E+07 4.17E+07 2.97E+07
  13.00  0.761  4.31E+11 3.91E+11 1.25E+13 2.50E+09 4.95E+09 7.32E+09 9.57E+09 1.17E+10 1.36E+10 1.53E+10 1.68E+10 1.81E+10 1.92E+10 1.91E+10 1.84E+10 1.82E+10 1.81E+10 1.82E+10 1.62E+10 1.54E+10 1.51E+10 1.36E+10 1.27E+10 1.21E+10 1.06E+10 9.85E+09 9.42E+09 7.95E+09 7.51E+09 6.44E+09 5.94E+09 5.07E+09 4.67E+09 3.97E+09 3.65E+09 3.03E+09 2.76E+09 2.31E+09 1.94E+09 1.74E+09 1.41E+09 1.20E+09 1.05E+09 8.47E+08 6.84E+08 6.01E+08 4.86E+08 3.79E+08 3.02E+08 2.41E+08 2.05E+08 1.53E+08 1.14E+08
  14.00  0.790  1.13E+12 1.02E+12 3.27E+13 6.39E+09 1.27E+10 1.87E+10 2.45E+10 2.99E+10 3.48E+10 3.92E+10 4.32E+10 4.66E+10 4.95E+10 4.93E+10 4.77E+10 4.73E+10 4.70E+10 4.74E+10 4.22E+10 4.02E+10 3.92E+10 3.55E+10 3.30E+10 3.15E+10 2.75E+10 2.57E+10 2.45E+10 2.07E+10 1.96E+10 1.68E+10 1.55E+10 1.33E+10 1.22E+10 1.04E+10 9.56E+09 7.96E+09 7.26E+09 6.12E+09 5.17E+09 4.65E+09 3.80E+09 3.25E+09 2.86E+09 2.33E+09 1.90E+09 1.68E+09 1.38E+09 1.10E+09 8.88E+08 7.23E+08 6.24E+08 4.80E+08 3.70E+08
  15.00  0.817  2.97E+12 2.66E+12 8.58E+13 1.65E+10 3.27E+10 4.85E+10 6.34E+10 7.74E+10 9.03E+10 1.02E+11 1.12E+11 1.21E+11 1.29E+11 1.29E+11 1.25E+11 1.24E+11 1.23E+11 1.24E+11 1.11E+11 1.06E+11 1.03E+11 9.35E+10 8.70E+10 8.29E+10 7.25E+10 6.76E+10 6.44E+10 5.44E+10 5.13E+10 4.41E+10 4.06E+10 3.47E+10 3.19E+10 2.72E+10 2.49E+10 2.08E+10 1.89E+10 1.60E+10 1.35E+10 1.21E+10 9.96E+09 8.53E+09 7.52E+09 6.16E+09 5.07E+09 4.49E+09 3.71E+09 2.98E+09 2.44E+09 2.00E+09 1.74E+09 1.36E+09 1.07E+09
  16.00  0.844  7.80E+12 7.01E+12 2.27E+14 4.30E+10 8.53E+10 1.26E+11 1.65E+11 2.02E+11 2.36E+11 2.67E+11 2.94E+11 3.18E+11 3.39E+11 3.39E+11 3.29E+11 3.27E+11 3.26E+11 3.29E+11 2.94E+11 2.80E+11 2.74E+11 2.48E+11 2.31E+11 2.20E+11 1.93E+11 1.80E+11 1.71E+11 1.44E+11 1.36E+11 1.17E+11 1.07E+11 9.18E+10 8.41E+10 7.18E+10 6.55E+10 5.46E+10 4.97E+10 4.19E+10 3.54E+10 3.17E+10 2.60E+10 2.23E+10 1.96E+10 1.61E+10 1.33E+10 1.17E+10 9.72E+09 7.84E+09 6.44E+09 5.32E+09 4.65E+09 3.67E+09 2.91E+09
  17.00  0.870  2.06E+13 1.85E+13 6.02E+14 1.12E+11 2.23E+11 3.30E+11 4.32E+11 5.28E+11 6.17E+11 6.99E+11 7.72E+11 8.36E+11 8.92E+11 8.93E+11 8.68E+11 8.64E+11 8.62E+11 8.71E+11 7.80E+11 7.45E+11 7.28E+11 6.62E+11 6.16E+11 5.87E+11 5.15E+11 4.79E+11 4.56E+11 3.86E+11 3.63E+11 3.12E+11 2.86E+11 2.45E+11 2.24E+11 1.91E+11 1.74E+11 1.45E+11 1.32E+11 1.11E+11 9.36E+10 8.36E+10 6.86E+10 5.86E+10 5.14E+10 4.22E+10 3.47E+10 3.06E+10 2.54E+10 2.05E+10 1.68E+10 1.39E+10 1.21E+10 9.60E+09 7.67E+09
  18.00  0.895  5.43E+13 4.89E+13 1.59E+15 2.91E+11 5.78E+11 8.57E+11 1.12E+12 1.37E+12 1.61E+12 1.82E+12 2.01E+12 2.18E+12 2.33E+12 2.34E+12 2.28E+12 2.27E+12 2.27E+12 2.30E+12 2.06E+12 1.97E+12 1.93E+12 1.76E+12 1.64E+12 1.56E+12 1.37E+12 1.28E+12 1.22E+12 1.03E+12 9.69E+11 8.35E+11 7.65E+11 6.56E+11 5.99E+11 5.12E+11 4.66E+11 3.88E+11 3.52E+11 2.96E+11 2.50E+11 2.23E+11 1.83E+11 1.56E+11 1.36E+11 1.12E+11 9.19E+10 8.07E+10 6.68E+10 5.38E+10 4.41E+10 3.64E+10 3.17E+10 2.51E+10 2.00E+10
  19.00  0.920  1.43E+14 1.28E+14 4.19E+15 7.49E+11 1.49E+12 2.20E+12 2.89E+12 3.54E+12 4.14E+12 4.70E+12 5.20E+12 5.64E+12 6.03E+12 6.06E+12 5.91E+12 5.91E+12 5.91E+12 5.98E+12 5.39E+12 5.16E+12 5.06E+12 4.62E+12 4.31E+12 4.11E+12 3.62E+12 3.38E+12 3.22E+12 2.73E+12 2.57E+12 2.22E+12 2.04E+12 1.75E+12 1.60E+12 1.37E+12 1.24E+12 1.04E+12 9.40E+11 7.93E+11 6.68E+11 5.96E+11 4.89E+11 4.17E+11 3.64E+11 2.98E+11 2.45E+11 2.15E+11 1.78E+11 1.43E+11 1.17E+11 9.64E+10 8.36E+10 6.59E+10 5.25E+10
  20.00  0.944  3.71E+14 3.30E+14 1.09E+16 1.90E+12 3.77E+12 5.60E+12 7.34E+12 8.99E+12 1.05E+13 1.19E+13 1.32E+13 1.44E+13 1.54E+13 1.55E+13 1.51E+13 1.52E+13 1.52E+13 1.54E+13 1.39E+13 1.33E+13 1.31E+13 1.20E+13 1.12E+13 1.07E+13 9.45E+12 8.82E+12 8.40E+12 7.16E+12 6.75E+12 5.84E+12 5.36E+12 4.62E+12 4.22E+12 3.62E+12 3.29E+12 2.75E+12 2.50E+12 2.11E+12 1.78E+12 1.59E+12 1.31E+12 1.11E+12 9.73E+11 7.99E+11 6.57E+11 5.75E+11 4.75E+11 3.82E+11 3.13E+11 2.57E+11 2.23E+11 1.75E+11 1.39E+11
  22.50  1.001  4.92E+15 3.31E+15 1.12E+17 1.82E+13 3.62E+13 5.37E+13 7.06E+13 8.66E+13 1.01E+14 1.15E+14 1.28E+14 1.39E+14 1.49E+14 1.51E+14 1.48E+14 1.49E+14 1.50E+14 1.52E+14 1.38E+14 1.33E+14 1.31E+14 1.21E+14 1.13E+14 1.09E+14 9.68E+13 9.07E+13 8.65E+13 7.45E+13 7.03E+13 6.14E+13 5.64E+13 4.90E+13 4.49E+13 3.88E+13 3.54E+13 2.98E+13 2.71E+13 2.31E+13 1.96E+13 1.75E+13 1.45E+13 1.25E+13 1.09E+13 9.04E+12 7.48E+12 6.55E+12 5.44E+12 4.40E+12 3.62E+12 2.99E+12 2.58E+12 2.04E+12 1.63E+12
  25.00  1.055  4.66E+16 3.00E+16 1.04E+18 1.59E+14 3.16E+14 4.69E+14 6.16E+14 7.56E+14 8.87E+14 1.01E+15 1.12E+15 1.22E+15 1.31E+15 1.33E+15 1.31E+15 1.32E+15 1.33E+15 1.36E+15 1.25E+15 1.20E+15 1.19E+15 1.10E+15 1.04E+15 9.98E+14 8.94E+14 8.42E+14 8.04E+14 6.98E+14 6.60E+14 5.81E+14 5.36E+14 4.69E+14 4.31E+14 3.76E+14 3.44E+14 2.92E+14 2.66E+14 2.29E+14 1.96E+14 1.76E+14 1.47E+14 1.27E+14 1.12E+14 9.33E+13 7.78E+13 6.85E+13 5.74E+13 4.69E+13 3.89E+13 3.23E+13 2.81E+13 2.23E+13 1.80E+13
  30.00  1.156  4.87E+18 1.90E+18 6.83E+19 9.33E+15 1.85E+16 2.76E+16 3.63E+16 4.46E+16 5.24E+16 5.97E+16 6.65E+16 7.26E+16 7.81E+16 7.97E+16 7.94E+16 8.05E+16 8.14E+16 8.31E+16 7.71E+16 7.51E+16 7.43E+16 6.95E+16 6.61E+16 6.39E+16 5.79E+16 5.49E+16 5.26E+16 4.63E+16 4.40E+16 3.92E+16 3.64E+16 3.23E+16 2.98E+16 2.63E+16 2.42E+16 2.09E+16 1.92E+16 1.67E+16 1.45E+16 1.31E+16 1.11E+16 9.74E+15 8.66E+15 7.35E+15 6.23E+15 5.53E+15 4.70E+15 3.91E+15 3.30E+15 2.78E+15 2.44E+15 1.98E+15 1.63E+15
  40.00  1.335  1.67E+22 3.33E+21 1.28E+23 1.45E+19 2.89E+19 4.29E+19 5.66E+19 6.97E+19 8.21E+19 9.39E+19 1.05E+20 1.15E+20 1.24E+20 1.28E+20 1.29E+20 1.31E+20 1.34E+20 1.37E+20 1.30E+20 1.27E+20 1.27E+20 1.20E+20 1.16E+20 1.13E+20 1.04E+20 9.94E+19 9.60E+19 8.62E+19 8.25E+19 7.49E+19 7.02E+19 6.33E+19 5.91E+19 5.31E+19 4.93E+19 4.35E+19 4.03E+19 3.57E+19 3.16E+19 2.89E+19 2.52E+19 2.23E+19 2.01E+19 1.75E+19 1.52E+19 1.36E+19 1.19E+19 1.01E+19 8.73E+18 7.53E+18 6.72E+18 5.62E+18 4.74E+18
  50.00  1.492  1.12E+25 2.24E+24 9.02E+25 8.88E+21 1.77E+22 2.63E+22 3.47E+22 4.28E+22 5.06E+22 5.79E+22 6.48E+22 7.11E+22 7.70E+22 7.98E+22 8.10E+22 8.31E+22 8.50E+22 8.76E+22 8.37E+22 8.28E+22 8.29E+22 7.94E+22 7.69E+22 7.53E+22 7.03E+22 6.77E+22 6.57E+22 5.98E+22 5.76E+22 5.29E+22 4.99E+22 4.56E+22 4.28E+22 3.90E+22 3.65E+22 3.26E+22 3.04E+22 2.73E+22 2.45E+22 2.26E+22 2.00E+22 1.79E+22 1.63E+22 1.44E+22 1.27E+22 1.15E+22 1.01E+22 8.81E+21 7.71E+21 6.75E+21 6.09E+21 5.19E+21 4.45E+21
  60.00  1.635  1.80E+28 3.60E+27 1.58E+29 1.10E+25 2.19E+25 3.27E+25 4.32E+25 5.33E+25 6.30E+25 7.23E+25 8.11E+25 8.93E+25 9.69E+25 1.04E+26 1.10E+26 1.16E+26 1.21E+26 1.26E+26 1.30E+26 1.33E+26 1.37E+26 1.39E+26 1.42E+26 1.43E+26 1.22E+26 1.11E+26 1.02E+26 9.74E+25 9.38E+25 9.26E+25 9.01E+25 8.93E+25 8.77E+25 7.16E+25 6.23E+25 5.72E+25 5.46E+25 5.23E+25 5.07E+25 4.96E+25 3.75E+25 3.31E+25 3.05E+25 2.91E+25 2.82E+25 2.65E+25 2.01E+25 1.77E+25 1.64E+25 1.56E+25 1.52E+25 1.07E+25 9.46E+24
  70.00  1.766  4.89E+30 9.71E+29 4.39E+31 2.80E+27 5.57E+27 8.31E+27 1.10E+28 1.36E+28 1.61E+28 1.85E+28 2.07E+28 2.28E+28 2.48E+28 2.67E+28 2.83E+28 2.99E+28 3.13E+28 3.25E+28 3.36E+28 3.46E+28 3.55E+28 3.62E+28 3.69E+28 3.74E+28 3.23E+28 2.97E+28 2.75E+28 2.65E+28 2.56E+28 2.53E+28 2.47E+28 2.45E+28 2.41E+28 2.00E+28 1.76E+28 1.63E+28 1.56E+28 1.50E+28 1.45E+28 1.42E+28 1.10E+28 9.83E+27 9.11E+27 8.72E+27 8.46E+27 7.96E+27 6.20E+27 5.51E+27 5.13E+27 4.88E+27 4.76E+27 3.44E+27 3.08E+27
  80.00  1.888  9.23E+32 1.83E+32 8.50E+33 5.00E+29 9.96E+29 1.48E+30 1.96E+30 2.43E+30 2.88E+30 3.31E+30 3.72E+30 4.10E+30 4.46E+30 4.80E+30 5.11E+30 5.40E+30 5.66E+30 5.89E+30 6.10E+30 6.29E+30 6.46E+30 6.60E+30 6.73E+30 6.84E+30 5.97E+30 5.54E+30 5.17E+30 4.99E+30 4.84E+30 4.80E+30 4.69E+30 4.66E+30 4.58E+30 3.87E+30 3.44E+30 3.20E+30 3.07E+30 2.95E+30 2.87E+30 2.81E+30 2.23E+30 2.00E+30 1.86E+30 1.78E+30 1.73E+30 1.63E+30 1.30E+30 1.16E+30 1.09E+30 1.03E+30 1.01E+30 7.49E+29 6.75E+29
  90.00  2.002  1.29E+35 2.55E+34 1.22E+36 6.66E+31 1.33E+32 1.98E+32 2.62E+32 3.24E+32 3.85E+32 4.42E+32 4.98E+32 5.50E+32 5.99E+32 6.45E+32 6.87E+32 7.27E+32 7.63E+32 7.95E+32 8.25E+32 8.51E+32 8.75E+32 8.95E+32 9.14E+32 9.30E+32 8.20E+32 7.66E+32 7.20E+32 6.97E+32 6.78E+32 6.73E+32 6.59E+32 6.55E+32 6.45E+32 5.52E+32 4.95E+32 4.63E+32 4.45E+32 4.29E+32 4.17E+32 4.09E+32 3.29E+32 2.98E+32 2.78E+32 2.67E+32 2.59E+32 2.45E+32 1.98E+32 1.79E+32 1.67E+32 1.59E+32 1.56E+32 1.18E+32 1.07E+32
 100.00  2.110  1.41E+37 2.77E+36 1.35E+38 6.94E+33 1.38E+34 2.06E+34 2.73E+34 3.38E+34 4.01E+34 4.62E+34 5.20E+34 5.75E+34 6.27E+34 6.75E+34 7.21E+34 7.63E+34 8.01E+34 8.37E+34 8.69E+34 8.97E+34 9.23E+34 9.46E+34 9.67E+34 9.84E+34 8.76E+34 8.23E+34 7.78E+34 7.56E+34 7.37E+34 7.32E+34 7.18E+34 7.15E+34 7.05E+34 6.09E+34 5.50E+34 5.16E+34 4.98E+34 4.80E+34 4.68E+34 4.58E+34 3.74E+34 3.40E+34 3.19E+34 3.07E+34 2.98E+34 2.82E+34 2.32E+34 2.10E+34 1.97E+34 1.88E+34 1.84E+34 1.41E+34 1.29E+34
 110.00  2.213  1.24E+39 2.42E+38 1.21E+40 5.84E+35 1.16E+36 1.74E+36 2.30E+36 2.85E+36 3.38E+36 3.90E+36 4.39E+36 4.86E+36 5.30E+36 5.71E+36 6.10E+36 6.47E+36 6.80E+36 7.11E+36 7.38E+36 7.64E+36 7.86E+36 8.07E+36 8.25E+36 8.41E+36 7.54E+36 7.12E+36 6.76E+36 6.59E+36 6.44E+36 6.40E+36 6.29E+36 6.26E+36 6.18E+36 5.39E+36 4.90E+36 4.62E+36 4.46E+36 4.31E+36 4.20E+36 4.12E+36 3.40E+36 3.11E+36 2.92E+36 2.81E+36 2.74E+36 2.60E+36 2.16E+36 1.96E+36 1.85E+36 1.76E+36 1.72E+36 1.35E+36 1.23E+36
 120.00  2.312  9.02E+40 1.75E+40 8.92E+41 4.08E+37 8.14E+37 1.21E+38 1.61E+38 1.99E+38 2.37E+38 2.73E+38 3.07E+38 3.40E+38 3.72E+38 4.01E+38 4.29E+38 4.55E+38 4.79E+38 5.01E+38 5.21E+38 5.39E+38 5.56E+38 5.70E+38 5.84E+38 5.96E+38 5.38E+38 5.10E+38 4.86E+38 4.75E+38 4.65E+38 4.63E+38 4.55E+38 4.54E+38 4.48E+38 3.94E+38 3.60E+38 3.40E+38 3.29E+38 3.19E+38 3.11E+38 3.05E+38 2.55E+38 2.34E+38 2.20E+38 2.12E+38 2.07E+38 1.97E+38 1.65E+38 1.51E+38 1.42E+38 1.36E+38 1.33E+38 1.05E+38 9.66E+37
 130.00  2.406  5.56E+42 1.08E+42 5.57E+43 2.42E+39 4.83E+39 7.21E+39 9.55E+39 1.18E+40 1.41E+40 1.62E+40 1.83E+40 2.03E+40 2.21E+40 2.39E+40 2.56E+40 2.71E+40 2.86E+40 2.99E+40 3.11E+40 3.23E+40 3.33E+40 3.42E+40 3.50E+40 3.58E+40 3.25E+40 3.09E+40 2.96E+40 2.89E+40 2.84E+40 2.83E+40 2.79E+40 2.78E+40 2.75E+40 2.43E+40 2.23E+40 2.12E+40 2.05E+40 1.99E+40 1.94E+40 1.91E+40 1.61E+40 1.48E+40 1.40E+40 1.35E+40 1.31E+40 1.25E+40 1.06E+40 9.72E+39 9.17E+39 8.78E+39 8.58E+39 6.88E+39 6.34E+39
 140.00  2.497  2.96E+44 5.69E+43 3.00E+45 1.24E+41 2.48E+41 3.70E+41 4.90E+41 6.08E+41 7.22E+41 8.33E+41 9.39E+41 1.04E+42 1.14E+42 1.23E+42 1.32E+42 1.40E+42 1.47E+42 1.54E+42 1.61E+42 1.67E+42 1.72E+42 1.77E+42 1.81E+42 1.85E+42 1.69E+42 1.62E+42 1.55E+42 1.52E+42 1.50E+42 1.49E+42 1.47E+42 1.47E+42 1.45E+42 1.29E+42 1.19E+42 1.13E+42 1.10E+42 1.07E+42 1.04E+42 1.03E+42 8.70E+41 8.05E+41 7.62E+41 7.36E+41 7.17E+41 6.84E+41 5.83E+41 5.37E+41 5.08E+41 4.86E+41 4.76E+41 3.85E+41 3.56E+41
 150.00  2.585  1.38E+46 2.64E+45 1.41E+47 5.58E+42 1.11E+43 1.66E+43 2.20E+43 2.73E+43 3.25E+43 3.75E+43 4.23E+43 4.70E+43 5.14E+43 5.55E+43 5.95E+43 6.32E+43 6.67E+43 6.99E+43 7.28E+43 7.56E+43 7.81E+43 8.03E+43 8.24E+43 8.42E+43 7.73E+43 7.41E+43 7.12E+43 7.00E+43 6.89E+43 6.88E+43 6.79E+43 6.79E+43 6.72E+43 6.01E+43 5.56E+43 5.30E+43 5.15E+43 5.00E+43 4.90E+43 4.81E+43 4.12E+43 3.82E+43 3.62E+43 3.50E+43 3.41E+43 3.26E+43 2.80E+43 2.59E+43 2.45E+43 2.35E+43 2.30E+43 1.88E+43 1.74E+43
 160.00  2.669  5.68E+47 1.08E+47 5.87E+48 2.23E+44 4.45E+44 6.65E+44 8.81E+44 1.09E+45 1.30E+45 1.50E+45 1.69E+45 1.88E+45 2.06E+45 2.23E+45 2.39E+45 2.54E+45 2.68E+45 2.81E+45 2.93E+45 3.04E+45 3.14E+45 3.23E+45 3.32E+45 3.40E+45 3.13E+45 3.01E+45 2.90E+45 2.85E+45 2.81E+45 2.81E+45 2.78E+45 2.78E+45 2.75E+45 2.48E+45 2.30E+45 2.20E+45 2.14E+45 2.08E+45 2.03E+45 2.00E+45 1.72E+45 1.60E+45 1.52E+45 1.47E+45 1.44E+45 1.37E+45 1.19E+45 1.10E+45 1.04E+45 1.00E+45 9.79E+44 8.06E+44 7.49E+44
 170.00  2.752  2.10E+49 3.98E+48 2.19E+50 8.00E+45 1.60E+46 2.39E+46 3.16E+46 3.92E+46 4.67E+46 5.39E+46 6.09E+46 6.76E+46 7.40E+46 8.01E+46 8.59E+46 9.13E+46 9.64E+46 1.01E+47 1.06E+47 1.10E+47 1.13E+47 1.17E+47 1.20E+47 1.23E+47 1.14E+47 1.10E+47 1.06E+47 1.04E+47 1.03E+47 1.03E+47 1.02E+47 1.02E+47 1.01E+47 9.13E+46 8.50E+46 8.14E+46 7.93E+46 7.71E+46 7.56E+46 7.44E+46 6.44E+46 6.01E+46 5.71E+46 5.53E+46 5.40E+46 5.18E+46 4.49E+46 4.17E+46 3.96E+46 3.81E+46 3.73E+46 3.09E+46 2.88E+46
 180.00  2.831  7.04E+50 1.33E+50 7.40E+51 2.60E+47 5.19E+47 7.75E+47 1.03E+48 1.28E+48 1.52E+48 1.75E+48 1.98E+48 2.20E+48 2.41E+48 2.61E+48 2.80E+48 2.98E+48 3.15E+48 3.30E+48 3.45E+48 3.58E+48 3.71E+48 3.82E+48 3.93E+48 4.02E+48 3.74E+48 3.61E+48 3.49E+48 3.45E+48 3.41E+48 3.41E+48 3.38E+48 3.38E+48 3.36E+48 3.04E+48 2.84E+48 2.72E+48 2.66E+48 2.59E+48 2.54E+48 2.50E+48 2.18E+48 2.03E+48 1.94E+48 1.88E+48 1.84E+48 1.76E+48 1.54E+48 1.43E+48 1.36E+48 1.31E+48 1.28E+48 1.07E+48 9.96E+47
 190.00  2.909  2.15E+52 4.03E+51 2.27E+53 7.72E+48 1.54E+49 2.30E+49 3.05E+49 3.79E+49 4.51E+49 5.21E+49 5.89E+49 6.54E+49 7.17E+49 7.76E+49 8.33E+49 8.87E+49 9.37E+49 9.85E+49 1.03E+50 1.07E+50 1.11E+50 1.14E+50 1.17E+50 1.20E+50 1.12E+50 1.08E+50 1.05E+50 1.04E+50 1.03E+50 1.03E+50 1.02E+50 1.02E+50 1.02E+50 9.25E+49 8.65E+49 8.32E+49 8.12E+49 7.91E+49 7.77E+49 7.65E+49 6.69E+49 6.27E+49 5.98E+49 5.80E+49 5.68E+49 5.45E+49 4.78E+49 4.46E+49 4.24E+49 4.08E+49 3.99E+49 3.36E+49 3.14E+49
 200.00  2.984  4.46E+53 8.09E+52 4.62E+54 1.52E+50 3.03E+50 4.53E+50 6.01E+50 7.46E+50 8.88E+50 1.03E+51 1.16E+51 1.29E+51 1.41E+51 1.53E+51 1.64E+51 1.75E+51 1.85E+51 1.94E+51 2.03E+51 2.11E+51 2.19E+51 2.26E+51 2.32E+51 2.38E+51 2.23E+51 2.16E+51 2.10E+51 2.07E+51 2.05E+51 2.06E+51 2.04E+51 2.05E+51 2.03E+51 1.86E+51 1.74E+51 1.68E+51 1.64E+51 1.60E+51 1.57E+51 1.55E+51 1.36E+51 1.27E+51 1.22E+51 1.18E+51 1.16E+51 1.11E+51 9.78E+50 9.14E+50 8.70E+50 8.38E+50 8.21E+50 6.93E+50 6.48E+50
 
