
  62.88 0.2062e+00 0.4342e-06 0.0000e+00 0.2062e+00 0.2062e+00 0.0000e+00      22.1193   0.0000   0.0000  22.1193  22.1193   0.0000
  62.19 0.2507e+01 0.1460e-02 0.0000e+00 0.2508e+01 0.2508e+01 0.0000e+00      42.8653  -0.0023   0.0000  42.8630  42.8630   0.0000
  61.50 0.2661e+01 0.3956e-01 0.0000e+00 0.2701e+01 0.2701e+01 0.0000e+00      39.5650  -0.0626   0.0000  39.5025  39.5025   0.0000
  60.81 0.8057e+00 0.2323e+00 0.0000e+00 0.1038e+01 0.1038e+01 0.0000e+00       6.0078  -1.0631   0.0000   4.9446   4.9446   0.0000
  60.12 0.1402e+01 0.2398e+00 0.0000e+00 0.1642e+01 0.1642e+01 0.0000e+00       4.5362  -0.6762   0.0000   3.8600   3.8600   0.0000
  59.43 0.3259e+01 0.7792e-01 0.0000e+00 0.3337e+01 0.3337e+01 0.0000e+00       5.3670  -0.0732   0.0000   5.2938   5.2938   0.0000
  58.74 0.2945e+01 0.1154e+00 0.0000e+00 0.3061e+01 0.3061e+01 0.0000e+00       5.1434  -0.1108   0.0000   5.0326   5.0326   0.0000
  58.05 0.9694e+00 0.1968e+00 0.0000e+00 0.1166e+01 0.1166e+01 0.0000e+00       5.1495  -0.6278   0.0000   4.5217   4.5217   0.0000
  57.36 0.1206e+01 0.1786e+00 0.0000e+00 0.1385e+01 0.1385e+01 0.0000e+00       7.5299  -0.4782   0.0000   7.0517   7.0517   0.0000
  56.66 0.1133e+01 0.1048e+00 0.0000e+00 0.1238e+01 0.1238e+01 0.0000e+00       6.7211  -0.0326   0.0000   6.6885   6.6885   0.0000
  55.97 0.4954e+00 0.1340e+00 0.0000e+00 0.6294e+00 0.6294e+00 0.0000e+00      -1.9148   0.8099   0.0000  -1.1049  -1.1049   0.0000
  55.28 0.5474e+00 0.1431e+00 0.0000e+00 0.6905e+00 0.6905e+00 0.0000e+00      -6.6388   0.4457   0.0000  -6.1930  -6.1930   0.0000
  54.59 0.6554e+00 0.1011e+00 0.0000e+00 0.7564e+00 0.7564e+00 0.0000e+00      -6.1286  -0.2868   0.0000  -6.4154  -6.4154   0.0000
  53.90 0.7250e+00 0.9899e-01 0.0000e+00 0.8240e+00 0.8240e+00 0.0000e+00      -5.5796  -0.2969   0.0000  -5.8765  -5.8765   0.0000
  53.21 0.7750e+00 0.1121e+00 0.0000e+00 0.8871e+00 0.8871e+00 0.0000e+00      -4.6204  -0.1746   0.0000  -4.7950  -4.7950   0.0000
  52.52 0.8158e+00 0.1124e+00 0.0000e+00 0.9282e+00 0.9282e+00 0.0000e+00      -3.2107  -0.1322   0.0000  -3.3429  -3.3429   0.0000
  51.83 0.8492e+00 0.1063e+00 0.0000e+00 0.9555e+00 0.9555e+00 0.0000e+00      -2.0266  -0.0505   0.0000  -2.0772  -2.0772   0.0000
  51.14 0.8809e+00 0.1128e+00 0.0000e+00 0.9937e+00 0.9937e+00 0.0000e+00      -0.6751   0.0090   0.0000  -0.6662  -0.6662   0.0000
  50.45 0.9055e+00 0.1211e+00 0.0000e+00 0.1027e+01 0.1027e+01 0.0000e+00       0.6234   0.0908   0.0000   0.7142   0.7142   0.0000
  49.75 0.9292e+00 0.1260e+00 0.0000e+00 0.1055e+01 0.1055e+01 0.0000e+00       1.6679   0.1305   0.0000   1.7984   1.7984   0.0000
  49.06 0.9683e+00 0.1369e+00 0.0000e+00 0.1105e+01 0.1105e+01 0.0000e+00       2.2980   0.2092   0.0000   2.5072   2.5072   0.0000
  48.37 0.1033e+01 0.1466e+00 0.0000e+00 0.1180e+01 0.1180e+01 0.0000e+00       2.5712   0.2743   0.0000   2.8455   2.8455   0.0000
  47.68 0.1132e+01 0.1596e+00 0.0000e+00 0.1292e+01 0.1292e+01 0.0000e+00       2.6277   0.3757   0.0000   3.0033   3.0033   0.0000
  46.99 0.1279e+01 0.1726e+00 0.0000e+00 0.1451e+01 0.1451e+01 0.0000e+00       2.5293   0.4342   0.0000   2.9635   2.9635   0.0000
  46.30 0.1499e+01 0.1932e+00 0.0000e+00 0.1692e+01 0.1692e+01 0.0000e+00       2.1791   0.5263   0.0000   2.7055   2.7055   0.0000
  45.61 0.1825e+01 0.2152e+00 0.0000e+00 0.2040e+01 0.2040e+01 0.0000e+00       1.5613   0.5443   0.0000   2.1056   2.1056   0.0000
  44.92 0.2155e+01 0.2563e+00 0.0000e+00 0.2411e+01 0.2411e+01 0.0000e+00       1.1440   0.6231   0.0000   1.7671   1.7671   0.0000
  44.23 0.2182e+01 0.3001e+00 0.0000e+00 0.2482e+01 0.2482e+01 0.0000e+00       1.5056   0.7289   0.0000   2.2345   2.2345   0.0000
  43.53 0.1885e+01 0.3628e+00 0.0000e+00 0.2248e+01 0.2248e+01 0.0000e+00       2.2783   1.0108   0.0000   3.2891   3.2891   0.0000
  42.84 0.1553e+01 0.3865e+00 0.0000e+00 0.1939e+01 0.1939e+01 0.0000e+00       2.6259   1.2547   0.0000   3.8807   3.8807   0.0000
  42.15 0.1292e+01 0.3757e+00 0.0000e+00 0.1668e+01 0.1668e+01 0.0000e+00       2.4026   1.3927   0.0000   3.7953   3.7953   0.0000
  41.46 0.1086e+01 0.3733e+00 0.0000e+00 0.1459e+01 0.1459e+01 0.0000e+00       1.8678   1.4544   0.0000   3.3221   3.3221   0.0000
  40.77 0.9207e+00 0.3646e+00 0.0000e+00 0.1285e+01 0.1285e+01 0.0000e+00       1.2697   1.3270   0.0000   2.5967   2.5967   0.0000
  40.08 0.7869e+00 0.3547e+00 0.0000e+00 0.1142e+01 0.1142e+01 0.0000e+00       0.6933   1.2412   0.0000   1.9346   1.9346   0.0000
  39.39 0.6764e+00 0.3270e+00 0.0000e+00 0.1003e+01 0.1003e+01 0.0000e+00       0.1542   1.0421   0.0000   1.1963   1.1963   0.0000
  38.70 0.5844e+00 0.3090e+00 0.0000e+00 0.8934e+00 0.8934e+00 0.0000e+00      -0.3767   0.9201   0.0000   0.5434   0.5434   0.0000
  38.01 0.5082e+00 0.2833e+00 0.0000e+00 0.7915e+00 0.7915e+00 0.0000e+00      -0.9097   0.6712   0.0000  -0.2384  -0.2384   0.0000
  37.32 0.4461e+00 0.2632e+00 0.0000e+00 0.7094e+00 0.7094e+00 0.0000e+00      -1.4348   0.4375   0.0000  -0.9973  -0.9973   0.0000
  36.62 0.3963e+00 0.2431e+00 0.0000e+00 0.6393e+00 0.6393e+00 0.0000e+00      -1.9511   0.1677   0.0000  -1.7834  -1.7834   0.0000
  35.93 0.3570e+00 0.2298e+00 0.0000e+00 0.5868e+00 0.5868e+00 0.0000e+00      -2.4315   0.0055   0.0000  -2.4259  -2.4259   0.0000
  35.24 0.3269e+00 0.2171e+00 0.0000e+00 0.5440e+00 0.5440e+00 0.0000e+00      -2.8880  -0.1431   0.0000  -3.0311  -3.0311   0.0000
  34.55 0.3038e+00 0.2087e+00 0.0000e+00 0.5124e+00 0.5124e+00 0.0000e+00      -3.2907  -0.1895   0.0000  -3.4802  -3.4802   0.0000
  33.86 0.2853e+00 0.2003e+00 0.0000e+00 0.4856e+00 0.4856e+00 0.0000e+00      -3.6458  -0.2183   0.0000  -3.8641  -3.8641   0.0000
  33.17 0.2690e+00 0.1945e+00 0.0000e+00 0.4635e+00 0.4635e+00 0.0000e+00      -3.9181  -0.1756   0.0000  -4.0937  -4.0937   0.0000
  32.48 0.2528e+00 0.1885e+00 0.0000e+00 0.4413e+00 0.4413e+00 0.0000e+00      -4.1126  -0.1227   0.0000  -4.2353  -4.2353   0.0000
  31.79 0.2353e+00 0.1837e+00 0.0000e+00 0.4189e+00 0.4189e+00 0.0000e+00      -4.2044  -0.0208   0.0000  -4.2252  -4.2252   0.0000
  31.10 0.2161e+00 0.1782e+00 0.0000e+00 0.3942e+00 0.3942e+00 0.0000e+00      -4.2129   0.0892   0.0000  -4.1237  -4.1237   0.0000
  30.41 0.1960e+00 0.1734e+00 0.0000e+00 0.3694e+00 0.3694e+00 0.0000e+00      -4.1427   0.2384   0.0000  -3.9042  -3.9042   0.0000
  29.71 0.1764e+00 0.1679e+00 0.0000e+00 0.3443e+00 0.3443e+00 0.0000e+00      -4.0433   0.4007   0.0000  -3.6426  -3.6426   0.0000
  29.02 0.1586e+00 0.1632e+00 0.0000e+00 0.3218e+00 0.3218e+00 0.0000e+00      -3.9302   0.6036   0.0000  -3.3267  -3.3267   0.0000
  28.33 0.1431e+00 0.1579e+00 0.0000e+00 0.3010e+00 0.3010e+00 0.0000e+00      -3.8461   0.8249   0.0000  -3.0211  -3.0211   0.0000
  27.64 0.1302e+00 0.1534e+00 0.0000e+00 0.2836e+00 0.2836e+00 0.0000e+00      -3.7832   1.0755   0.0000  -2.7077  -2.7077   0.0000
  26.95 0.1197e+00 0.1478e+00 0.0000e+00 0.2675e+00 0.2675e+00 0.0000e+00      -3.7635   1.3028   0.0000  -2.4607  -2.4607   0.0000
  26.26 0.1111e+00 0.1419e+00 0.0000e+00 0.2530e+00 0.2530e+00 0.0000e+00      -3.7648   1.4652   0.0000  -2.2995  -2.2995   0.0000
  25.57 0.1037e+00 0.1336e+00 0.0000e+00 0.2373e+00 0.2373e+00 0.0000e+00      -3.7964   1.4746   0.0000  -2.3218  -2.3218   0.0000
  24.88 0.9669e-01 0.1241e+00 0.0000e+00 0.2208e+00 0.2208e+00 0.0000e+00      -3.8235   1.3370   0.0000  -2.4865  -2.4865   0.0000
  24.19 0.8935e-01 0.1135e+00 0.0000e+00 0.2029e+00 0.2029e+00 0.0000e+00      -3.8307   1.1073   0.0000  -2.7234  -2.7234   0.0000
  23.50 0.8141e-01 0.1033e+00 0.0000e+00 0.1847e+00 0.1847e+00 0.0000e+00      -3.7895   0.8549   0.0000  -2.9346  -2.9346   0.0000
  22.80 0.7302e-01 0.9327e-01 0.0000e+00 0.1663e+00 0.1663e+00 0.0000e+00      -3.7118   0.6119   0.0000  -3.0999  -3.0999   0.0000
  22.11 0.6456e-01 0.8414e-01 0.0000e+00 0.1487e+00 0.1487e+00 0.0000e+00      -3.5985   0.3987   0.0000  -3.1998  -3.1998   0.0000
  21.42 0.5647e-01 0.7540e-01 0.0000e+00 0.1319e+00 0.1319e+00 0.0000e+00      -3.4775   0.2127   0.0000  -3.2649  -3.2649   0.0000
  20.73 0.4901e-01 0.6765e-01 0.0000e+00 0.1167e+00 0.1167e+00 0.0000e+00      -3.3465   0.0513   0.0000  -3.2952  -3.2952   0.0000
  20.04 0.4234e-01 0.6028e-01 0.0000e+00 0.1026e+00 0.1026e+00 0.0000e+00      -3.2331  -0.0938   0.0000  -3.3269  -3.3269   0.0000
  19.35 0.3650e-01 0.5386e-01 0.0000e+00 0.9037e-01 0.9037e-01 0.0000e+00      -3.1314  -0.2259   0.0000  -3.3572  -3.3572   0.0000
  18.66 0.3149e-01 0.4783e-01 0.0000e+00 0.7932e-01 0.7932e-01 0.0000e+00      -3.0677  -0.3503   0.0000  -3.4180  -3.4180   0.0000
  17.97 0.2724e-01 0.4266e-01 0.0000e+00 0.6989e-01 0.6989e-01 0.0000e+00      -3.0221  -0.4638   0.0000  -3.4859  -3.4859   0.0000
  17.28 0.2361e-01 0.3785e-01 0.0000e+00 0.6147e-01 0.6147e-01 0.0000e+00      -3.0001  -0.5715   0.0000  -3.5716  -3.5716   0.0000
  16.58 0.2052e-01 0.3376e-01 0.0000e+00 0.5427e-01 0.5427e-01 0.0000e+00      -2.9648  -0.6665   0.0000  -3.6313  -3.6313   0.0000
  15.89 0.1786e-01 0.2997e-01 0.0000e+00 0.4784e-01 0.4784e-01 0.0000e+00      -2.9200  -0.7547   0.0000  -3.6747  -3.6747   0.0000
  15.20 0.1559e-01 0.2673e-01 0.0000e+00 0.4232e-01 0.4232e-01 0.0000e+00      -2.8468  -0.8299   0.0000  -3.6768  -3.6768   0.0000
  14.51 0.1361e-01 0.2372e-01 0.0000e+00 0.3733e-01 0.3733e-01 0.0000e+00      -2.7659  -0.8978   0.0000  -3.6637  -3.6637   0.0000
  13.82 0.1186e-01 0.2111e-01 0.0000e+00 0.3296e-01 0.3296e-01 0.0000e+00      -2.6663  -0.9570   0.0000  -3.6233  -3.6233   0.0000
  13.13 0.1025e-01 0.1866e-01 0.0000e+00 0.2891e-01 0.2891e-01 0.0000e+00      -2.5613  -1.0148   0.0000  -3.5761  -3.5761   0.0000
  12.44 0.8765e-02 0.1651e-01 0.0000e+00 0.2528e-01 0.2528e-01 0.0000e+00      -2.4371  -1.0724   0.0000  -3.5095  -3.5095   0.0000
  11.75 0.7404e-02 0.1450e-01 0.0000e+00 0.2191e-01 0.2191e-01 0.0000e+00      -2.3118  -1.1373   0.0000  -3.4491  -3.4491   0.0000
  11.06 0.6189e-02 0.1274e-01 0.0000e+00 0.1893e-01 0.1893e-01 0.0000e+00      -2.1872  -1.2082   0.0000  -3.3954  -3.3954   0.0000
  10.37 0.5136e-02 0.1111e-01 0.0000e+00 0.1625e-01 0.1625e-01 0.0000e+00      -2.0943  -1.2938   0.0000  -3.3880  -3.3880   0.0000
   9.67 0.4249e-02 0.9707e-02 0.0000e+00 0.1396e-01 0.1396e-01 0.0000e+00      -2.0360  -1.3863   0.0000  -3.4224  -3.4224   0.0000
   8.98 0.3515e-02 0.8419e-02 0.0000e+00 0.1193e-01 0.1193e-01 0.0000e+00      -2.0368  -1.4964   0.0000  -3.5333  -3.5333   0.0000
   8.29 0.2913e-02 0.7324e-02 0.0000e+00 0.1024e-01 0.1024e-01 0.0000e+00      -2.0916  -1.6073   0.0000  -3.6989  -3.6989   0.0000
   7.60 0.2423e-02 0.6329e-02 0.0000e+00 0.8752e-02 0.8752e-02 0.0000e+00      -2.2200  -1.7294   0.0000  -3.9494  -3.9494   0.0000
   6.91 0.2024e-02 0.5484e-02 0.0000e+00 0.7508e-02 0.7508e-02 0.0000e+00      -2.4077  -1.8386   0.0000  -4.2463  -4.2463   0.0000
   6.22 0.1700e-02 0.4719e-02 0.0000e+00 0.6419e-02 0.6419e-02 0.0000e+00      -2.6588  -1.9463   0.0000  -4.6050  -4.6050   0.0000
   5.53 0.1431e-02 0.4066e-02 0.0000e+00 0.5497e-02 0.5497e-02 0.0000e+00      -2.9312  -2.0310   0.0000  -4.9622  -4.9622   0.0000
   4.84 0.1204e-02 0.3476e-02 0.0000e+00 0.4679e-02 0.4679e-02 0.0000e+00      -3.2035  -2.1095   0.0000  -5.3130  -5.3130   0.0000
   4.15 0.1006e-02 0.2971e-02 0.0000e+00 0.3977e-02 0.3977e-02 0.0000e+00      -3.4206  -2.1701   0.0000  -5.5907  -5.5907   0.0000
   3.46 0.8330e-03 0.2518e-02 0.0000e+00 0.3351e-02 0.3351e-02 0.0000e+00      -3.5784  -2.2324   0.0000  -5.8108  -5.8108   0.0000
   2.76 0.6827e-03 0.2133e-02 0.0000e+00 0.2816e-02 0.2816e-02 0.0000e+00      -3.6428  -2.2855   0.0000  -5.9283  -5.9283   0.0000
   2.07 0.5541e-03 0.1791e-02 0.0000e+00 0.2345e-02 0.2345e-02 0.0000e+00      -3.6224  -2.3522   0.0000  -5.9746  -5.9746   0.0000
   1.38 0.4459e-03 0.1504e-02 0.0000e+00 0.1950e-02 0.1950e-02 0.0000e+00      -3.4817  -2.4089   0.0000  -5.8907  -5.8907   0.0000
   0.69 0.3569e-03 0.1251e-02 0.0000e+00 0.1608e-02 0.1608e-02 0.0000e+00      -3.2464  -2.4907   0.0000  -5.7372  -5.7372   0.0000
