  81 200  81   -1574.407
     0.061     0.000    -0.023     0.000
     0.108     0.000    -0.027     1.360
     0.151     0.000    -0.025     3.396
     0.193     0.000    -0.009     5.847
     0.235     0.000     0.022     8.408
     0.281     0.000     0.033     9.664
     0.329     0.000     0.035    10.097
     0.379     0.000     0.045    10.190
     0.428     0.000     0.059    10.088
     0.482     0.000     0.172     9.102
     0.534     0.000     0.208     8.255
     0.583     0.000     0.268     7.902
     0.632     0.000     0.328     7.805
     0.676     0.000     0.394     8.152
     0.718     0.000     0.451     8.817
     0.757     0.000     0.521     9.863
     0.826    -0.130     0.658    11.812
     0.861    -0.132     0.737    12.927
     0.897    -0.136     0.829    13.734
     0.941    -0.290     0.932    14.304
     0.980    -0.324     1.002    14.247
     1.018    -0.366     1.051    14.718
     1.058    -0.374     1.068    15.768
     1.091    -0.517     1.229    16.251
     1.149    -0.427     1.195    16.883
     1.171    -0.421     1.220    17.383
     1.206    -0.418     1.278    17.907
     1.247    -0.430     1.354    18.112
     1.293    -0.448     1.401    18.521
     1.340    -0.469     1.453    18.932
     1.386    -0.217     1.503    19.529
     1.438     0.000     1.629    18.884
     1.485     0.000     1.722    19.012
     1.536     0.000     1.880    18.883
     1.584     0.000     1.988    18.977
     1.634     0.000     2.152    18.611
     1.678     0.000     2.270    18.640
     1.726     0.000     2.402    18.290
     1.763     0.000     2.571    18.414
     1.808    -0.262     2.618    18.344
     1.846    -0.266     2.714    18.334
     1.884    -0.270     2.805    18.479
     1.921    -0.269     2.896    18.649
     1.965     0.000     3.084    18.915
     2.000     0.000     3.197    18.960
     2.035     0.000     3.307    19.179
     2.080     0.000     3.423    19.390
     2.122     0.000     3.566    19.551
     2.161     0.000     3.761    19.919
     2.211     0.000     3.916    19.763
     2.259     0.000     3.971    20.046
     2.307     0.000     4.270    19.626
     2.360     0.000     4.293    19.601
     2.408     0.000     4.463    19.503
     2.456    -0.077     4.671    19.376
     2.503    -0.085     4.800    19.303
     2.545    -0.074     4.925    19.143
     2.586    -0.065     5.069    18.914
     2.623    -0.060     5.196    18.958
     2.668    -0.060     5.360    19.101
     2.706    -0.061     5.464    18.895
     2.744    -0.103     5.524    19.214
     2.775     0.000     5.710    19.291
     2.811    -0.097     5.713    19.068
     2.853    -0.094     5.847    19.054
     2.887     0.000     6.079    19.358
     2.918     0.000     6.195    19.189
     2.951    -0.093     6.179    19.196
     2.985     0.000     6.397    19.460
     3.021    -0.001     6.567    19.465
     3.053    -0.096     6.575    19.691
     3.079     0.000     6.806    19.450
     3.103     0.002     6.895    19.530
     3.140     0.000     6.990    19.821
     3.169     0.000     7.107    19.897
     3.198     0.000     7.215    20.037
     3.224     0.000     7.320    20.124
     3.262     0.000     7.427    20.373
     3.276     0.000     7.523    20.398
     3.313     0.000     7.633    20.632
     3.260     0.000    12.257     0.000
  81 201 101   -1582.956
    -0.063     0.000    -0.009     0.000
     0.036     0.000    -0.015     0.141
     0.085     0.000    -0.017     1.045
     0.128     0.000    -0.015     3.159
     0.170     0.000    -0.011     5.716
     0.215     0.000    -0.006     8.378
     0.259     0.000     0.024    10.427
     0.307     0.000     0.039    11.618
     0.356     0.000     0.050    11.866
     0.407     0.000     0.064    11.510
     0.458     0.000     0.117    10.947
     0.511     0.000     0.181     9.970
     0.563     0.000     0.231     9.238
     0.609     0.000     0.290     9.258
     0.654     0.000     0.343     9.191
     0.693     0.000     0.406     9.810
     0.730     0.000     0.466    10.551
     0.795    -0.129     0.580    12.495
     0.829    -0.136     0.642    13.358
     0.864    -0.144     0.714    14.255
     0.904    -0.282     0.845    14.909
     0.943    -0.310     0.900    15.353
     0.981    -0.336     0.951    15.921
     1.017    -0.360     1.000    16.252
     1.049    -0.381     1.046    16.696
     1.084    -0.399     1.098    17.124
     1.117    -0.411     1.141    17.883
     1.158    -0.434     1.205    18.239
     1.197    -0.450     1.256    18.755
     1.240    -0.468     1.311    19.418
     1.290    -0.475     1.379    19.945
     1.337    -0.493     1.450    20.357
     1.388    -0.222     1.485    21.181
     1.437     0.000     1.560    20.523
     1.486     0.000     1.704    20.389
     1.533     0.000     1.830    20.428
     1.582     0.000     2.054    20.202
     1.633     0.000     2.214    19.839
     1.681     0.000     2.339    19.614
     1.724     0.000     2.453    19.664
     1.766     0.000     2.566    19.671
     1.811    -0.250     2.610    19.635
     1.849    -0.259     2.688    19.719
     1.889    -0.266     2.774    19.872
     1.928    -0.271     2.867    20.081
     1.967     0.000     3.116    20.306
     2.009     0.000     3.217    20.510
     2.046     0.000     3.342    20.786
     2.088     0.000     3.446    21.017
     2.135     0.000     3.615    21.085
     2.180     0.000     3.854    21.224
     2.223     0.000     3.939    21.254
     2.267     0.000     4.179    21.273
     2.308     0.000     4.254    21.155
     2.356     0.000     4.306    21.195
     2.398     0.000     4.515    21.113
     2.445     0.000     4.634    21.079
     2.490    -0.077     4.789    21.030
     2.532    -0.070     4.928    20.935
     2.577    -0.062     5.094    20.893
     2.621    -0.059     5.252    20.922
     2.667    -0.057     5.406    20.736
     2.714    -0.051     5.527    20.755
     2.759    -0.050     5.631    20.640
     2.801    -0.054     5.731    20.613
     2.839    -0.055     5.848    20.568
     2.882    -0.054     5.992    20.649
     2.923    -0.052     6.130    20.682
     2.960    -0.051     6.264    20.733
     2.995    -0.045     6.406    20.783
     3.026    -0.042     6.536    20.892
     3.063    -0.036     6.694    20.909
     3.090     0.000     6.828    21.229
     3.121     0.000     6.885    21.229
     3.151     0.000     7.012    21.356
     3.178     0.000     7.134    21.411
     3.201     0.000     7.293    21.650
     3.220     0.000     7.373    21.762
     3.234     0.003     7.441    21.642
     3.276     0.000     7.456    21.982
     3.304     0.000     7.581    22.071
     3.328     0.000     7.768    22.247
     3.354     0.000     7.876    22.156
     3.377     0.000     7.976    22.280
     3.398     0.000     8.070    22.378
     3.421     0.000     8.170    22.509
     3.444     0.000     8.287    22.427
     3.488     0.000     8.414    22.661
     3.518     0.000     8.550    22.682
     3.547     0.000     8.678    22.640
     3.574     0.000     8.800    22.734
     3.599     0.000     8.913    22.872
     3.622     0.000     9.018    22.955
     3.642     0.000     9.107    22.982
     3.659     0.000     9.186    23.051
     3.673     0.001     9.250    23.120
     3.682     0.003     9.297    23.184
     3.691     0.004     9.335    23.260
     3.697     0.003     9.364    23.304
     3.701     0.002     9.384    23.295
    10.009     9.999     9.999     0.000
